0.114871 0.115257 0.115358 0.115102 0.114090 0.111764 0.108163 0.103714 0.098811 0.093667 0.088373 0.082963 0.077444 0.071816 0.066073 0.060207 0.054202 0.048042 0.041702 0.035146 0.028326 0.021167 0.013544 0.005799 0.002122 0.000777 0.000284 0.000104 0.000038 0.000014 0.000005 0.000002 0.000001 0.000000 0.000000 0.000000 0.000000 0.000000 0.000000 0.000000 0.000000 0.000000 0.000000 0.000000 0.000000 0.000000 0.000000 0.000000 0.000000 0.000000
0.122270 0.121041 0.119976 0.118873 0.117251 0.114477 0.110529 0.105798 0.100662 0.095324 0.089866 0.084314 0.078673 0.072939 0.067103 0.061153 0.055076 0.048851 0.042454 0.035850 0.028990 0.021800 0.014160 0.006239 0.002284 0.000836 0.000306 0.000112 0.000041 0.000015 0.000005 0.000002 0.000001 0.000000 0.000000 0.000000 0.000000 0.000000 0.000000 0.000000 0.000000 0.000000 0.000000 0.000000 0.000000 0.000000 0.000000 0.000000 0.000000 0.000000
0.117960 0.118881 0.119226 0.119036 0.118019 0.115638 0.111912 0.107276 0.102154 0.096782 0.091263 0.085636 0.079914 0.074097 0.068180 0.062154 0.056004 0.049714 0.043258 0.036603 0.029701 0.022481 0.014826 0.006754 0.002472 0.000905 0.000331 0.000121 0.000044 0.000016 0.000006 0.000002 0.000001 0.000000 0.000000 0.000000 0.000000 0.000000 0.000000 0.000000 0.000000 0.000000 0.000000 0.000000 0.000000 0.000000 0.000000 0.000000 0.000000 0.000000
0.129023 0.126865 0.125097 0.123459 0.121468 0.118432 0.114252 0.109285 0.103917 0.098360 0.092701 0.086967 0.081161 0.075278 0.069308 0.063239 0.057056 0.050741 0.044268 0.037605 0.030707 0.023504 0.015888 0.007711 0.002823 0.001033 0.000378 0.000138 0.000051 0.000019 0.000007 0.000002 0.000001 0.000000 0.000000 0.000000 0.000000 0.000000 0.000000 0.000000 0.000000 0.000000 0.000000 0.000000 0.000000 0.000000 0.000000 0.000000 0.000000 0.000000
0.118966 0.120151 0.120693 0.120664 0.119815 0.117600 0.114003 0.109449 0.104377 0.099038 0.093544 0.087938 0.082235 0.076438 0.070542 0.064540 0.058420 0.052166 0.045756 0.039162 0.032341 0.025233 0.017742 0.009704 0.003591 0.001314 0.000481 0.000176 0.000064 0.000024 0.000009 0.000003 0.000001 0.000000 0.000000 0.000000 0.000000 0.000000 0.000000 0.000000 0.000000 0.000000 0.000000 0.000000 0.000000 0.000000 0.000000 0.000000 0.000000 0.000000
0.128161 0.126636 0.125388 0.124187 0.122583 0.119895 0.116021 0.111321 0.106187 0.100840 0.095372 0.089813 0.084171 0.078443 0.072622 0.066699 0.060663 0.054497 0.048183 0.041695 0.034996 0.028034 0.020730 0.012954 0.005347 0.001957 0.000716 0.000262 0.000096 0.000035 0.000013 0.000005 0.000002 0.000001 0.000000 0.000000 0.000000 0.000000 0.000000 0.000000 0.000000 0.000000 0.000000 0.000000 0.000000 0.000000 0.000000 0.000000 0.000000 0.000000
0.123563 0.124399 0.124781 0.124714 0.123913 0.121799 0.118332 0.113921 0.108999 0.103812 0.098472 0.093020 0.087470 0.081826 0.076084 0.070240 0.064284 0.058204 0.051985 0.045605 0.039036 0.032235 0.025141 0.017657 0.009629 0.003564 0.001305 0.000478 0.000175 0.000064 0.000023 0.000009 0.000003 0.000001 0.000000 0.000000 0.000000 0.000000 0.000000 0.000000 0.000000 0.000000 0.000000 0.000000 0.000000 0.000000 0.000000 0.000000 0.000000 0.000000
0.133333 0.132754 0.132171 0.131436 0.130156 0.127694 0.123984 0.119409 0.114375 0.109110 0.103714 0.098223 0.092648 0.086991 0.081248 0.075414 0.069482 0.063442 0.057279 0.050977 0.044513 0.037853 0.030954 0.023746 0.016119 0.007971 0.002918 0.001068 0.000391 0.000143 0.000052 0.000019 0.000007 0.000003 0.000001 0.000000 0.000000 0.000000 0.000000 0.000000 0.000000 0.000000 0.000000 0.000000 0.000000 0.000000 0.000000 0.000000 0.000000 0.000000
0.140086 0.139824 0.139349 0.138602 0.137254 0.134700 0.130884 0.126196 0.121049 0.115679 0.110189 0.104619 0.098980 0.093275 0.087501 0.081654 0.075726 0.069709 0.063591 0.057358 0.050992 0.044468 0.037753 0.030799 0.023534 0.015845 0.007703 0.002819 0.001032 0.000378 0.000138 0.000051 0.000019 0.000007 0.000002 0.000001 0.000000 0.000000 0.000000 0.000000 0.000000 0.000000 0.000000 0.000000 0.000000 0.000000 0.000000 0.000000 0.000000 0.000000
0.147989 0.147162 0.146271 0.145230 0.143743 0.141167 0.137346 0.132625 0.127431 0.122020 0.116504 0.110924 0.105294 0.099613 0.093879 0.088086 0.082228 0.076296 0.070280 0.064169 0.057948 0.051599 0.045096 0.038407 0.031485 0.024261 0.016627 0.008558 0.003136 0.001148 0.000420 0.000154 0.000056 0.000021 0.000008 0.000003 0.000001 0.000000 0.000000 0.000000 0.000000 0.000000 0.000000 0.000000 0.000000 0.000000 0.000000 0.000000 0.000000 0.000000
0.150144 0.149486 0.148839 0.148101 0.147024 0.144955 0.141610 0.137269 0.132373 0.127216 0.121930 0.116568 0.111146 0.105667 0.100130 0.094532 0.088867 0.083130 0.077314 0.071410 0.065408 0.059294 0.053053 0.046660 0.040087 0.033291 0.026210 0.018751 0.010879 0.004196 0.001536 0.000562 0.000206 0.000075 0.000028 0.000010 0.000004 0.000001 0.000000 0.000000 0.000000 0.000000 0.000000 0.000000 0.000000 0.000000 0.000000 0.000000 0.000000 0.000000
0.147270 0.148363 0.149127 0.149550 0.149486 0.148358 0.145828 0.142143 0.137772 0.133049 0.128139 0.123110 0.117989 0.112788 0.107510 0.102157 0.096727 0.091219 0.085629 0.079954 0.074186 0.068318 0.062338 0.056233 0.049984 0.043566 0.036944 0.030066 0.022859 0.015259 0.007444 0.002725 0.000997 0.000365 0.000134 0.000049 0.000018 0.000007 0.000002 0.000001 0.000000 0.000000 0.000000 0.000000 0.000000 0.000000 0.000000 0.000000 0.000000 0.000000
0.158477 0.158928 0.159257 0.159394 0.159170 0.158004 0.155503 0.151868 0.147553 0.142894 0.138055 0.133106 0.128073 0.122966 0.117788 0.112542 0.107227 0.101840 0.096381 0.090845 0.085230 0.079529 0.073735 0.067841 0.061833 0.055697 0.049412 0.042953 0.036279 0.029337 0.022060 0.014481 0.006847 0.002506 0.000917 0.000336 0.000123 0.000045 0.000016 0.000006 0.000002 0.000001 0.000000 0.000000 0.000000 0.000000 0.000000 0.000000 0.000000 0.000000
0.175575 0.175433 0.175194 0.174816 0.174162 0.172699 0.169972 0.166134 0.161626 0.156792 0.151805 0.146734 0.141603 0.136422 0.131192 0.125911 0.120578 0.115191 0.109747 0.104243 0.098677 0.093043 0.087338 0.081554 0.075684 0.069719 0.063647 0.057452 0.051115 0.044607 0.037891 0.030919 0.023639 0.016113 0.008544 0.003151 0.001154 0.000422 0.000155 0.000057 0.000021 0.000008 0.000003 0.000001 0.000000 0.000000 0.000000 0.000000 0.000000 0.000000
0.192241 0.191574 0.190994 0.190399 0.189639 0.188248 0.185651 0.181883 0.177363 0.172468 0.167401 0.162245 0.157032 0.151773 0.146472 0.141127 0.135740 0.130307 0.124830 0.119304 0.113728 0.108100 0.102416 0.096672 0.090864 0.084985 0.079029 0.072985 0.066843 0.060588 0.054201 0.047656 0.040919 0.033948 0.026706 0.019203 0.011660 0.004773 0.001747 0.000640 0.000234 0.000086 0.000031 0.000011 0.000004 0.000002 0.000001 0.000000 0.000000 0.000000
0.201580 0.202687 0.203373 0.203688 0.203613 0.202884 0.200898 0.197564 0.193268 0.188455 0.183392 0.178200 0.172932 0.167607 0.162236 0.156823 0.151370 0.145878 0.140347 0.134778 0.129170 0.123520 0.117827 0.112090 0.106303 0.100465 0.094570 0.088612 0.082585 0.076480 0.070285 0.063988 0.057571 0.051010 0.044276 0.037331 0.030140 0.022673 0.015085 0.007502 0.002746 0.001005 0.000368 0.000135 0.000049 0.000018 0.000007 0.000002 0.000001 0.000000
0.223994 0.223138 0.222359 0.221577 0.220693 0.219474 0.217275 0.213796 0.209311 0.204273 0.198988 0.193597 0.188156 0.182686 0.177193 0.171679 0.166143 0.160585 0.155002 0.149395 0.143760 0.138097 0.132403 0.126676 0.120914 0.115113 0.109270 0.103381 0.097441 0.091445 0.085385 0.079254 0.073041 0.066733 0.060314 0.053764 0.047055 0.040152 0.033020 0.025621 0.017994 0.010348 0.003988 0.001460 0.000534 0.000196 0.000072 0.000026 0.000010 0.000004
0.236494 0.235721 0.234899 0.234017 0.233025 0.231758 0.229633 0.226256 0.221833 0.216813 0.211527 0.206134 0.200696 0.195236 0.189761 0.184270 0.178764 0.173241 0.167698 0.162135 0.156549 0.150938 0.145301 0.139636 0.133941 0.128213 0.122450 0.116650 0.110808 0.104921 0.098985 0.092993 0.086941 0.080819 0.074618 0.068327 0.061930 0.055408 0.048737 0.041883 0.034807 0.027470 0.019849 0.012130 0.005010 0.001834 0.000671 0.000246 0.000090 0.000033
0.240805 0.240387 0.240005 0.239599 0.239097 0.238347 0.236824 0.234038 0.230116 0.225499 0.220546 0.215440 0.210256 0.205022 0.199751 0.194445 0.189106 0.183736 0.178335 0.172903 0.167439 0.161945 0.156419 0.150861 0.145271 0.139647 0.133988 0.128293 0.122560 0.116786 0.110969 0.105106 0.099191 0.093221 0.087189 0.081088 0.074908 0.068639 0.062267 0.055772 0.049131 0.042312 0.035274 0.027972 0.020361 0.012579 0.005275 0.001931 0.000707 0.000259
0.239368 0.240763 0.241862 0.242671 0.243177 0.243299 0.242643 0.240652 0.237367 0.233225 0.228630 0.223806 0.218854 0.213817 0.208715 0.203558 0.198352 0.193101 0.187808 0.182477 0.177107 0.171702 0.166262 0.160788 0.155280 0.149738 0.144162 0.138551 0.132905 0.127221 0.121499 0.115735 0.109927 0.104073 0.098167 0.092206 0.086182 0.080089 0.073918 0.067658 0.061293 0.054806 0.048172 0.041359 0.034323 0.027011 0.019370 0.011519 0.004578 0.001676
0.251868 0.252787 0.253372 0.253685 0.253743 0.253503 0.252689 0.250672 0.247337 0.243063 0.238294 0.233297 0.228194 0.223031 0.217827 0.212590 0.207323 0.202027 0.196704 0.191353 0.185975 0.180571 0.175139 0.169681 0.164195 0.158682 0.153140 0.147570 0.141969 0.136337 0.130672 0.124973 0.119237 0.113461 0.107643 0.101780 0.095865 0.089895 0.083864 0.077762 0.071581 0.065309 0.058930 0.052425 0.045768 0.038922 0.031841 0.024460 0.016723 0.008771
0.273276 0.270718 0.268727 0.267115 0.265727 0.264403 0.262825 0.260299 0.256584 0.251986 0.246934 0.241698 0.236396 0.231071 0.225735 0.220393 0.215041 0.209679 0.204305 0.198916 0.193511 0.188090 0.182650 0.177190 0.171711 0.166210 0.160687 0.155141 0.149571 0.143975 0.138351 0.132699 0.127016 0.121301 0.115549 0.109760 0.103928 0.098050 0.092121 0.086136 0.080087 0.073966 0.067762 0.061462 0.055048 0.048499 0.041784 0.034862 0.027673 0.020141
0.263218 0.264613 0.265496 0.265987 0.266147 0.265972 0.265266 0.263420 0.260232 0.256040 0.251300 0.246307 0.241196 0.236024 0.230812 0.225571 0.220305 0.215015 0.209703 0.204370 0.199017 0.193642 0.188248 0.182832 0.177397 0.171940 0.166462 0.160962 0.155439 0.149893 0.144322 0.138725 0.133100 0.127446 0.121761 0.116043 0.110287 0.104492 0.098653 0.092766 0.086825 0.080823 0.074754 0.068605 0.062366 0.056021 0.049549 0.042923 0.036105 0.029040
0.266954 0.267186 0.267432 0.267617 0.267679 0.267531 0.266927 0.265228 0.262212 0.258198 0.253635 0.248807 0.243850 0.238819 0.233736 0.228613 0.223454 0.218265 0.213046 0.207799 0.202527 0.197231 0.191911 0.186568 0.181203 0.175815 0.170405 0.164973 0.159519 0.154041 0.148539 0.143012 0.137459 0.131878 0.126269 0.120628 0.114953 0.109242 0.103492 0.097698 0.091856 0.085961 0.080006 0.073984 0.067884 0.061694 0.055400 0.048981 0.042410 0.035650
0.269253 0.269627 0.269829 0.269878 0.269768 0.269450 0.268721 0.266959 0.263903 0.259849 0.255245 0.250387 0.245414 0.240383 0.235315 0.230218 0.225097 0.219953 0.214787 0.209599 0.204390 0.199161 0.193911 0.188640 0.183349 0.178037 0.172704 0.167350 0.161974 0.156575 0.151154 0.145707 0.140236 0.134738 0.129211 0.123655 0.118066 0.112443 0.106782 0.101080 0.095334 0.089538 0.083686 0.077774 0.071791 0.065728 0.059572 0.053308 0.046914 0.040363
0.272557 0.271893 0.271302 0.270750 0.270193 0.269557 0.268653 0.266869 0.263833 0.259776 0.255150 0.250272 0.245295 0.240277 0.235238 0.230186 0.225120 0.220040 0.214945 0.209834 0.204706 0.199561 0.194397 0.189213 0.184011 0.178788 0.173544 0.168278 0.162991 0.157681 0.152346 0.146988 0.141603 0.136191 0.130751 0.125280 0.119777 0.114240 0.108665 0.103050 0.097391 0.091684 0.085924 0.080104 0.074218 0.068257 0.062209 0.056060 0.049792 0.043382
0.264368 0.264217 0.264206 0.264247 0.264266 0.264177 0.263800 0.262545 0.259990 0.256338 0.252046 0.247455 0.242728 0.237935 0.233100 0.228234 0.223340 0.218419 0.213471 0.208499 0.203501 0.198478 0.193430 0.188357 0.183260 0.178138 0.172991 0.167820 0.162623 0.157400 0.152151 0.146874 0.141570 0.136237 0.130873 0.125477 0.120048 0.114583 0.109080 0.103535 0.097946 0.092309 0.086617 0.080867 0.075050 0.069159 0.063182 0.057107 0.050916 0.044587
0.248420 0.251361 0.253642 0.255402 0.256723 0.257632 0.258017 0.257334 0.255234 0.251969 0.248018 0.243722 0.239252 0.234680 0.230039 0.225342 0.220597 0.215809 0.210983 0.206119 0.201221 0.196290 0.191327 0.186334 0.181311 0.176259 0.171179 0.166070 0.160934 0.155768 0.150575 0.145351 0.140098 0.134814 0.129498 0.124149 0.118764 0.113342 0.107880 0.102375 0.096824 0.091223 0.085567 0.079849 0.074063 0.068201 0.062250 0.056198 0.050026 0.043711
0.260057 0.259312 0.258910 0.258700 0.258560 0.258368 0.257892 0.256490 0.253830 0.250166 0.245940 0.241451 0.236838 0.232159 0.227435 0.222674 0.217880 0.213055 0.208199 0.203313 0.198399 0.193456 0.188486 0.183488 0.178463 0.173411 0.168332 0.163226 0.158093 0.152933 0.147744 0.142526 0.137278 0.132000 0.126689 0.121344 0.115963 0.110544 0.105083 0.099578 0.094026 0.088420 0.082756 0.077028 0.071226 0.065342 0.059363 0.053273 0.047051 0.040671
0.256322 0.256921 0.257241 0.257354 0.257290 0.257026 0.256394 0.254794 0.251916 0.248031 0.243589 0.238897 0.234097 0.229247 0.224369 0.219470 0.214552 0.209616 0.204660 0.199685 0.194691 0.189676 0.184640 0.179583 0.174504 0.169402 0.164278 0.159131 0.153958 0.148761 0.143538 0.138287 0.133007 0.127697 0.122354 0.116978 0.111565 0.106112 0.100617 0.095075 0.089481 0.083830 0.078116 0.072331 0.066464 0.060503 0.054433 0.048233 0.041877 0.035326
0.254598 0.253900 0.253411 0.253030 0.252671 0.252237 0.251534 0.249948 0.247090 0.243189 0.238699 0.233944 0.229078 0.224162 0.219218 0.214254 0.209273 0.204275 0.199259 0.194226 0.189174 0.184103 0.179014 0.173904 0.168774 0.163623 0.158451 0.153255 0.148037 0.142793 0.137524 0.132227 0.126901 0.121543 0.116153 0.110726 0.105260 0.099751 0.094195 0.088588 0.082922 0.077191 0.071386 0.065497 0.059509 0.053407 0.047166 0.040759 0.034145 0.027270
0.238506 0.239881 0.240919 0.241672 0.242160 0.242364 0.242142 0.240920 0.238337 0.234647 0.230318 0.225684 0.220907 0.216055 0.211155 0.206220 0.201255 0.196263 0.191246 0.186205 0.181140 0.176053 0.170944 0.165812 0.160658 0.155480 0.150279 0.145053 0.139802 0.134524 0.129218 0.123881 0.118512 0.113108 0.107667 0.102184 0.096656 0.091078 0.085443 0.079746 0.073978 0.068128 0.062185 0.056130 0.049945 0.043603 0.037068 0.030298 0.023244 0.015882
0.231897 0.232330 0.232650 0.232848 0.232901 0.232759 0.232239 0.230733 0.227924 0.224084 0.219667 0.214979 0.210167 0.205291 0.200375 0.195428 0.190455 0.185458 0.180438 0.175395 0.170329 0.165241 0.160130 0.154996 0.149837 0.144654 0.139444 0.134207 0.128942 0.123645 0.118316 0.112950 0.107546 0.102100 0.096608 0.091064 0.085462 0.079797 0.074058 0.068235 0.062315 0.056282 0.050115 0.043788 0.037268 0.030521 0.023512 0.016272 0.008988 0.003368
0.223994 0.223076 0.222331 0.221691 0.221091 0.220440 0.219528 0.217717 0.214672 0.210654 0.206107 0.201329 0.196458 0.191547 0.186616 0.181670 0.176708 0.171730 0.166734 0.161720 0.156684 0.151627 0.146546 0.141439 0.136305 0.131143 0.125950 0.120724 0.115462 0.110161 0.104819 0.099431 0.093992 0.088498 0.082941 0.077314 0.071607 0.065808 0.059903 0.053873 0.047698 0.041348 0.034798 0.028025 0.021010 0.013932 0.006859 0.002511 0.000919 0.000336
0.199569 0.200073 0.200459 0.200736 0.200891 0.200873 0.200496 0.199133 0.196456 0.192745 0.188458 0.183910 0.179245 0.174521 0.169761 0.164971 0.160152 0.155306 0.150430 0.145525 0.140589 0.135620 0.130617 0.125579 0.120503 0.115387 0.110229 0.105026 0.099774 0.094469 0.089105 0.083677 0.078178 0.072598 0.066925 0.061147 0.055246 0.049202 0.042990 0.036586 0.029974 0.023134 0.016224 0.009357 0.003615 0.001323 0.000484 0.000177 0.000065 0.000024
0.174569 0.175880 0.177105 0.178195 0.179105 0.179757 0.179902 0.178877 0.176484 0.173078 0.169114 0.164877 0.160500 0.156034 0.151503 0.146916 0.142277 0.137589 0.132852 0.128067 0.123234 0.118353 0.113423 0.108442 0.103408 0.098318 0.093169 0.087957 0.082675 0.077317 0.071875 0.066337 0.060691 0.054919 0.049001 0.042912 0.036630 0.030141 0.023426 0.016657 0.009941 0.003979 0.001457 0.000533 0.000195 0.000071 0.000026 0.000010 0.000004 0.000001
0.156753 0.158987 0.160757 0.162148 0.163190 0.163829 0.163661 0.162134 0.159345 0.155744 0.151724 0.147495 0.143146 0.138716 0.134219 0.129664 0.125053 0.120387 0.115667 0.110893 0.106064 0.101177 0.096231 0.091222 0.086146 0.080998 0.075771 0.070457 0.065046 0.059525 0.053875 0.048077 0.042105 0.035932 0.029541 0.022918 0.016238 0.009607 0.003805 0.001393 0.000510 0.000187 0.000068 0.000025 0.000009 0.000003 0.000001 0.000000 0.000000 0.000000
0.158190 0.156844 0.155923 0.155257 0.154680 0.153911 0.152258 0.149418 0.145671 0.141442 0.136999 0.132465 0.127883 0.123265 0.118613 0.113926 0.109199 0.104428 0.099610 0.094741 0.089815 0.084827 0.079772 0.074641 0.069427 0.064119 0.058704 0.053165 0.047480 0.041622 0.035559 0.029265 0.022717 0.016062 0.009436 0.003709 0.001358 0.000497 0.000182 0.000067 0.000024 0.000009 0.000003 0.000001 0.000000 0.000000 0.000000 0.000000 0.000000 0.000000
0.137787 0.138935 0.139709 0.140173 0.140293 0.139707 0.137839 0.134752 0.130885 0.126630 0.122195 0.117669 0.113084 0.108451 0.103772 0.099046 0.094269 0.089438 0.084547 0.079591 0.074562 0.069453 0.064254 0.058952 0.053533 0.047977 0.042258 0.036341 0.030188 0.023763 0.017107 0.010424 0.004284 0.001568 0.000574 0.000210 0.000077 0.000028 0.000010 0.000004 0.000001 0.000001 0.000000 0.000000 0.000000 0.000000 0.000000 0.000000 0.000000 0.000000
0.126006 0.126278 0.126634 0.126935 0.126947 0.126016 0.123783 0.120508 0.116638 0.112476 0.108162 0.103752 0.099265 0.094707 0.090080 0.085380 0.080605 0.075749 0.070808 0.065773 0.060635 0.055383 0.050000 0.044465 0.038752 0.032821 0.026623 0.020110 0.013372 0.006572 0.002406 0.000881 0.000322 0.000118 0.000043 0.000016 0.000006 0.000002 0.000001 0.000000 0.000000 0.000000 0.000000 0.000000 0.000000 0.000000 0.000000 0.000000 0.000000 0.000000
0.111638 0.113582 0.115054 0.116047 0.116233 0.115040 0.112530 0.109148 0.105296 0.101193 0.096935 0.092561 0.088087 0.083518 0.078856 0.074098 0.069242 0.064281 0.059207 0.054008 0.048671 0.043175 0.037493 0.031586 0.025401 0.018873 0.012042 0.005313 0.001945 0.000712 0.000261 0.000095 0.000035 0.000013 0.000005 0.000002 0.000001 0.000000 0.000000 0.000000 0.000000 0.000000 0.000000 0.000000 0.000000 0.000000 0.000000 0.000000 0.000000 0.000000
0.115948 0.115602 0.115324 0.114851 0.113501 0.110921 0.107367 0.103268 0.098905 0.094405 0.089813 0.085144 0.080398 0.075570 0.070656 0.065647 0.060534 0.055306 0.049946 0.044437 0.038751 0.032854 0.026694 0.020203 0.013332 0.006292 0.002303 0.000843 0.000309 0.000113 0.000041 0.000015 0.000006 0.000002 0.000001 0.000000 0.000000 0.000000 0.000000 0.000000 0.000000 0.000000 0.000000 0.000000 0.000000 0.000000 0.000000 0.000000 0.000000 0.000000
0.112787 0.113108 0.113091 0.112387 0.110400 0.107169 0.103125 0.098657 0.093976 0.089173 0.084279 0.079305 0.074252 0.069115 0.063887 0.058558 0.053114 0.047538 0.041805 0.035884 0.029732 0.023285 0.016472 0.009345 0.003548 0.001299 0.000475 0.000174 0.000064 0.000023 0.000009 0.000003 0.000001 0.000000 0.000000 0.000000 0.000000 0.000000 0.000000 0.000000 0.000000 0.000000 0.000000 0.000000 0.000000 0.000000 0.000000 0.000000 0.000000 0.000000
0.111782 0.111527 0.110906 0.109359 0.106491 0.102546 0.097977 0.093106 0.088083 0.082969 0.077782 0.072526 0.067195 0.061781 0.056270 0.050647 0.044889 0.038967 0.032842 0.026458 0.019750 0.012701 0.005675 0.002077 0.000760 0.000278 0.000102 0.000037 0.000014 0.000005 0.000002 0.000001 0.000000 0.000000 0.000000 0.000000 0.000000 0.000000 0.000000 0.000000 0.000000 0.000000 0.000000 0.000000 0.000000 0.000000 0.000000 0.000000 0.000000 0.000000
0.107471 0.106110 0.104518 0.101975 0.098285 0.093781 0.088867 0.083776 0.078602 0.073374 0.068091 0.062745 0.057320 0.051797 0.046154 0.040364 0.034389 0.028178 0.021663 0.014799 0.007744 0.002845 0.001041 0.000381 0.000140 0.000051 0.000019 0.000007 0.000003 0.000001 0.000000 0.000000 0.000000 0.000000 0.000000 0.000000 0.000000 0.000000 0.000000 0.000000 0.000000 0.000000 0.000000 0.000000 0.000000 0.000000 0.000000 0.000000 0.000000 0.000000
0.088218 0.088395 0.087808 0.085893 0.082758 0.078843 0.074515 0.069961 0.065257 0.060427 0.055475 0.050392 0.045165 0.039773 0.034187 0.028366 0.022250 0.015748 0.008914 0.003377 0.001236 0.000452 0.000166 0.000061 0.000022 0.000008 0.000003 0.000001 0.000000 0.000000 0.000000 0.000000 0.000000 0.000000 0.000000 0.000000 0.000000 0.000000 0.000000 0.000000 0.000000 0.000000 0.000000 0.000000 0.000000 0.000000 0.000000 0.000000 0.000000 0.000000
0.073707 0.074609 0.074414 0.072780 0.069989 0.066497 0.062608 0.058467 0.054130 0.049615 0.044922 0.040042 0.034958 0.029641 0.024049 0.018119 0.011744 0.005154 0.001886 0.000690 0.000253 0.000093 0.000034 0.000012 0.000005 0.000002 0.000001 0.000000 0.000000 0.000000 0.000000 0.000000 0.000000 0.000000 0.000000 0.000000 0.000000 0.000000 0.000000 0.000000 0.000000 0.000000 0.000000 0.000000 0.000000 0.000000 0.000000 0.000000 0.000000 0.000000
0.074425 0.074453 0.073268 0.070796 0.067422 0.063544 0.059382 0.055030 0.050519 0.045852 0.041020 0.036004 0.030777 0.025303 0.019522 0.013346 0.006634 0.002428 0.000889 0.000325 0.000119 0.000044 0.000016 0.000006 0.000002 0.000001 0.000000 0.000000 0.000000 0.000000 0.000000 0.000000 0.000000 0.000000 0.000000 0.000000 0.000000 0.000000 0.000000 0.000000 0.000000 0.000000 0.000000 0.000000 0.000000 0.000000 0.000000 0.000000 0.000000 0.000000
0.083477 0.082277 0.079929 0.076479 0.072335 0.067841 0.063169 0.058379 0.053486 0.048481 0.043348 0.038064 0.032598 0.026909 0.020937 0.014594 0.007729 0.002836 0.001038 0.000380 0.000139 0.000051 0.000019 0.000007 0.000002 0.000001 0.000000 0.000000 0.000000 0.000000 0.000000 0.000000 0.000000 0.000000 0.000000 0.000000 0.000000 0.000000 0.000000 0.000000 0.000000 0.000000 0.000000 0.000000 0.000000 0.000000 0.000000 0.000000 0.000000 0.000000
0.088937 0.088017 0.085691 0.082197 0.077999 0.073431 0.068657 0.063743 0.058711 0.053561 0.048286 0.042869 0.037288 0.031508 0.025483 0.019140 0.012366 0.005395 0.001975 0.000723 0.000265 0.000097 0.000035 0.000013 0.000005 0.000002 0.000001 0.000000 0.000000 0.000000 0.000000 0.000000 0.000000 0.000000 0.000000 0.000000 0.000000 0.000000 0.000000 0.000000 0.000000 0.000000 0.000000 0.000000 0.000000 0.000000 0.000000 0.000000 0.000000 0.000000
0.096983 0.095230 0.092243 0.088257 0.083702 0.078871 0.073896 0.068826 0.063670 0.058423 0.053076 0.047609 0.042003 0.036228 0.030245 0.023997 0.017398 0.010312 0.004011 0.001468 0.000537 0.000197 0.000072 0.000026 0.000010 0.000004 0.000001 0.000000 0.000000 0.000000 0.000000 0.000000 0.000000 0.000000 0.000000 0.000000 0.000000 0.000000 0.000000 0.000000 0.000000 0.000000 0.000000 0.000000 0.000000 0.000000 0.000000 0.000000 0.000000 0.000000
0.098994 0.097378 0.094450 0.090526 0.086050 0.081304 0.076413 0.071426 0.066353 0.061192 0.055934 0.050565 0.045065 0.039409 0.033565 0.027485 0.021103 0.014312 0.006988 0.002558 0.000936 0.000343 0.000125 0.000046 0.000017 0.000006 0.000002 0.000001 0.000000 0.000000 0.000000 0.000000 0.000000 0.000000 0.000000 0.000000 0.000000 0.000000 0.000000 0.000000 0.000000 0.000000 0.000000 0.000000 0.000000 0.000000 0.000000 0.000000 0.000000 0.000000
0.098132 0.096577 0.093776 0.090038 0.085788 0.081286 0.076644 0.071899 0.067061 0.062125 0.057080 0.051915 0.046612 0.041150 0.035501 0.029625 0.023467 0.016941 0.009906 0.003796 0.001390 0.000509 0.000186 0.000068 0.000025 0.000009 0.000003 0.000001 0.000000 0.000000 0.000000 0.000000 0.000000 0.000000 0.000000 0.000000 0.000000 0.000000 0.000000 0.000000 0.000000 0.000000 0.000000 0.000000 0.000000 0.000000 0.000000 0.000000 0.000000 0.000000
0.095259 0.094451 0.092246 0.089041 0.085264 0.081169 0.076869 0.072410 0.067812 0.063078 0.058208 0.053195 0.048029 0.042694 0.037167 0.031416 0.025394 0.019028 0.012201 0.005225 0.001913 0.000700 0.000256 0.000094 0.000034 0.000013 0.000005 0.000002 0.000001 0.000000 0.000000 0.000000 0.000000 0.000000 0.000000 0.000000 0.000000 0.000000 0.000000 0.000000 0.000000 0.000000 0.000000 0.000000 0.000000 0.000000 0.000000 0.000000 0.000000 0.000000
0.100862 0.099469 0.096746 0.093111 0.088976 0.084573 0.080003 0.075305 0.070494 0.065573 0.060538 0.055381 0.050092 0.044653 0.039042 0.033227 0.027163 0.020784 0.013981 0.006650 0.002434 0.000891 0.000326 0.000119 0.000044 0.000016 0.000006 0.000002 0.000001 0.000000 0.000000 0.000000 0.000000 0.000000 0.000000 0.000000 0.000000 0.000000 0.000000 0.000000 0.000000 0.000000 0.000000 0.000000 0.000000 0.000000 0.000000 0.000000 0.000000 0.000000
0.109770 0.106878 0.102904 0.098239 0.093255 0.088144 0.082980 0.077782 0.072548 0.067269 0.061929 0.056514 0.051004 0.045377 0.039604 0.033651 0.027467 0.020982 0.014084 0.006677 0.002444 0.000895 0.000327 0.000120 0.000044 0.000016 0.000006 0.000002 0.000001 0.000000 0.000000 0.000000 0.000000 0.000000 0.000000 0.000000 0.000000 0.000000 0.000000 0.000000 0.000000 0.000000 0.000000 0.000000 0.000000 0.000000 0.000000 0.000000 0.000000 0.000000
0.105891 0.103158 0.099325 0.094796 0.089941 0.084949 0.079894 0.074794 0.069648 0.064446 0.059175 0.053819 0.048357 0.042768 0.037021 0.031076 0.024880 0.018349 0.011354 0.004622 0.001692 0.000619 0.000227 0.000083 0.000030 0.000011 0.000004 0.000001 0.000001 0.000000 0.000000 0.000000 0.000000 0.000000 0.000000 0.000000 0.000000 0.000000 0.000000 0.000000 0.000000 0.000000 0.000000 0.000000 0.000000 0.000000 0.000000 0.000000 0.000000 0.000000
0.091523 0.090306 0.087733 0.084308 0.080417 0.076258 0.071918 0.067434 0.062819 0.058076 0.053202 0.048187 0.043018 0.037673 0.032124 0.026328 0.020221 0.013705 0.006659 0.002437 0.000892 0.000327 0.000120 0.000044 0.000016 0.000006 0.000002 0.000001 0.000000 0.000000 0.000000 0.000000 0.000000 0.000000 0.000000 0.000000 0.000000 0.000000 0.000000 0.000000 0.000000 0.000000 0.000000 0.000000 0.000000 0.000000 0.000000 0.000000 0.000000 0.000000
0.087356 0.085130 0.082025 0.078422 0.074562 0.070549 0.066413 0.062159 0.057783 0.053275 0.048624 0.043816 0.038832 0.033648 0.028231 0.022531 0.016474 0.009938 0.003909 0.001431 0.000524 0.000192 0.000070 0.000026 0.000009 0.000003 0.000001 0.000000 0.000000 0.000000 0.000000 0.000000 0.000000 0.000000 0.000000 0.000000 0.000000 0.000000 0.000000 0.000000 0.000000 0.000000 0.000000 0.000000 0.000000 0.000000 0.000000 0.000000 0.000000 0.000000
0.085057 0.083543 0.080923 0.077662 0.074031 0.070159 0.066103 0.061890 0.057528 0.053019 0.048359 0.043538 0.038540 0.033342 0.027911 0.022197 0.016125 0.009570 0.003707 0.001357 0.000497 0.000182 0.000067 0.000024 0.000009 0.000003 0.000001 0.000000 0.000000 0.000000 0.000000 0.000000 0.000000 0.000000 0.000000 0.000000 0.000000 0.000000 0.000000 0.000000 0.000000 0.000000 0.000000 0.000000 0.000000 0.000000 0.000000 0.000000 0.000000 0.000000
0.096983 0.093535 0.089443 0.085046 0.080523 0.075939 0.071305 0.066617 0.061860 0.057022 0.052086 0.047034 0.041846 0.036495 0.030946 0.025154 0.019049 0.012524 0.005642 0.002065 0.000756 0.000277 0.000101 0.000037 0.000014 0.000005 0.000002 0.000001 0.000000 0.000000 0.000000 0.000000 0.000000 0.000000 0.000000 0.000000 0.000000 0.000000 0.000000 0.000000 0.000000 0.000000 0.000000 0.000000 0.000000 0.000000 0.000000 0.000000 0.000000 0.000000
0.100431 0.097609 0.093857 0.089614 0.085128 0.080511 0.075803 0.071020 0.066161 0.061220 0.056189 0.051053 0.045796 0.040395 0.034821 0.029035 0.022979 0.016568 0.009664 0.003702 0.001355 0.000496 0.000182 0.000066 0.000024 0.000009 0.000003 0.000001 0.000000 0.000000 0.000000 0.000000 0.000000 0.000000 0.000000 0.000000 0.000000 0.000000 0.000000 0.000000 0.000000 0.000000 0.000000 0.000000 0.000000 0.000000 0.000000 0.000000 0.000000 0.000000
0.102730 0.099633 0.095765 0.091501 0.087055 0.082514 0.077902 0.073221 0.068466 0.063627 0.058695 0.053655 0.048494 0.043191 0.037723 0.032055 0.026143 0.019916 0.013268 0.006168 0.002258 0.000826 0.000302 0.000111 0.000041 0.000015 0.000005 0.000002 0.000001 0.000000 0.000000 0.000000 0.000000 0.000000 0.000000 0.000000 0.000000 0.000000 0.000000 0.000000 0.000000 0.000000 0.000000 0.000000 0.000000 0.000000 0.000000 0.000000 0.000000 0.000000
0.098276 0.096600 0.093773 0.090283 0.086427 0.082346 0.078103 0.073726 0.069227 0.064609 0.059872 0.055009 0.050012 0.044867 0.039554 0.034046 0.028305 0.022274 0.015866 0.008935 0.003344 0.001224 0.000448 0.000164 0.000060 0.000022 0.000008 0.000003 0.000001 0.000000 0.000000 0.000000 0.000000 0.000000 0.000000 0.000000 0.000000 0.000000 0.000000 0.000000 0.000000 0.000000 0.000000 0.000000 0.000000 0.000000 0.000000 0.000000 0.000000 0.000000
0.102730 0.099941 0.096341 0.092321 0.088109 0.083799 0.079416 0.074963 0.070433 0.065820 0.061111 0.056297 0.051364 0.046298 0.041077 0.035677 0.030062 0.024182 0.017963 0.011283 0.004674 0.001711 0.000626 0.000229 0.000084 0.000031 0.000011 0.000004 0.000002 0.000001 0.000000 0.000000 0.000000 0.000000 0.000000 0.000000 0.000000 0.000000 0.000000 0.000000 0.000000 0.000000 0.000000 0.000000 0.000000 0.000000 0.000000 0.000000 0.000000 0.000000
0.102155 0.099817 0.096564 0.092818 0.088811 0.084648 0.080373 0.076003 0.071542 0.066991 0.062344 0.057595 0.052732 0.047744 0.042611 0.037312 0.031814 0.026075 0.020030 0.013578 0.006592 0.002413 0.000883 0.000323 0.000118 0.000043 0.000016 0.000006 0.000002 0.000001 0.000000 0.000000 0.000000 0.000000 0.000000 0.000000 0.000000 0.000000 0.000000 0.000000 0.000000 0.000000 0.000000 0.000000 0.000000 0.000000 0.000000 0.000000 0.000000 0.000000
0.104885 0.101891 0.098218 0.094215 0.090066 0.085838 0.081551 0.077205 0.072795 0.068312 0.063747 0.059091 0.054330 0.049452 0.044439 0.039272 0.033921 0.028349 0.022502 0.016300 0.009608 0.003705 0.001356 0.000496 0.000182 0.000067 0.000024 0.000009 0.000003 0.000001 0.000000 0.000000 0.000000 0.000000 0.000000 0.000000 0.000000 0.000000 0.000000 0.000000 0.000000 0.000000 0.000000 0.000000 0.000000 0.000000 0.000000 0.000000 0.000000 0.000000
0.103161 0.100909 0.097826 0.094300 0.090546 0.086654 0.082659 0.078570 0.074388 0.070113 0.065738 0.061259 0.056668 0.051955 0.047107 0.042108 0.036936 0.031560 0.025940 0.020012 0.013680 0.006816 0.002495 0.000913 0.000334 0.000122 0.000045 0.000016 0.000006 0.000002 0.000001 0.000000 0.000000 0.000000 0.000000 0.000000 0.000000 0.000000 0.000000 0.000000 0.000000 0.000000 0.000000 0.000000 0.000000 0.000000 0.000000 0.000000 0.000000 0.000000
0.103879 0.102550 0.100095 0.096995 0.093543 0.089877 0.086058 0.082114 0.078056 0.073890 0.069617 0.065236 0.060742 0.056130 0.051391 0.046512 0.041476 0.036261 0.030836 0.025155 0.019152 0.012720 0.005903 0.002161 0.000791 0.000289 0.000106 0.000039 0.000014 0.000005 0.000002 0.000001 0.000000 0.000000 0.000000 0.000000 0.000000 0.000000 0.000000 0.000000 0.000000 0.000000 0.000000 0.000000 0.000000 0.000000 0.000000 0.000000 0.000000 0.000000
0.115230 0.112455 0.108940 0.105054 0.101016 0.096911 0.092762 0.088568 0.084321 0.080013 0.075636 0.071183 0.066645 0.062014 0.057280 0.052433 0.047457 0.042334 0.037040 0.031544 0.025799 0.019738 0.013257 0.006378 0.002335 0.000855 0.000313 0.000114 0.000042 0.000015 0.000006 0.000002 0.000001 0.000000 0.000000 0.000000 0.000000 0.000000 0.000000 0.000000 0.000000 0.000000 0.000000 0.000000 0.000000 0.000000 0.000000 0.000000 0.000000 0.000000
0.118966 0.117312 0.114526 0.111107 0.107350 0.103398 0.099317 0.095140 0.090882 0.086550 0.082146 0.077670 0.073119 0.068489 0.063772 0.058960 0.054042 0.049005 0.043831 0.038496 0.032970 0.027207 0.021145 0.014688 0.007822 0.002882 0.001055 0.000386 0.000141 0.000052 0.000019 0.000007 0.000003 0.000001 0.000000 0.000000 0.000000 0.000000 0.000000 0.000000 0.000000 0.000000 0.000000 0.000000 0.000000 0.000000 0.000000 0.000000 0.000000 0.000000
0.130747 0.127210 0.123132 0.118833 0.114483 0.110138 0.105806 0.101474 0.097130 0.092762 0.088357 0.083907 0.079403 0.074836 0.070199 0.065482 0.060676 0.055770 0.050749 0.045597 0.040292 0.034804 0.029094 0.023104 0.016750 0.009985 0.003942 0.001443 0.000528 0.000193 0.000071 0.000026 0.000009 0.000003 0.000001 0.000000 0.000000 0.000000 0.000000 0.000000 0.000000 0.000000 0.000000 0.000000 0.000000 0.000000 0.000000 0.000000 0.000000 0.000000
0.127874 0.126551 0.124088 0.120983 0.117536 0.113892 0.110114 0.106232 0.102260 0.098206 0.094073 0.089862 0.085573 0.081204 0.076754 0.072217 0.067589 0.062863 0.058031 0.053082 0.048002 0.042771 0.037367 0.031753 0.025882 0.019682 0.013081 0.006236 0.002282 0.000835 0.000306 0.000112 0.000041 0.000015 0.000005 0.000002 0.000001 0.000000 0.000000 0.000000 0.000000 0.000000 0.000000 0.000000 0.000000 0.000000 0.000000 0.000000 0.000000 0.000000
0.135489 0.133640 0.130930 0.127745 0.124319 0.120753 0.117083 0.113322 0.109473 0.105540 0.101522 0.097422 0.093240 0.088974 0.084626 0.080194 0.075674 0.071063 0.066357 0.061548 0.056627 0.051582 0.046399 0.041056 0.035524 0.029764 0.023719 0.017315 0.010573 0.004317 0.001580 0.000578 0.000212 0.000077 0.000028 0.000010 0.000004 0.000001 0.000001 0.000000 0.000000 0.000000 0.000000 0.000000 0.000000 0.000000 0.000000 0.000000 0.000000 0.000000
0.145546 0.144215 0.141721 0.138570 0.135068 0.131363 0.127526 0.123589 0.119570 0.115479 0.111321 0.107100 0.102815 0.098469 0.094059 0.089584 0.085042 0.080429 0.075741 0.070973 0.066117 0.061165 0.056106 0.050926 0.045607 0.040127 0.034451 0.028536 0.022321 0.015743 0.008918 0.003385 0.001239 0.000454 0.000166 0.000061 0.000022 0.000008 0.000003 0.000001 0.000000 0.000000 0.000000 0.000000 0.000000 0.000000 0.000000 0.000000 0.000000 0.000000
0.165661 0.161733 0.157314 0.152724 0.148134 0.143597 0.139115 0.134675 0.130260 0.125854 0.121446 0.117026 0.112584 0.108116 0.103613 0.099072 0.094486 0.089851 0.085161 0.080411 0.075594 0.070703 0.065730 0.060665 0.055495 0.050204 0.044774 0.039177 0.033378 0.027328 0.020965 0.014248 0.007333 0.002688 0.000984 0.000360 0.000132 0.000048 0.000018 0.000006 0.000002 0.000001 0.000000 0.000000 0.000000 0.000000 0.000000 0.000000 0.000000 0.000000
0.165517 0.163659 0.160752 0.157278 0.153517 0.149599 0.145586 0.141505 0.137371 0.133190 0.128965 0.124698 0.120386 0.116031 0.111631 0.107183 0.102685 0.098136 0.093531 0.088869 0.084144 0.079353 0.074489 0.069546 0.064516 0.059388 0.054149 0.048784 0.043271 0.037581 0.031675 0.025500 0.018991 0.012138 0.005351 0.001959 0.000717 0.000262 0.000096 0.000035 0.000013 0.000005 0.000002 0.000001 0.000000 0.000000 0.000000 0.000000 0.000000 0.000000
0.170546 0.168073 0.164949 0.161504 0.157916 0.154249 0.150520 0.146730 0.142877 0.138958 0.134973 0.130922 0.126806 0.122625 0.118381 0.114075 0.109707 0.105277 0.100785 0.096230 0.091610 0.086924 0.082168 0.077338 0.072429 0.067434 0.062346 0.057152 0.051841 0.046394 0.040787 0.034988 0.028952 0.022619 0.015913 0.008894 0.003345 0.001224 0.000448 0.000164 0.000060 0.000022 0.000008 0.000003 0.000001 0.000000 0.000000 0.000000 0.000000 0.000000
0.171264 0.170651 0.168807 0.166237 0.163236 0.159957 0.156482 0.152856 0.149108 0.145256 0.141314 0.137292 0.133197 0.129033 0.124804 0.120514 0.116164 0.111755 0.107288 0.102762 0.098177 0.093532 0.088824 0.084051 0.079208 0.074291 0.069294 0.064209 0.059026 0.053733 0.048313 0.042747 0.037005 0.031048 0.024821 0.018246 0.011264 0.004645 0.001700 0.000622 0.000228 0.000083 0.000031 0.000011 0.000004 0.000001 0.000001 0.000000 0.000000 0.000000
0.190805 0.187138 0.182906 0.178457 0.173987 0.169565 0.165196 0.160868 0.156564 0.152270 0.147973 0.143664 0.139337 0.134985 0.130605 0.126193 0.121746 0.117261 0.112736 0.108170 0.103558 0.098899 0.094190 0.089427 0.084607 0.079726 0.074776 0.069754 0.064649 0.059453 0.054153 0.048734 0.043176 0.037451 0.031523 0.025338 0.018819 0.011866 0.005023 0.001839 0.000673 0.000246 0.000090 0.000033 0.000012 0.000004 0.000002 0.000001 0.000000 0.000000
0.190517 0.188135 0.184796 0.180960 0.176900 0.172742 0.168537 0.164305 0.160052 0.155780 0.151489 0.147176 0.142839 0.138477 0.134087 0.129668 0.125218 0.120733 0.116214 0.111657 0.107061 0.102422 0.097739 0.093008 0.088226 0.083389 0.078492 0.073530 0.068496 0.063382 0.058177 0.052871 0.047446 0.041883 0.036154 0.030221 0.024030 0.017497 0.010504 0.004146 0.001518 0.000556 0.000203 0.000074 0.000027 0.000010 0.000004 0.000001 0.000000 0.000000
0.186638 0.184804 0.182014 0.178704 0.175132 0.171414 0.167599 0.163711 0.159760 0.155751 0.151690 0.147578 0.143420 0.139215 0.134965 0.130672 0.126336 0.121956 0.117533 0.113066 0.108554 0.103997 0.099392 0.094738 0.090032 0.085271 0.080452 0.075569 0.070618 0.065592 0.060483 0.055280 0.049970 0.044538 0.038960 0.033209 0.027242 0.020998 0.014382 0.007257 0.002656 0.000972 0.000356 0.000130 0.000048 0.000017 0.000006 0.000002 0.000001 0.000000
0.185201 0.183090 0.180186 0.176874 0.173362 0.169743 0.166049 0.162293 0.158481 0.154615 0.150695 0.146722 0.142697 0.138622 0.134497 0.130322 0.126098 0.121825 0.117505 0.113136 0.108718 0.104251 0.099733 0.095164 0.090541 0.085861 0.081123 0.076321 0.071453 0.066511 0.061489 0.056378 0.051167 0.045843 0.040387 0.034776 0.028975 0.022938 0.016592 0.009814 0.003804 0.001392 0.000510 0.000187 0.000068 0.000025 0.000009 0.000003 0.000001 0.000000
0.184626 0.182487 0.179532 0.176163 0.172606 0.168956 0.165247 0.161491 0.157689 0.153841 0.149947 0.146007 0.142020 0.137985 0.133904 0.129775 0.125599 0.121376 0.117106 0.112789 0.108423 0.104008 0.099544 0.095028 0.090460 0.085835 0.081153 0.076410 0.071600 0.066720 0.061763 0.056721 0.051584 0.046342 0.040978 0.035472 0.029798 0.023919 0.017780 0.011294 0.004804 0.001758 0.000644 0.000236 0.000086 0.000032 0.000012 0.000004 0.000002 0.000001
0.183333 0.181720 0.179095 0.175914 0.172458 0.168855 0.165161 0.161399 0.157581 0.153711 0.149793 0.145829 0.141820 0.137768 0.133672 0.129533 0.125351 0.121126 0.116857 0.112545 0.108188 0.103785 0.099335 0.094837 0.090288 0.085687 0.081030 0.076315 0.071536 0.066690 0.061770 0.056770 0.051680 0.046492 0.041191 0.035762 0.030184 0.024432 0.018470 0.012254 0.005785 0.002118 0.000775 0.000284 0.000104 0.000038 0.000014 0.000005 0.000002 0.000001
0.186063 0.183918 0.180857 0.177318 0.173570 0.169732 0.165849 0.161936 0.157995 0.154025 0.150026 0.145996 0.141933 0.137835 0.133703 0.129534 0.125328 0.121084 0.116801 0.112478 0.108113 0.103705 0.099254 0.094756 0.090210 0.085614 0.080964 0.076258 0.071491 0.066660 0.061758 0.056779 0.051715 0.046559 0.041298 0.035922 0.030415 0.024766 0.018963 0.013023 0.007054 0.002637 0.000965 0.000353 0.000129 0.000047 0.000017 0.000006 0.000002 0.000001
0.185920 0.183694 0.180602 0.177065 0.173335 0.169522 0.165666 0.161779 0.157863 0.153916 0.149938 0.145926 0.141880 0.137796 0.133676 0.129517 0.125320 0.121082 0.116805 0.112486 0.108124 0.103719 0.099270 0.094774 0.090229 0.085635 0.080987 0.076282 0.071518 0.066690 0.061793 0.056822 0.051768 0.046626 0.041386 0.036039 0.030578 0.025001 0.019328 0.013650 0.008358 0.004139 0.001545 0.000565 0.000207 0.000076 0.000028 0.000010 0.000004 0.000001
0.182615 0.181053 0.178499 0.175404 0.172034 0.168510 0.164886 0.161186 0.157420 0.153595 0.149715 0.145782 0.141798 0.137765 0.133684 0.129556 0.125382 0.121162 0.116896 0.112585 0.108227 0.103823 0.099372 0.094872 0.090323 0.085721 0.081065 0.076352 0.071579 0.066742 0.061835 0.056855 0.051794 0.046645 0.041401 0.036056 0.030605 0.025054 0.019443 0.013928 0.009086 0.005441 0.002779 0.001041 0.000381 0.000139 0.000051 0.000019 0.000007 0.000003
0.184770 0.182623 0.179686 0.176343 0.172811 0.169182 0.165486 0.161735 0.157931 0.154075 0.150168 0.146210 0.142201 0.138144 0.134038 0.129884 0.125683 0.121436 0.117143 0.112804 0.108418 0.103986 0.099506 0.094978 0.090399 0.085769 0.081084 0.076343 0.071541 0.066674 0.061739 0.056729 0.051638 0.046458 0.041183 0.035805 0.030320 0.024734 0.019089 0.013549 0.008711 0.005078 0.002443 0.000897 0.000328 0.000120 0.000044 0.000016 0.000006 0.000002
0.185776 0.183964 0.181182 0.177881 0.174315 0.170604 0.166800 0.162928 0.158999 0.155019 0.150993 0.146922 0.142809 0.138654 0.134457 0.130219 0.125940 0.121620 0.117258 0.112855 0.108409 0.103920 0.099386 0.094806 0.090178 0.085500 0.080768 0.075981 0.071134 0.066222 0.061241 0.056184 0.051044 0.045813 0.040482 0.035041 0.029483 0.023806 0.018038 0.012299 0.007091 0.003101 0.001135 0.000415 0.000152 0.000056 0.000020 0.000007 0.000003 0.000001
0.191236 0.188045 0.184238 0.180169 0.176023 0.171866 0.167716 0.163568 0.159417 0.155254 0.151075 0.146873 0.142646 0.138390 0.134104 0.129786 0.125434 0.121047 0.116624 0.112162 0.107662 0.103122 0.098539 0.093911 0.089237 0.084514 0.079738 0.074906 0.070013 0.065055 0.060025 0.054917 0.049721 0.044429 0.039028 0.033506 0.027848 0.022043 0.016095 0.010066 0.004430 0.001621 0.000594 0.000217 0.000080 0.000029 0.000011 0.000004 0.000001 0.000001
0.185489 0.183300 0.180264 0.176780 0.173072 0.169240 0.165326 0.161350 0.157321 0.153245 0.149126 0.144965 0.140763 0.136523 0.132245 0.127929 0.123574 0.119181 0.114749 0.110276 0.105763 0.101208 0.096608 0.091962 0.087268 0.082522 0.077722 0.072862 0.067938 0.062945 0.057876 0.052722 0.047473 0.042118 0.036642 0.031026 0.025250 0.019289 0.013120 0.006771 0.002485 0.000910 0.000333 0.000122 0.000045 0.000016 0.000006 0.000002 0.000001 0.000000
0.180891 0.179121 0.176339 0.173013 0.169409 0.165653 0.161800 0.157877 0.153898 0.149869 0.145795 0.141678 0.137519 0.133318 0.129077 0.124795 0.120471 0.116106 0.111698 0.107247 0.102751 0.098209 0.093619 0.088979 0.084285 0.079536 0.074728 0.069855 0.064912 0.059893 0.054791 0.049594 0.044293 0.038871 0.033310 0.027586 0.021668 0.015513 0.009074 0.003525 0.001290 0.000472 0.000173 0.000063 0.000023 0.000008 0.000003 0.000001 0.000000 0.000000
0.181897 0.178307 0.174289 0.170132 0.165985 0.161886 0.157830 0.153797 0.149770 0.145734 0.141678 0.137594 0.133476 0.129320 0.125124 0.120885 0.116602 0.112273 0.107897 0.103474 0.099001 0.094477 0.089900 0.085267 0.080577 0.075825 0.071007 0.066118 0.061153 0.056104 0.050961 0.045713 0.040345 0.034840 0.029172 0.023310 0.017205 0.010792 0.004554 0.001667 0.000610 0.000223 0.000082 0.000030 0.000011 0.000004 0.000001 0.000001 0.000000 0.000000
0.165661 0.165421 0.163828 0.161433 0.158564 0.155393 0.152011 0.148469 0.144800 0.141027 0.137163 0.133220 0.129206 0.125127 0.120985 0.116786 0.112530 0.108220 0.103855 0.099435 0.094961 0.090431 0.085844 0.081197 0.076488 0.071712 0.066865 0.061941 0.056934 0.051834 0.046630 0.041308 0.035850 0.030231 0.024419 0.018367 0.012003 0.005466 0.002001 0.000732 0.000268 0.000098 0.000036 0.000013 0.000005 0.000002 0.000001 0.000000 0.000000 0.000000
0.172126 0.169206 0.165674 0.161867 0.157962 0.154021 0.150061 0.146080 0.142072 0.138033 0.133958 0.129844 0.125690 0.121494 0.117254 0.112970 0.108641 0.104265 0.099842 0.095369 0.090845 0.086269 0.081636 0.076944 0.072188 0.067365 0.062467 0.057488 0.052419 0.047249 0.041964 0.036546 0.030970 0.025205 0.019203 0.012893 0.006262 0.002292 0.000839 0.000307 0.000112 0.000041 0.000015 0.000006 0.000002 0.000001 0.000000 0.000000 0.000000 0.000000
0.170402 0.167270 0.163499 0.159449 0.155303 0.151132 0.146958 0.142782 0.138600 0.134407 0.130198 0.125968 0.121713 0.117431 0.113117 0.108769 0.104384 0.099960 0.095494 0.090983 0.086424 0.081814 0.077149 0.072424 0.067634 0.062774 0.057835 0.052809 0.047684 0.042447 0.037080 0.031560 0.025854 0.019917 0.013678 0.007073 0.002592 0.000949 0.000347 0.000127 0.000047 0.000017 0.000006 0.000002 0.000001 0.000000 0.000000 0.000000 0.000000 0.000000
0.159914 0.158039 0.155209 0.151866 0.148257 0.144501 0.140651 0.136732 0.132758 0.128736 0.124671 0.120563 0.116415 0.112226 0.107995 0.103721 0.099403 0.095038 0.090626 0.086163 0.081645 0.077071 0.072435 0.067734 0.062960 0.058107 0.053167 0.048129 0.042980 0.037702 0.032275 0.026667 0.020835 0.014715 0.008208 0.003071 0.001124 0.000411 0.000151 0.000055 0.000020 0.000007 0.000003 0.000001 0.000000 0.000000 0.000000 0.000000 0.000000 0.000000
0.154741 0.152101 0.148803 0.145206 0.141504 0.137769 0.134018 0.130249 0.126453 0.122624 0.118756 0.114844 0.110885 0.106875 0.102814 0.098697 0.094525 0.090296 0.086006 0.081654 0.077238 0.072753 0.068196 0.063563 0.058847 0.054040 0.049135 0.044118 0.038975 0.033686 0.028224 0.022552 0.016615 0.010321 0.004237 0.001551 0.000568 0.000208 0.000076 0.000028 0.000010 0.000004 0.000001 0.000000 0.000000 0.000000 0.000000 0.000000 0.000000 0.000000
0.142888 0.141978 0.140010 0.137446 0.134562 0.131487 0.128278 0.124962 0.121549 0.118049 0.114465 0.110802 0.107062 0.103246 0.099358 0.095396 0.091362 0.087256 0.083078 0.078826 0.074498 0.070093 0.065606 0.061034 0.056370 0.051607 0.046735 0.041743 0.036614 0.031327 0.025851 0.020145 0.014142 0.007731 0.002862 0.001047 0.000383 0.000140 0.000051 0.000019 0.000007 0.000003 0.000001 0.000000 0.000000 0.000000 0.000000 0.000000 0.000000 0.000000
