0.078740 0.085524 0.092835 0.100692 0.109091 0.118012 0.127468 0.137490 0.148104 0.159318 0.171133 0.183540 0.196532 0.210099 0.224230 0.238919 0.254161 0.269955 0.286309 0.303239 0.320781 0.338993 0.357988 0.377975 0.398966 0.420598 0.442641 0.464989 0.487589 0.510410 0.533432 0.556638 0.580015 0.603549 0.627229 0.651045 0.674986 0.699043 0.723208 0.747474 0.771831 0.796275 0.820799 0.845396 0.870061 0.894790 0.919576 0.944417 0.969307 0.994243
0.084514 0.090439 0.097112 0.104503 0.112566 0.121251 0.130545 0.140459 0.151005 0.162180 0.173975 0.186378 0.199374 0.212949 0.227092 0.241792 0.257043 0.272844 0.289202 0.306131 0.323665 0.341863 0.360831 0.380775 0.401743 0.423369 0.445413 0.467762 0.490360 0.513178 0.536193 0.559392 0.582758 0.606281 0.629948 0.653750 0.677676 0.701718 0.725867 0.750116 0.774457 0.798884 0.823391 0.847971 0.872620 0.897331 0.922101 0.946925 0.971799 0.996719
0.081496 0.089127 0.097141 0.105591 0.114497 0.123857 0.133694 0.144047 0.154950 0.166418 0.178455 0.191057 0.204219 0.217931 0.232187 0.246979 0.262305 0.278164 0.294565 0.311523 0.329072 0.347268 0.366215 0.386110 0.407040 0.428647 0.450679 0.473016 0.495602 0.518405 0.541404 0.564583 0.587929 0.611430 0.635074 0.658851 0.682752 0.706768 0.730891 0.755113 0.779427 0.803826 0.828305 0.852858 0.877479 0.902163 0.926906 0.951703 0.976551 1.001444
0.089370 0.095693 0.102813 0.110676 0.119223 0.128386 0.138139 0.148488 0.159438 0.170987 0.183124 0.195835 0.209106 0.222925 0.237280 0.252163 0.267567 0.283493 0.299946 0.316942 0.334511 0.352707 0.371625 0.391447 0.412314 0.433894 0.455914 0.478244 0.500821 0.523614 0.546600 0.569764 0.593093 0.616575 0.640199 0.663955 0.687833 0.711826 0.735925 0.760122 0.784411 0.808785 0.833238 0.857765 0.882360 0.907019 0.931736 0.956508 0.981330 1.006198
0.085171 0.093214 0.101640 0.110500 0.119813 0.129573 0.139796 0.150519 0.161773 0.173573 0.185919 0.198809 0.212233 0.226184 0.240652 0.255632 0.271117 0.287108 0.303610 0.320636 0.338214 0.356390 0.375248 0.394943 0.415678 0.437206 0.459212 0.481541 0.504121 0.526916 0.549903 0.573067 0.596393 0.619871 0.643489 0.667237 0.691107 0.715090 0.739178 0.763364 0.787641 0.812003 0.836443 0.860957 0.885538 0.910183 0.934886 0.959643 0.984451 1.009305
0.091076 0.097723 0.105137 0.113273 0.122077 0.131488 0.141480 0.152059 0.163230 0.174992 0.187331 0.200234 0.213684 0.227668 0.242172 0.257184 0.272698 0.288708 0.305217 0.322234 0.339779 0.357890 0.376634 0.396131 0.416601 0.437996 0.459958 0.482280 0.504866 0.527672 0.550671 0.573846 0.597183 0.620670 0.644296 0.668053 0.691929 0.715919 0.740012 0.764203 0.788484 0.812850 0.837294 0.861810 0.886394 0.911041 0.935746 0.960506 0.985315 1.010170
0.086352 0.094149 0.102416 0.111187 0.120467 0.130234 0.140496 0.151280 0.162610 0.174494 0.186928 0.199905 0.213413 0.227438 0.241970 0.256997 0.272512 0.288509 0.304987 0.321951 0.339417 0.357411 0.375982 0.395217 0.415275 0.436350 0.458179 0.480458 0.503039 0.525852 0.548864 0.572054 0.595408 0.618911 0.642555 0.666328 0.690222 0.714229 0.738340 0.762548 0.786846 0.811229 0.835690 0.860224 0.884825 0.909489 0.934211 0.958987 0.983812 1.008684
0.087927 0.094990 0.102735 0.111136 0.120152 0.129733 0.139860 0.150545 0.161798 0.173618 0.185996 0.198918 0.212371 0.226338 0.240807 0.255765 0.271201 0.287109 0.303485 0.320329 0.337650 0.355465 0.373807 0.392732 0.412340 0.432816 0.454288 0.476420 0.498947 0.521746 0.544761 0.567960 0.591327 0.614846 0.638507 0.662300 0.686214 0.710242 0.734376 0.758608 0.782931 0.807339 0.831825 0.856385 0.881013 0.905704 0.930454 0.955257 0.980111 1.005011
0.086483 0.093967 0.101969 0.110505 0.119569 0.129133 0.139198 0.149788 0.160924 0.172612 0.184848 0.197624 0.210926 0.224743 0.239060 0.253865 0.269147 0.284896 0.301106 0.317774 0.334901 0.352497 0.370580 0.389184 0.408370 0.428241 0.448988 0.470714 0.493070 0.515802 0.538792 0.561987 0.585358 0.608888 0.632563 0.656372 0.680306 0.704356 0.728514 0.752771 0.777121 0.801558 0.826075 0.850666 0.875326 0.900050 0.924833 0.949671 0.974559 0.999495
0.088845 0.095616 0.103010 0.111023 0.119635 0.128805 0.138520 0.148793 0.159640 0.171066 0.183064 0.195621 0.208722 0.222351 0.236492 0.251130 0.266251 0.281841 0.297890 0.314390 0.331338 0.348736 0.366590 0.384919 0.403755 0.423157 0.443224 0.464135 0.486021 0.508557 0.531470 0.554637 0.578003 0.601537 0.625222 0.649047 0.672999 0.697070 0.721252 0.745535 0.769913 0.794379 0.818926 0.843550 0.868243 0.893001 0.917820 0.942694 0.967619 0.992591
0.085696 0.092462 0.099832 0.107810 0.116387 0.125525 0.135206 0.145441 0.156248 0.167633 0.179591 0.192110 0.205172 0.218762 0.232862 0.247456 0.262526 0.278058 0.294040 0.310459 0.327309 0.344584 0.362286 0.380422 0.399006 0.418069 0.437661 0.457870 0.478848 0.500775 0.523440 0.546511 0.569843 0.593371 0.617061 0.640897 0.664865 0.688954 0.713155 0.737460 0.761862 0.786354 0.810928 0.835579 0.860302 0.885090 0.909939 0.934845 0.959802 0.984807
0.079921 0.086997 0.094647 0.102880 0.111690 0.121045 0.130922 0.141329 0.152288 0.163807 0.175881 0.188499 0.201647 0.215308 0.229465 0.244099 0.259195 0.274737 0.290710 0.307102 0.323902 0.341102 0.358697 0.376687 0.395077 0.413880 0.433118 0.452833 0.473092 0.494013 0.515764 0.538404 0.561572 0.585034 0.608701 0.632530 0.656499 0.680592 0.704801 0.729116 0.753529 0.778033 0.802622 0.827288 0.852027 0.876832 0.901699 0.926624 0.951601 0.976627
0.079790 0.086687 0.094196 0.102318 0.111044 0.120338 0.130169 0.140542 0.151472 0.162966 0.175019 0.187616 0.200742 0.214378 0.228505 0.243103 0.258156 0.273644 0.289552 0.305865 0.322569 0.339654 0.357110 0.374931 0.393116 0.411665 0.430588 0.449900 0.469629 0.489823 0.510560 0.531962 0.554179 0.577226 0.600733 0.624485 0.648411 0.672479 0.696668 0.720968 0.745368 0.769861 0.794441 0.819100 0.843833 0.868634 0.893498 0.918421 0.943397 0.968424
0.083990 0.090754 0.098113 0.106077 0.114646 0.123790 0.133478 0.143712 0.154508 0.165872 0.177798 0.190273 0.203278 0.216793 0.230798 0.245273 0.260197 0.275551 0.291317 0.307478 0.324018 0.340925 0.358186 0.375791 0.393733 0.412008 0.430615 0.449557 0.468843 0.488492 0.508532 0.529013 0.550008 0.571630 0.594004 0.617209 0.640927 0.664886 0.689004 0.713249 0.737604 0.762057 0.786599 0.811223 0.835924 0.860695 0.885531 0.910427 0.935380 0.960383
0.088320 0.095070 0.102458 0.110477 0.119117 0.128343 0.138109 0.148405 0.159243 0.170628 0.182555 0.195010 0.207976 0.221433 0.235362 0.249742 0.264555 0.279781 0.295403 0.311403 0.327768 0.344481 0.361531 0.378906 0.396596 0.414594 0.432895 0.451497 0.470398 0.489605 0.509126 0.528979 0.549193 0.569811 0.590900 0.612558 0.634896 0.658038 0.681833 0.705929 0.730183 0.754558 0.779034 0.803599 0.828244 0.852962 0.877748 0.902598 0.927505 0.952467
0.089239 0.096846 0.104970 0.113619 0.122794 0.132480 0.142635 0.153247 0.164330 0.175899 0.187957 0.200498 0.213509 0.226975 0.240880 0.255208 0.269943 0.285067 0.300566 0.316424 0.332626 0.349160 0.366012 0.383172 0.400629 0.418374 0.436401 0.454703 0.473278 0.492123 0.511240 0.530635 0.550316 0.570301 0.590614 0.611294 0.632400 0.654015 0.676248 0.699215 0.722956 0.747120 0.771472 0.795946 0.820517 0.845169 0.869894 0.894686 0.919539 0.944448
0.095538 0.103004 0.111015 0.119575 0.128680 0.138313 0.148432 0.159009 0.170048 0.181565 0.193563 0.206036 0.218971 0.232352 0.246164 0.260389 0.275010 0.290011 0.305377 0.321092 0.337141 0.353510 0.370188 0.387161 0.404420 0.421954 0.439756 0.457817 0.476132 0.494696 0.513507 0.532565 0.551871 0.571431 0.591254 0.611355 0.631757 0.652494 0.673616 0.695198 0.717344 0.740170 0.763793 0.787977 0.812407 0.836968 0.861626 0.886360 0.911160 0.936022
0.101181 0.108212 0.115870 0.124141 0.133010 0.142453 0.152421 0.162872 0.173802 0.185220 0.197128 0.209516 0.222369 0.235671 0.249403 0.263547 0.278084 0.292998 0.308271 0.323888 0.339834 0.356093 0.372654 0.389502 0.406628 0.424020 0.441669 0.459567 0.477706 0.496080 0.514685 0.533517 0.552575 0.571859 0.591370 0.611116 0.631104 0.651349 0.671872 0.692705 0.713894 0.735507 0.757641 0.780421 0.803983 0.828197 0.852707 0.877363 0.902115 0.926940
0.097375 0.105165 0.113431 0.122192 0.131459 0.141229 0.151472 0.162152 0.173269 0.184837 0.196865 0.209350 0.222281 0.235642 0.249418 0.263593 0.278149 0.293071 0.308342 0.323948 0.339873 0.356104 0.372628 0.389432 0.406505 0.423836 0.441415 0.459234 0.477284 0.495559 0.514052 0.532759 0.551676 0.570801 0.590133 0.609673 0.629423 0.649391 0.669585 0.690020 0.710716 0.731704 0.753028 0.774753 0.796977 0.819831 0.843465 0.867772 0.892391 0.917163
0.095669 0.102991 0.110958 0.119541 0.128714 0.138448 0.148699 0.159414 0.170575 0.182189 0.194262 0.206790 0.219761 0.233160 0.246970 0.261176 0.275760 0.290706 0.305998 0.321621 0.337560 0.353801 0.370330 0.387136 0.404206 0.421529 0.439095 0.456894 0.474919 0.493160 0.511612 0.530268 0.549124 0.568175 0.587419 0.606855 0.626482 0.646302 0.666320 0.686543 0.706979 0.727645 0.748561 0.769759 0.791285 0.813206 0.835625 0.858686 0.882546 0.907029
0.091732 0.099651 0.107964 0.116716 0.125939 0.135647 0.145835 0.156465 0.167527 0.179035 0.191004 0.203436 0.216323 0.229652 0.243406 0.257567 0.272119 0.287042 0.302321 0.317937 0.333876 0.350121 0.366658 0.383473 0.400553 0.417886 0.435461 0.453267 0.471295 0.489537 0.507984 0.526629 0.545467 0.564493 0.583703 0.603093 0.622662 0.642409 0.662336 0.682445 0.702742 0.723234 0.743934 0.764857 0.786028 0.807482 0.829268 0.851464 0.874186 0.897603
0.096588 0.102545 0.109323 0.116874 0.125155 0.134126 0.143738 0.153923 0.164637 0.175871 0.187626 0.199891 0.212650 0.225881 0.239563 0.253672 0.268188 0.283088 0.298354 0.313966 0.329906 0.346157 0.362703 0.379529 0.396621 0.413967 0.431554 0.449371 0.467407 0.485655 0.504104 0.522748 0.541580 0.560593 0.579785 0.599149 0.618683 0.638386 0.658257 0.678297 0.698507 0.718894 0.739462 0.760223 0.781190 0.802384 0.823834 0.845580 0.867684 0.890242
0.084777 0.092673 0.100960 0.109685 0.118879 0.128561 0.138729 0.149346 0.160398 0.171896 0.183855 0.196280 0.209163 0.222491 0.236246 0.250413 0.264971 0.279904 0.295194 0.310822 0.326773 0.343030 0.359579 0.376404 0.393492 0.410830 0.428407 0.446212 0.464233 0.482463 0.500892 0.519512 0.538317 0.557301 0.576457 0.595782 0.615272 0.634924 0.654736 0.674709 0.694843 0.715141 0.735606 0.756245 0.777068 0.798087 0.819322 0.840798 0.862553 0.884641
0.087927 0.094798 0.102332 0.110504 0.119293 0.128677 0.138624 0.149075 0.159998 0.171391 0.183263 0.195610 0.208420 0.221679 0.235366 0.249465 0.263956 0.278821 0.294041 0.309600 0.325482 0.341669 0.358148 0.374903 0.391922 0.409192 0.426700 0.444436 0.462390 0.480551 0.498912 0.517464 0.536199 0.555113 0.574198 0.593450 0.612864 0.632439 0.652170 0.672058 0.692101 0.712302 0.732661 0.753185 0.773879 0.794754 0.815822 0.837102 0.858620 0.880412
0.091864 0.098829 0.106334 0.114394 0.123015 0.132194 0.141916 0.152134 0.162821 0.173980 0.185620 0.197743 0.210337 0.223389 0.236879 0.250789 0.265100 0.279793 0.294850 0.310253 0.325984 0.342028 0.358368 0.374991 0.391881 0.409027 0.426415 0.444034 0.461875 0.479925 0.498178 0.516624 0.535255 0.554066 0.573049 0.592200 0.611514 0.630987 0.650617 0.670401 0.690339 0.710431 0.730679 0.751085 0.771655 0.792396 0.813318 0.834437 0.855771 0.877349
0.095669 0.102541 0.109953 0.117917 0.126437 0.135510 0.145123 0.155231 0.165803 0.176839 0.188350 0.200340 0.212801 0.225718 0.239074 0.252851 0.267030 0.281593 0.296521 0.311796 0.327403 0.343323 0.359542 0.376045 0.392818 0.409848 0.427122 0.444629 0.462359 0.480300 0.498444 0.516784 0.535309 0.554015 0.572895 0.591942 0.611153 0.630524 0.650051 0.669732 0.689566 0.709553 0.729693 0.749989 0.770446 0.791069 0.811867 0.832852 0.854042 0.875460
0.096588 0.103446 0.110910 0.118967 0.127605 0.136809 0.146556 0.156798 0.167493 0.178637 0.190241 0.202307 0.214829 0.227791 0.241179 0.254974 0.269158 0.283715 0.298627 0.313877 0.329450 0.345329 0.361501 0.377952 0.394667 0.411635 0.428844 0.446283 0.463941 0.481810 0.499879 0.518141 0.536589 0.555215 0.574015 0.592981 0.612110 0.631398 0.650842 0.670439 0.690189 0.710090 0.730144 0.750353 0.770721 0.791253 0.811958 0.832848 0.853938 0.875249
0.094488 0.102244 0.110440 0.119099 0.128237 0.137860 0.147959 0.158498 0.169447 0.180810 0.192603 0.204832 0.217492 0.230573 0.244059 0.257936 0.272188 0.286797 0.301750 0.317030 0.332622 0.348512 0.364685 0.381130 0.397833 0.414783 0.431968 0.449378 0.467004 0.484835 0.502864 0.521084 0.539486 0.558065 0.576814 0.595730 0.614807 0.634042 0.653432 0.672974 0.692669 0.712516 0.732516 0.752671 0.772986 0.793467 0.814122 0.834964 0.856009 0.877280
0.101181 0.108172 0.115804 0.124053 0.132897 0.142313 0.152270 0.162713 0.173604 0.184939 0.196725 0.208961 0.221639 0.234742 0.248254 0.262157 0.276435 0.291069 0.306043 0.321342 0.336950 0.352852 0.369035 0.385485 0.402190 0.419138 0.436319 0.453722 0.471337 0.489156 0.507170 0.525373 0.543757 0.562316 0.581044 0.599938 0.618992 0.638205 0.657572 0.677094 0.696768 0.716597 0.736580 0.756723 0.777029 0.797506 0.818165 0.839019 0.860088 0.881399
0.103018 0.110675 0.118804 0.127426 0.136552 0.146183 0.156307 0.166883 0.177881 0.189304 0.201166 0.213470 0.226207 0.239364 0.252926 0.266875 0.281195 0.295869 0.310880 0.326212 0.341851 0.357781 0.373989 0.390462 0.407188 0.424154 0.441351 0.458767 0.476395 0.494224 0.512248 0.530459 0.548851 0.567417 0.586153 0.605055 0.624119 0.643341 0.662721 0.682258 0.701951 0.721803 0.741815 0.761994 0.782345 0.802879 0.823610 0.844555 0.865741 0.887206
0.106299 0.113745 0.121787 0.130410 0.139597 0.149329 0.159581 0.170300 0.181446 0.193017 0.205020 0.217459 0.230324 0.243601 0.257276 0.271329 0.285746 0.300509 0.315602 0.331009 0.346718 0.362712 0.378979 0.395507 0.412283 0.429297 0.446539 0.463998 0.481666 0.499534 0.517597 0.535846 0.554275 0.572881 0.591657 0.610601 0.629709 0.648981 0.668414 0.688010 0.707769 0.727696 0.747795 0.768074 0.788543 0.809218 0.830119 0.851275 0.872728 0.894537
0.105774 0.113861 0.122449 0.131541 0.141138 0.151231 0.161804 0.172810 0.184215 0.196019 0.208235 0.220866 0.233908 0.247346 0.261167 0.275355 0.289896 0.304772 0.319971 0.335476 0.351276 0.367356 0.383703 0.400307 0.417157 0.434241 0.451551 0.469077 0.486811 0.504747 0.522876 0.541193 0.559694 0.578372 0.597226 0.616252 0.635449 0.654817 0.674355 0.694067 0.713956 0.734030 0.754297 0.774771 0.795472 0.816424 0.837666 0.859251 0.881255 0.903792
0.108530 0.116606 0.125216 0.134355 0.144013 0.154177 0.164825 0.175909 0.187393 0.199280 0.211581 0.224298 0.237424 0.250946 0.264850 0.279120 0.293741 0.308698 0.323975 0.339560 0.355438 0.371597 0.388024 0.404708 0.421639 0.438805 0.456200 0.473813 0.491637 0.509666 0.527893 0.546313 0.564922 0.583717 0.602695 0.621855 0.641198 0.660726 0.680443 0.700354 0.720470 0.740804 0.761376 0.782212 0.803351 0.824846 0.846773 0.869235 0.892352 0.916221
0.112205 0.120137 0.128619 0.137648 0.147215 0.157306 0.167898 0.178941 0.190400 0.202276 0.214580 0.227311 0.240463 0.254021 0.267970 0.282293 0.296975 0.311998 0.327349 0.343012 0.358974 0.375221 0.391742 0.408525 0.425560 0.442837 0.460346 0.478081 0.496033 0.514198 0.532569 0.551143 0.569918 0.588891 0.608063 0.627436 0.647014 0.666804 0.686818 0.707069 0.727582 0.748387 0.769527 0.791062 0.813072 0.835655 0.858913 0.882867 0.907176 0.931629
0.112598 0.120638 0.129223 0.138351 0.148017 0.158209 0.168903 0.180050 0.191614 0.203597 0.216010 0.228854 0.242121 0.255798 0.269868 0.284315 0.299124 0.314277 0.329761 0.345562 0.361664 0.378057 0.394727 0.411665 0.428860 0.446304 0.463988 0.481905 0.500051 0.518419 0.537009 0.555816 0.574843 0.594091 0.613567 0.633278 0.653238 0.673467 0.693994 0.714856 0.736108 0.757818 0.780074 0.802954 0.826547 0.850623 0.874885 0.899238 0.923664 0.948152
0.109974 0.118262 0.127126 0.136547 0.146507 0.156986 0.167953 0.179353 0.191160 0.203379 0.216023 0.229091 0.242577 0.256467 0.270746 0.285399 0.300411 0.315768 0.331455 0.347459 0.363769 0.380372 0.397257 0.414416 0.431839 0.449519 0.467449 0.485626 0.504047 0.522708 0.541613 0.560763 0.580168 0.599838 0.619792 0.640057 0.660669 0.681679 0.703156 0.725179 0.747818 0.771162 0.795028 0.819101 0.843266 0.867511 0.891828 0.916209 0.940649 0.965141
0.107612 0.116473 0.125768 0.135521 0.145745 0.156439 0.167579 0.179125 0.191078 0.203453 0.216263 0.229505 0.243171 0.257246 0.271718 0.286570 0.301788 0.317357 0.333265 0.349498 0.366044 0.382893 0.400035 0.417461 0.435166 0.453143 0.471389 0.489905 0.508690 0.527752 0.547098 0.566748 0.586723 0.607063 0.627816 0.649051 0.670848 0.693276 0.716419 0.740081 0.763951 0.787920 0.811978 0.836120 0.860338 0.884623 0.908970 0.933376 0.957835 0.982344
0.113123 0.120767 0.129155 0.138241 0.147982 0.158329 0.169215 0.180596 0.192467 0.204831 0.217682 0.231007 0.244787 0.259003 0.273638 0.288672 0.304089 0.319874 0.336011 0.352487 0.369292 0.386416 0.403849 0.421586 0.439624 0.457960 0.476599 0.495546 0.514815 0.534428 0.554418 0.574833 0.595743 0.617231 0.639375 0.662258 0.685672 0.709310 0.733065 0.756923 0.780880 0.804923 0.829046 0.853240 0.877503 0.901828 0.926211 0.950648 0.975136 0.999670
0.108793 0.117855 0.127349 0.137304 0.147736 0.158631 0.169957 0.181717 0.193931 0.206612 0.219762 0.233370 0.247424 0.261908 0.276808 0.292107 0.307793 0.323850 0.340268 0.357036 0.374144 0.391587 0.409361 0.427464 0.445900 0.464678 0.483813 0.503333 0.523279 0.543715 0.564730 0.586416 0.608869 0.631938 0.655289 0.678791 0.702419 0.726162 0.750007 0.773944 0.797966 0.822067 0.846241 0.870484 0.894790 0.919154 0.943574 0.968044 0.992560 1.017120
0.112730 0.121241 0.130441 0.140284 0.150723 0.161694 0.173153 0.185096 0.197530 0.210455 0.223861 0.237732 0.252053 0.266807 0.281978 0.297553 0.313518 0.329861 0.346575 0.363651 0.381085 0.398877 0.417029 0.435552 0.454462 0.473791 0.493585 0.513921 0.534905 0.556651 0.579177 0.602138 0.625320 0.648664 0.672147 0.695751 0.719464 0.743278 0.767186 0.791180 0.815255 0.839405 0.863624 0.887907 0.912251 0.936649 0.961099 0.985596 1.010137 1.034719
0.114436 0.123972 0.133959 0.144415 0.155330 0.166675 0.178456 0.190695 0.203410 0.216601 0.230263 0.244383 0.258948 0.273945 0.289361 0.305185 0.321406 0.338018 0.355014 0.372393 0.390157 0.408315 0.426884 0.445892 0.465388 0.485450 0.506198 0.527769 0.550105 0.572849 0.595831 0.618992 0.642304 0.665748 0.689311 0.712986 0.736763 0.760635 0.784595 0.808638 0.832756 0.856946 0.881201 0.905517 0.929889 0.954313 0.978785 1.003302 1.027859 1.052455
0.123491 0.132433 0.142043 0.152274 0.163061 0.174361 0.186172 0.198500 0.211342 0.224689 0.238523 0.252830 0.267592 0.282795 0.298428 0.314479 0.330942 0.347812 0.365090 0.382781 0.400898 0.419467 0.438529 0.458154 0.478454 0.499584 0.521559 0.544026 0.566778 0.589737 0.612861 0.636129 0.659529 0.683049 0.706681 0.730417 0.754249 0.778170 0.802174 0.826255 0.850408 0.874627 0.898907 0.923245 0.947635 0.972074 0.996559 1.021084 1.045648 1.070248
0.127165 0.137026 0.147402 0.158268 0.169584 0.181347 0.193578 0.206289 0.219482 0.233151 0.247286 0.261876 0.276910 0.292380 0.308278 0.324600 0.341345 0.358516 0.376125 0.394189 0.412745 0.431847 0.451589 0.472112 0.493552 0.515662 0.538143 0.560870 0.583784 0.606858 0.630074 0.653421 0.676888 0.700468 0.724152 0.747933 0.771804 0.795758 0.819790 0.843895 0.868067 0.892301 0.916593 0.940938 0.965333 0.989774 1.014257 1.038779 1.063337 1.087928
0.133071 0.143379 0.154156 0.165371 0.177001 0.189064 0.201584 0.214576 0.228041 0.241974 0.256370 0.271220 0.286519 0.302260 0.318442 0.335068 0.352143 0.369683 0.387716 0.406286 0.425469 0.445383 0.466182 0.487830 0.509969 0.532407 0.555063 0.577897 0.600889 0.624023 0.647290 0.670679 0.694183 0.717792 0.741500 0.765300 0.789186 0.813151 0.837190 0.861298 0.885469 0.909700 0.933987 0.958324 0.982708 1.007136 1.031604 1.056109 1.080648 1.105219
0.142388 0.152205 0.162637 0.173617 0.185116 0.197140 0.209696 0.222783 0.236391 0.250507 0.265121 0.280220 0.295798 0.311851 0.328381 0.345398 0.362919 0.380982 0.399646 0.419016 0.439226 0.460355 0.482084 0.504163 0.526492 0.549023 0.571730 0.594598 0.617615 0.640768 0.664049 0.687449 0.710959 0.734571 0.758279 0.782077 0.805957 0.829914 0.853943 0.878039 0.902196 0.926411 0.950679 0.974996 0.999359 1.023764 1.048208 1.072688 1.097201 1.121744
0.143832 0.154468 0.165595 0.177182 0.189239 0.201791 0.214855 0.228433 0.242521 0.257111 0.272197 0.287775 0.303843 0.320408 0.337484 0.355096 0.373294 0.392161 0.411834 0.432439 0.453726 0.475407 0.497368 0.519557 0.541946 0.564515 0.587251 0.610141 0.633175 0.656342 0.679632 0.703038 0.726551 0.750165 0.773871 0.797663 0.821536 0.845484 0.869502 0.893584 0.917726 0.941924 0.966173 0.990471 1.014812 1.039195 1.063615 1.088070 1.112556 1.137072
0.143701 0.154969 0.166730 0.178952 0.191647 0.204834 0.218522 0.232710 0.247393 0.262567 0.278229 0.294379 0.311027 0.328190 0.345900 0.364211 0.383222 0.403105 0.423842 0.445096 0.466693 0.488555 0.510640 0.532926 0.555396 0.578035 0.600831 0.623774 0.646853 0.670058 0.693382 0.716816 0.740353 0.763984 0.787705 0.811508 0.835388 0.859340 0.883359 0.907439 0.931577 0.955768 0.980009 1.004295 1.028624 1.052991 1.077395 1.101832 1.126300 1.150795
0.146457 0.158241 0.170434 0.183051 0.196126 0.209687 0.223744 0.238296 0.253341 0.268875 0.284898 0.301414 0.318436 0.335990 0.354120 0.372905 0.392488 0.412978 0.434085 0.455583 0.477365 0.499379 0.521596 0.543999 0.566573 0.589305 0.612184 0.635201 0.658346 0.681611 0.704986 0.728465 0.752041 0.775706 0.799456 0.823284 0.847184 0.871153 0.895184 0.919274 0.943418 0.967614 0.991855 1.016141 1.040466 1.064829 1.089225 1.113654 1.138111 1.162594
0.156562 0.167582 0.179267 0.191562 0.204447 0.217906 0.231918 0.246463 0.261523 0.277085 0.293143 0.309697 0.326757 0.344345 0.362504 0.381310 0.400903 0.421430 0.442624 0.464226 0.486113 0.508227 0.530537 0.553025 0.575677 0.598480 0.621424 0.644499 0.667697 0.691009 0.714427 0.737944 0.761553 0.785249 0.809024 0.832875 0.856795 0.880780 0.904825 0.928927 0.953081 0.977283 1.001530 1.025818 1.050145 1.074507 1.098902 1.123327 1.147780 1.172258
0.161024 0.173689 0.186525 0.199614 0.213033 0.226833 0.241044 0.255682 0.270757 0.286276 0.302244 0.318672 0.335572 0.352968 0.370897 0.389420 0.408643 0.428755 0.449754 0.471298 0.493183 0.515315 0.537650 0.560165 0.582842 0.605670 0.628637 0.651734 0.674951 0.698281 0.721716 0.745249 0.768873 0.792581 0.816369 0.840230 0.864160 0.888153 0.912206 0.936314 0.960473 0.984679 1.008929 1.033220 1.057549 1.081912 1.106307 1.130732 1.155183 1.179659
0.177953 0.188437 0.199659 0.211545 0.224057 0.237159 0.250820 0.265012 0.279712 0.294904 0.310575 0.326721 0.343346 0.360458 0.378083 0.396263 0.415071 0.434639 0.455165 0.476489 0.498280 0.520371 0.542687 0.565191 0.587861 0.610685 0.633650 0.656745 0.679963 0.703294 0.726730 0.750265 0.773891 0.797603 0.821394 0.845258 0.869192 0.893189 0.917246 0.941358 0.965521 0.989731 1.013985 1.038280 1.062612 1.086978 1.111376 1.135803 1.160256 1.184734
0.175459 0.187971 0.200640 0.213558 0.226803 0.240424 0.254448 0.268889 0.283754 0.299047 0.314771 0.330929 0.347528 0.364581 0.382108 0.400144 0.418746 0.438010 0.458112 0.479167 0.500847 0.522899 0.545204 0.567708 0.590383 0.613213 0.636185 0.659288 0.682514 0.705854 0.729299 0.752844 0.776480 0.800201 0.824002 0.847878 0.871821 0.895829 0.919896 0.944018 0.968191 0.992412 1.016675 1.040980 1.065321 1.089696 1.114103 1.138539 1.163001 1.187486
0.178740 0.189829 0.201580 0.213937 0.226868 0.240343 0.254332 0.268808 0.283751 0.299142 0.314970 0.331229 0.347916 0.365039 0.382610 0.400657 0.419224 0.438389 0.458287 0.479122 0.500721 0.522764 0.545088 0.567622 0.590330 0.613194 0.636198 0.659334 0.682590 0.705959 0.729434 0.753005 0.776668 0.800415 0.824240 0.848139 0.872105 0.896135 0.920223 0.944365 0.968558 0.992797 1.017079 1.041400 1.065758 1.090150 1.114572 1.139023 1.163499 1.187999
0.169029 0.181868 0.194944 0.208318 0.222039 0.236133 0.250613 0.265484 0.280744 0.296395 0.312435 0.328865 0.345690 0.362918 0.380565 0.398656 0.417233 0.436360 0.456153 0.476813 0.498338 0.520383 0.542741 0.565319 0.588074 0.610983 0.634032 0.657210 0.680507 0.703915 0.727425 0.751031 0.774726 0.798504 0.822359 0.846286 0.870279 0.894334 0.918446 0.942611 0.966826 0.991086 1.015389 1.039730 1.064107 1.088516 1.112956 1.137423 1.161915 1.186430
0.170472 0.182323 0.194658 0.207469 0.220756 0.234507 0.248712 0.263355 0.278425 0.293912 0.309809 0.326113 0.342823 0.359944 0.377490 0.395480 0.413953 0.432966 0.452621 0.473101 0.494515 0.516527 0.538888 0.561483 0.584258 0.607188 0.630258 0.653455 0.676771 0.700196 0.723723 0.747345 0.771056 0.794849 0.818718 0.842659 0.866666 0.890734 0.914859 0.939037 0.963264 0.987536 1.011850 1.036203 1.060592 1.085013 1.109464 1.133942 1.158446 1.182972
0.171654 0.183076 0.194931 0.207247 0.220044 0.233326 0.247089 0.261322 0.276016 0.291160 0.306747 0.322772 0.339232 0.356132 0.373481 0.391300 0.409622 0.428508 0.448057 0.468455 0.489806 0.511766 0.534080 0.556632 0.579368 0.602262 0.625298 0.648465 0.671753 0.695153 0.718657 0.742259 0.765951 0.789727 0.813582 0.837510 0.861506 0.885564 0.909681 0.933853 0.958074 0.982342 1.006654 1.031005 1.055392 1.079814 1.104266 1.128746 1.153252 1.177781
0.169029 0.179927 0.191355 0.203310 0.215795 0.228800 0.242314 0.256322 0.270812 0.285772 0.301196 0.317076 0.333413 0.350211 0.367482 0.385250 0.403555 0.422467 0.442105 0.462677 0.484098 0.506020 0.528254 0.550713 0.573358 0.596167 0.619124 0.642218 0.665439 0.688778 0.712228 0.735779 0.759426 0.783162 0.806980 0.830874 0.854840 0.878872 0.902966 0.927117 0.951320 0.975573 0.999871 1.024211 1.048589 1.073003 1.097449 1.121925 1.146428 1.170956
0.157612 0.169174 0.181076 0.193376 0.206113 0.219307 0.232965 0.247087 0.261672 0.276716 0.292217 0.308176 0.324595 0.341486 0.358865 0.376764 0.395237 0.414374 0.434342 0.455243 0.476757 0.498648 0.520804 0.543173 0.565729 0.588453 0.611333 0.634356 0.657512 0.680792 0.704188 0.727691 0.751294 0.774991 0.798773 0.822636 0.846574 0.870582 0.894654 0.918786 0.942974 0.967213 0.991499 1.015830 1.040201 1.064610 1.089052 1.113527 1.138030 1.162559
0.149344 0.159881 0.171078 0.182907 0.195339 0.208348 0.221904 0.235985 0.250572 0.265651 0.281210 0.297245 0.313758 0.330758 0.348266 0.366318 0.384978 0.404361 0.424653 0.445730 0.467284 0.489157 0.511276 0.533602 0.556115 0.578800 0.601642 0.624631 0.647757 0.671010 0.694382 0.717863 0.741448 0.765128 0.788897 0.812748 0.836677 0.860677 0.884744 0.908872 0.933058 0.957297 0.981585 1.005918 1.030293 1.054707 1.079157 1.103639 1.128151 1.152690
0.135958 0.147456 0.159293 0.171534 0.184218 0.197366 0.210985 0.225080 0.239648 0.254689 0.270201 0.286186 0.302649 0.319604 0.337071 0.355091 0.373730 0.393104 0.413398 0.434466 0.456005 0.477862 0.499965 0.522278 0.544781 0.567456 0.590291 0.613275 0.636398 0.659649 0.683021 0.706504 0.730091 0.753776 0.777550 0.801409 0.825346 0.849355 0.873432 0.897572 0.921770 0.946023 0.970325 0.994673 1.019064 1.043495 1.067962 1.092462 1.116992 1.141551
0.136220 0.145844 0.156184 0.167211 0.178893 0.191200 0.204102 0.217576 0.231600 0.246157 0.261234 0.276824 0.292923 0.309537 0.326681 0.344385 0.362701 0.381726 0.401635 0.422463 0.443875 0.465658 0.487712 0.509990 0.532465 0.555119 0.577938 0.600910 0.624024 0.647271 0.670640 0.694124 0.717714 0.741404 0.765185 0.789053 0.813000 0.837022 0.861113 0.885267 0.909481 0.933751 0.958071 0.982438 1.006849 1.031301 1.055789 1.080311 1.104864 1.129446
0.130315 0.140389 0.150876 0.161839 0.173313 0.185318 0.197858 0.210935 0.224545 0.238681 0.253338 0.268512 0.284203 0.300413 0.317155 0.334450 0.352340 0.370895 0.390247 0.410584 0.431722 0.453344 0.475288 0.497482 0.519889 0.542485 0.565255 0.588185 0.611264 0.634481 0.657826 0.681290 0.704865 0.728543 0.752317 0.776180 0.800126 0.824149 0.848243 0.872404 0.896626 0.920905 0.945236 0.969617 0.994043 1.018510 1.043015 1.067556 1.092128 1.116730
0.128346 0.137208 0.146747 0.156950 0.167798 0.179271 0.191347 0.204006 0.217230 0.231004 0.245316 0.260155 0.275517 0.291400 0.307812 0.324768 0.342299 0.360460 0.379346 0.399136 0.419898 0.441292 0.463080 0.485153 0.507458 0.529966 0.552658 0.575519 0.598537 0.621699 0.644997 0.668419 0.691958 0.715605 0.739352 0.763193 0.787121 0.811129 0.835212 0.859365 0.883581 0.907858 0.932190 0.956573 0.981003 1.005476 1.029990 1.054540 1.079124 1.103739
0.117848 0.127556 0.137659 0.148218 0.159270 0.170835 0.182922 0.195531 0.208663 0.222311 0.236473 0.251144 0.266323 0.282009 0.298210 0.314940 0.332223 0.350106 0.368664 0.388035 0.408407 0.429554 0.451173 0.473113 0.495305 0.517713 0.540314 0.563093 0.586036 0.609131 0.632367 0.655734 0.679224 0.702826 0.726534 0.750340 0.774237 0.798218 0.822278 0.846411 0.870612 0.894875 0.919197 0.943572 0.967997 0.992468 1.016981 1.041533 1.066121 1.090741
0.115092 0.123619 0.132782 0.142581 0.153010 0.164056 0.175701 0.187930 0.200726 0.214075 0.227963 0.242380 0.257320 0.272777 0.288754 0.305259 0.322313 0.339951 0.358234 0.377273 0.397263 0.418149 0.439590 0.461392 0.483468 0.505772 0.528279 0.550972 0.573836 0.596859 0.620029 0.643336 0.666770 0.690323 0.713986 0.737751 0.761612 0.785561 0.809592 0.833700 0.857879 0.882124 0.906429 0.930791 0.955206 0.979669 1.004176 1.028724 1.053310 1.077931
0.109055 0.117625 0.126717 0.136366 0.146589 0.157392 0.168773 0.180727 0.193245 0.206318 0.219937 0.234093 0.248779 0.263991 0.279729 0.295998 0.312813 0.330203 0.348217 0.366943 0.386545 0.407127 0.428367 0.450022 0.471976 0.494174 0.516587 0.539193 0.561978 0.584929 0.608033 0.631280 0.654660 0.678163 0.701782 0.725506 0.749331 0.773247 0.797250 0.821332 0.845488 0.869714 0.894003 0.918351 0.942753 0.967207 0.991707 1.016250 1.040833 1.065452
0.105118 0.113280 0.121971 0.131230 0.141075 0.151514 0.162548 0.174169 0.186372 0.199146 0.212481 0.226367 0.240795 0.255759 0.271255 0.287286 0.303861 0.321001 0.338743 0.357156 0.376360 0.396544 0.417537 0.439027 0.460857 0.482951 0.505272 0.527797 0.550509 0.573393 0.596437 0.619630 0.642960 0.666419 0.689997 0.713686 0.737478 0.761366 0.785343 0.809403 0.833540 0.857748 0.882023 0.906358 0.930751 0.955196 0.979690 1.004229 1.028809 1.053427
0.102231 0.109613 0.117671 0.126408 0.135817 0.145883 0.156592 0.167926 0.179869 0.192404 0.205514 0.219187 0.233409 0.248170 0.263463 0.279286 0.295642 0.312546 0.330022 0.348119 0.366920 0.386583 0.407214 0.428497 0.450194 0.472190 0.494429 0.516884 0.539532 0.562359 0.585352 0.608498 0.631787 0.655208 0.678752 0.702410 0.726175 0.750039 0.773994 0.798035 0.822155 0.846348 0.870610 0.894936 0.919319 0.943758 0.968246 0.992781 1.017358 1.041975
0.093570 0.101982 0.110766 0.119999 0.129732 0.139995 0.150805 0.162169 0.174088 0.186558 0.199575 0.213128 0.227211 0.241815 0.256935 0.272565 0.288708 0.305371 0.322569 0.340335 0.358721 0.377823 0.397813 0.418729 0.440231 0.462110 0.484266 0.506653 0.529242 0.552017 0.574961 0.598063 0.621312 0.644696 0.668207 0.691835 0.715572 0.739411 0.763343 0.787364 0.811466 0.835643 0.859891 0.884204 0.908577 0.933007 0.957488 0.982017 1.006590 1.031204
0.097769 0.104488 0.111963 0.120172 0.129095 0.138707 0.148981 0.159894 0.171425 0.183551 0.196254 0.209516 0.223320 0.237653 0.252502 0.267858 0.283716 0.300077 0.316945 0.334339 0.352287 0.370846 0.390110 0.410245 0.431308 0.452961 0.474986 0.497279 0.519794 0.542503 0.565389 0.588437 0.611635 0.634974 0.658442 0.682031 0.705733 0.729539 0.753441 0.777435 0.801512 0.825668 0.849896 0.874191 0.898549 0.922965 0.947434 0.971954 0.996519 1.021127
0.092782 0.100885 0.109303 0.118127 0.127418 0.137216 0.147543 0.158414 0.169832 0.181798 0.194305 0.207345 0.220911 0.234990 0.249573 0.264651 0.280217 0.296266 0.312801 0.329826 0.347358 0.365425 0.384079 0.403409 0.423565 0.444662 0.466405 0.488535 0.510936 0.533554 0.556360 0.579337 0.602471 0.625750 0.649163 0.672702 0.696358 0.720122 0.743987 0.767946 0.791992 0.816120 0.840323 0.864597 0.888936 0.913336 0.937792 0.962301 0.986857 1.011459
0.098688 0.104968 0.111996 0.119752 0.128213 0.137355 0.147156 0.157592 0.168642 0.180285 0.192503 0.205276 0.218586 0.232416 0.246752 0.261580 0.276888 0.292667 0.308911 0.325621 0.342800 0.360463 0.378634 0.397359 0.416714 0.436832 0.457871 0.479653 0.501861 0.524353 0.547064 0.569959 0.593022 0.616237 0.639592 0.663079 0.686688 0.710410 0.734238 0.758165 0.782183 0.806286 0.830469 0.854726 0.879051 0.903441 0.927889 0.952393 0.976949 1.001551
0.089895 0.097670 0.105792 0.114339 0.123367 0.132906 0.142976 0.153584 0.164732 0.176416 0.188629 0.201360 0.214599 0.228333 0.242549 0.257236 0.272381 0.287976 0.304013 0.320488 0.337398 0.354750 0.372554 0.390831 0.409621 0.428985 0.449032 0.469917 0.491667 0.513938 0.536523 0.559336 0.582335 0.605498 0.628811 0.652261 0.675839 0.699536 0.723343 0.747254 0.771261 0.795358 0.819537 0.843795 0.868125 0.892522 0.916981 0.941499 0.966071 0.990692
0.089764 0.096345 0.103586 0.111479 0.120013 0.129172 0.138939 0.149298 0.160233 0.171727 0.183763 0.196326 0.209399 0.222967 0.237015 0.251528 0.266493 0.281898 0.297732 0.313987 0.330658 0.347742 0.365243 0.383167 0.401531 0.420365 0.439718 0.459670 0.480349 0.501899 0.524180 0.546860 0.569795 0.592926 0.616221 0.639663 0.663240 0.686941 0.710758 0.734683 0.758708 0.782827 0.807032 0.831319 0.855681 0.880113 0.904610 0.929169 0.953783 0.978450
0.084383 0.091665 0.099289 0.107337 0.115865 0.124908 0.134487 0.144613 0.155288 0.166510 0.178272 0.190563 0.203370 0.216680 0.230479 0.244750 0.259478 0.274651 0.290254 0.306276 0.322708 0.339541 0.356772 0.374400 0.392429 0.410870 0.429744 0.449086 0.468954 0.489442 0.510684 0.532795 0.555526 0.578590 0.601876 0.625334 0.648938 0.672675 0.696532 0.720502 0.744576 0.768747 0.793008 0.817353 0.841776 0.866271 0.890835 0.915461 0.940145 0.964884
0.087533 0.092872 0.098949 0.105750 0.113261 0.121463 0.130336 0.139861 0.150019 0.160789 0.172152 0.184088 0.196575 0.209594 0.223125 0.237148 0.251643 0.266595 0.281985 0.297798 0.314021 0.330642 0.347653 0.365046 0.382818 0.400971 0.419510 0.438450 0.457816 0.477647 0.498013 0.519016 0.540798 0.563424 0.586574 0.610011 0.633642 0.657425 0.681340 0.705373 0.729515 0.753757 0.778092 0.802514 0.827017 0.851595 0.876242 0.900955 0.925728 0.950557
0.075459 0.082361 0.089568 0.097171 0.105234 0.113800 0.122897 0.132542 0.142743 0.153500 0.164811 0.176666 0.189053 0.201959 0.215367 0.229262 0.243625 0.258440 0.273691 0.289361 0.305437 0.321905 0.338754 0.355974 0.373559 0.391503 0.409806 0.428473 0.447511 0.466940 0.486790 0.507108 0.527974 0.549507 0.571861 0.594984 0.618527 0.642314 0.666269 0.690358 0.714565 0.738878 0.763289 0.787790 0.812374 0.837036 0.861771 0.886574 0.911439 0.936363
0.077165 0.082325 0.088197 0.094772 0.102037 0.109978 0.118576 0.127816 0.137682 0.148155 0.159218 0.170854 0.183042 0.195764 0.209000 0.222731 0.236938 0.251602 0.266704 0.282228 0.298158 0.314479 0.331177 0.348242 0.365663 0.383433 0.401546 0.420002 0.438801 0.457952 0.477467 0.497370 0.517699 0.538514 0.559911 0.582037 0.605022 0.628609 0.652514 0.676616 0.700862 0.725225 0.749694 0.774258 0.798911 0.823645 0.848455 0.873337 0.898285 0.923296
0.071260 0.077671 0.084394 0.091515 0.099099 0.107189 0.115816 0.124997 0.134744 0.145059 0.155939 0.167377 0.179362 0.191880 0.204914 0.218448 0.232463 0.246941 0.261865 0.277216 0.292978 0.309134 0.325670 0.342574 0.359832 0.377435 0.395376 0.413649 0.432252 0.451186 0.470455 0.490073 0.510058 0.530442 0.551277 0.572642 0.594672 0.617542 0.641145 0.665143 0.689368 0.713745 0.738243 0.762846 0.787543 0.812327 0.837193 0.862137 0.887154 0.912241
0.078346 0.083010 0.088343 0.094351 0.101036 0.108393 0.116415 0.125090 0.134408 0.144352 0.154909 0.166060 0.177787 0.190071 0.202890 0.216225 0.230055 0.244359 0.259117 0.274310 0.289920 0.305929 0.322322 0.339083 0.356200 0.373661 0.391456 0.409579 0.428023 0.446787 0.465872 0.485283 0.505032 0.525136 0.545627 0.566552 0.587986 0.610058 0.632960 0.656631 0.680727 0.705061 0.729551 0.754163 0.778880 0.803693 0.828597 0.853590 0.878671 0.903844
0.072441 0.078347 0.084641 0.091388 0.098638 0.106425 0.114768 0.123680 0.133167 0.143229 0.153861 0.165055 0.176798 0.189077 0.201875 0.215176 0.228961 0.243211 0.257908 0.273034 0.288572 0.304505 0.320817 0.337494 0.354522 0.371890 0.389587 0.407606 0.425939 0.444584 0.463539 0.482807 0.502394 0.522314 0.542586 0.563244 0.584337 0.605948 0.628214 0.651336 0.675172 0.699394 0.723837 0.748433 0.773151 0.797983 0.822926 0.847987 0.873185 0.898556
0.073228 0.078802 0.084880 0.091499 0.098681 0.106441 0.114785 0.123715 0.133229 0.143322 0.153985 0.165207 0.176974 0.189271 0.202081 0.215387 0.229170 0.243412 0.258094 0.273199 0.288710 0.304610 0.320883 0.337516 0.354495 0.371807 0.389444 0.407397 0.425658 0.444224 0.463092 0.482263 0.501744 0.521542 0.541674 0.562167 0.583058 0.604408 0.626317 0.648957 0.672462 0.696528 0.720902 0.745472 0.770200 0.795081 0.820139 0.845431 0.871051 0.897170
0.075722 0.081117 0.087029 0.093497 0.100549 0.108199 0.116452 0.125311 0.134770 0.144821 0.155454 0.166654 0.178406 0.190692 0.203493 0.216790 0.230565 0.244796 0.259466 0.274555 0.290046 0.305923 0.322170 0.338772 0.355716 0.372990 0.390584 0.408489 0.426699 0.445209 0.464017 0.483122 0.502529 0.522247 0.542289 0.562678 0.583447 0.604648 0.626363 0.648726 0.671942 0.695865 0.720187 0.744772 0.769597 0.794713 0.820265 0.846380 0.872911 0.899662
0.075722 0.081385 0.087541 0.094230 0.101481 0.109309 0.117720 0.126716 0.136295 0.146449 0.157169 0.168441 0.180252 0.192584 0.205421 0.218743 0.232534 0.246774 0.261445 0.276529 0.292010 0.307872 0.324098 0.340676 0.357593 0.374836 0.392397 0.410266 0.428437 0.446906 0.465670 0.484729 0.504087 0.523752 0.543738 0.564064 0.584764 0.605883 0.627496 0.649721 0.672756 0.696600 0.720957 0.745725 0.771001 0.796870 0.823166 0.849704 0.876381 0.903154
0.075853 0.081788 0.088194 0.095109 0.102561 0.110565 0.119130 0.128257 0.137944 0.148188 0.158979 0.170307 0.182159 0.194521 0.207376 0.220709 0.234503 0.248740 0.263402 0.278475 0.293940 0.309784 0.325991 0.342548 0.359442 0.376663 0.394200 0.412046 0.430193 0.448637 0.467377 0.486411 0.505745 0.525385 0.545344 0.565644 0.586314 0.607401 0.628975 0.651149 0.674109 0.697984 0.722606 0.747954 0.773866 0.800122 0.826574 0.853152 0.879822 0.906570
0.078609 0.084427 0.090702 0.097480 0.104797 0.112670 0.121112 0.130126 0.139712 0.149863 0.160573 0.171829 0.183619 0.195927 0.208738 0.222033 0.235795 0.250006 0.264649 0.279706 0.295160 0.310996 0.327199 0.343754 0.360648 0.377871 0.395412 0.413263 0.431417 0.449869 0.468617 0.487660 0.507003 0.526653 0.546623 0.566933 0.587614 0.608713 0.630301 0.652491 0.675476 0.699547 0.724628 0.750379 0.776516 0.802869 0.829361 0.855954 0.882631 0.909383
0.080315 0.085686 0.091603 0.098097 0.105187 0.112882 0.121186 0.130095 0.139603 0.149701 0.160378 0.171619 0.183408 0.195727 0.208559 0.221884 0.235684 0.249938 0.264628 0.279735 0.295243 0.311134 0.327392 0.344004 0.360956 0.378236 0.395833 0.413740 0.431948 0.450454 0.469254 0.488349 0.507742 0.527441 0.547459 0.567817 0.588547 0.609696 0.631338 0.653596 0.676702 0.700917 0.726171 0.752075 0.778318 0.804751 0.831308 0.857959 0.884691 0.911494
0.074409 0.080454 0.086930 0.093894 0.101386 0.109429 0.118039 0.127221 0.136978 0.147305 0.158194 0.169634 0.181610 0.194108 0.207109 0.220595 0.234548 0.248949 0.263779 0.279021 0.294656 0.310670 0.327045 0.343769 0.360827 0.378209 0.395903 0.413903 0.432200 0.450790 0.469671 0.488843 0.508310 0.528081 0.548169 0.568595 0.589391 0.610609 0.632325 0.654674 0.677913 0.702210 0.727443 0.753369 0.779692 0.806219 0.832869 0.859609 0.886422 0.913300
0.073753 0.079391 0.085603 0.092411 0.099830 0.107863 0.116509 0.125762 0.135612 0.146050 0.157060 0.168627 0.180734 0.193362 0.206493 0.220106 0.234183 0.248703 0.263648 0.279000 0.294741 0.310855 0.327326 0.344140 0.361285 0.378748 0.396521 0.414594 0.432961 0.451619 0.470564 0.489798 0.509326 0.529155 0.549300 0.569783 0.590639 0.611918 0.633702 0.656130 0.679469 0.703879 0.729224 0.755241 0.781623 0.808196 0.834888 0.861668 0.888519 0.915435
0.074147 0.080214 0.086729 0.093748 0.101308 0.109434 0.118137 0.127424 0.137294 0.147741 0.158756 0.170325 0.182433 0.195063 0.208197 0.221814 0.235895 0.250422 0.265375 0.280735 0.296484 0.312607 0.329088 0.345913 0.363068 0.380542 0.398325 0.416410 0.434790 0.453460 0.472420 0.491669 0.511214 0.531063 0.551232 0.571745 0.592636 0.613960 0.635802 0.658305 0.681739 0.706327 0.731887 0.758001 0.784405 0.810974 0.837656 0.864426 0.891270 0.918180
0.080315 0.085821 0.091899 0.098577 0.105871 0.113787 0.122322 0.131472 0.141228 0.151576 0.162504 0.173993 0.186028 0.198588 0.211654 0.225206 0.239224 0.253688 0.268580 0.283881 0.299574 0.315642 0.332070 0.348844 0.365951 0.383380 0.401121 0.419167 0.437512 0.456151 0.475084 0.494313 0.513843 0.533684 0.553855 0.574380 0.595300 0.616673 0.638594 0.661217 0.684821 0.709579 0.735185 0.761300 0.787695 0.814252 0.840920 0.867674 0.894502 0.921395
0.080315 0.086427 0.093034 0.100167 0.107846 0.116085 0.124886 0.134251 0.144176 0.154656 0.165680 0.177238 0.189316 0.201898 0.214970 0.228513 0.242511 0.256947 0.271803 0.287063 0.302711 0.318732 0.335112 0.351837 0.368896 0.386279 0.403976 0.421981 0.440289 0.458897 0.477804 0.497014 0.516535 0.536378 0.556565 0.577126 0.598108 0.619580 0.641655 0.664522 0.688388 0.713201 0.738778 0.764857 0.791225 0.817759 0.844405 0.871137 0.897941 0.924811
0.080446 0.087020 0.093966 0.101350 0.109215 0.117592 0.126497 0.135941 0.145927 0.156453 0.167514 0.179099 0.191197 0.203794 0.216875 0.230423 0.244422 0.258855 0.273706 0.288958 0.304596 0.320606 0.336973 0.353687 0.370734 0.388107 0.405796 0.423796 0.442103 0.460715 0.479635 0.498866 0.518420 0.538312 0.558569 0.579228 0.600349 0.622022 0.644396 0.667680 0.691798 0.716683 0.742261 0.768319 0.794658 0.821162 0.847776 0.874477 0.901251 0.928089
0.085696 0.090823 0.096660 0.103200 0.110430 0.118334 0.126893 0.136088 0.145899 0.156306 0.167291 0.178831 0.190908 0.203500 0.216587 0.230149 0.244168 0.258624 0.273500 0.288778 0.304443 0.320480 0.336875 0.353617 0.370695 0.388100 0.405824 0.423864 0.442217 0.460882 0.479864 0.499171 0.518816 0.538823 0.559224 0.580071 0.601443 0.623469 0.646348 0.670063 0.694411 0.719452 0.745117 0.771203 0.797535 0.824018 0.850605 0.877276 0.904021 0.930830
0.074934 0.081925 0.089220 0.096897 0.105013 0.113606 0.122700 0.132310 0.142445 0.153104 0.164284 0.175979 0.188177 0.200865 0.214031 0.227658 0.241731 0.256234 0.271152 0.286470 0.302173 0.318249 0.334684 0.351469 0.368593 0.386050 0.403834 0.421940 0.440369 0.459123 0.478208 0.497638 0.517431 0.537618 0.558245 0.579384 0.601151 0.623731 0.647171 0.671207 0.695824 0.721109 0.746927 0.773079 0.799430 0.825909 0.852486 0.879144 0.905874 0.932670
0.078346 0.083906 0.090073 0.096858 0.104265 0.112288 0.120920 0.130152 0.139972 0.150368 0.161326 0.172829 0.184864 0.197412 0.210456 0.223980 0.237966 0.252398 0.267259 0.282534 0.298208 0.314268 0.330702 0.347498 0.364648 0.382145 0.399984 0.418163 0.436681 0.455545 0.474765 0.494357 0.514350 0.534785 0.555728 0.577284 0.599627 0.622848 0.646673 0.670997 0.695950 0.721510 0.747490 0.773721 0.800108 0.826608 0.853198 0.879868 0.906608 0.933414
0.076903 0.082510 0.088593 0.095198 0.102358 0.110090 0.118406 0.127311 0.136804 0.146881 0.157534 0.168753 0.180524 0.192834 0.205667 0.219005 0.232832 0.247130 0.261884 0.277076 0.292692 0.308716 0.325137 0.341942 0.359124 0.376673 0.394586 0.412861 0.431500 0.450512 0.469910 0.489719 0.509976 0.530739 0.552106 0.574236 0.597257 0.620907 0.645016 0.669668 0.694964 0.720765 0.746883 0.773194 0.799636 0.826179 0.852808 0.879515 0.906292 0.933133
0.073228 0.078671 0.084554 0.090933 0.097846 0.105320 0.113372 0.122015 0.131255 0.141093 0.151525 0.162544 0.174140 0.186300 0.199007 0.212247 0.226001 0.240252 0.254982 0.270174 0.285811 0.301879 0.318363 0.335251 0.352534 0.370204 0.388257 0.406693 0.425515 0.444736 0.464375 0.484464 0.505054 0.526229 0.548131 0.570926 0.594400 0.618327 0.642700 0.667691 0.693271 0.719259 0.745493 0.771885 0.798394 0.824997 0.851684 0.878446 0.905276 0.932169
0.068898 0.073621 0.078900 0.084773 0.091269 0.098403 0.106186 0.114621 0.123706 0.133435 0.143800 0.154789 0.166386 0.178574 0.191334 0.204647 0.218492 0.232850 0.247701 0.263026 0.278806 0.295027 0.311673 0.328733 0.346195 0.364054 0.382306 0.400952 0.419999 0.439463 0.459368 0.479756 0.500696 0.522300 0.544752 0.567989 0.591723 0.615849 0.640470 0.665726 0.691508 0.717629 0.743955 0.770421 0.796994 0.823659 0.850404 0.877222 0.904107 0.931053
0.060039 0.065185 0.070817 0.076991 0.083749 0.091118 0.099114 0.107749 0.117023 0.126936 0.137481 0.148645 0.160416 0.172776 0.185707 0.199188 0.213201 0.227724 0.242738 0.258223 0.274163 0.290542 0.307344 0.324558 0.342176 0.360190 0.378599 0.397405 0.416617 0.436254 0.456345 0.476939 0.498115 0.520010 0.542782 0.566215 0.590077 0.614321 0.639095 0.664497 0.690385 0.716577 0.742958 0.769469 0.796084 0.822787 0.849570 0.876424 0.903343 0.930322
