0.073957 0.074236 0.074388 0.074410 0.074207 0.073642 0.072733 0.071606 0.070370 0.069089 0.067790 0.066485 0.065183 0.063886 0.062599 0.061326 0.060072 0.058843 0.057645 0.056487 0.055385 0.054355 0.053431 0.052667 0.052069 0.051550 0.051060 0.050577 0.050093 0.049606 0.049114 0.048618 0.048117 0.047612 0.047103 0.046590 0.046074 0.045555 0.045033 0.044508 0.043980 0.043449 0.042916 0.042381 0.041844 0.041305 0.040764 0.040221 0.039676 0.039129
0.075713 0.075069 0.074599 0.074208 0.073740 0.073008 0.071998 0.070810 0.069543 0.068249 0.066950 0.065655 0.064368 0.063089 0.061823 0.060571 0.059338 0.058128 0.056949 0.055810 0.054724 0.053709 0.052796 0.052039 0.051451 0.050948 0.050475 0.050008 0.049539 0.049066 0.048587 0.048102 0.047612 0.047117 0.046617 0.046113 0.045604 0.045092 0.044576 0.044056 0.043534 0.043008 0.042479 0.041947 0.041413 0.040876 0.040338 0.039796 0.039253 0.038708
0.068408 0.069451 0.070167 0.070616 0.070757 0.070472 0.069788 0.068839 0.067749 0.066591 0.065399 0.064190 0.062973 0.061755 0.060539 0.059332 0.058139 0.056965 0.055817 0.054706 0.053643 0.052649 0.051751 0.051003 0.050427 0.049940 0.049484 0.049034 0.048581 0.048123 0.047658 0.047187 0.046708 0.046224 0.045734 0.045238 0.044738 0.044232 0.043722 0.043208 0.042689 0.042167 0.041641 0.041112 0.040580 0.040044 0.039506 0.038965 0.038422 0.037876
0.072342 0.071772 0.071409 0.071143 0.070819 0.070236 0.069362 0.068291 0.067126 0.065923 0.064708 0.063490 0.062273 0.061061 0.059855 0.058659 0.057476 0.056313 0.055175 0.054072 0.053015 0.052021 0.051119 0.050356 0.049770 0.049281 0.048828 0.048382 0.047934 0.047479 0.047016 0.046546 0.046069 0.045585 0.045095 0.044598 0.044096 0.043588 0.043075 0.042557 0.042034 0.041508 0.040977 0.040442 0.039904 0.039362 0.038817 0.038269 0.037718 0.037165
0.068830 0.069679 0.070248 0.070592 0.070669 0.070350 0.069646 0.068680 0.067578 0.066412 0.065216 0.064007 0.062791 0.061573 0.060359 0.059151 0.057955 0.056774 0.055617 0.054491 0.053407 0.052382 0.051439 0.050620 0.049978 0.049455 0.048977 0.048512 0.048044 0.047571 0.047091 0.046603 0.046107 0.045605 0.045096 0.044581 0.044060 0.043534 0.043003 0.042467 0.041926 0.041381 0.040832 0.040279 0.039723 0.039163 0.038600 0.038034 0.037466 0.036894
0.075011 0.074493 0.074153 0.073891 0.073561 0.072965 0.072070 0.070969 0.069766 0.068521 0.067259 0.065989 0.064718 0.063446 0.062178 0.060916 0.059664 0.058426 0.057209 0.056020 0.054868 0.053769 0.052741 0.051819 0.051059 0.050453 0.049915 0.049400 0.048888 0.048372 0.047851 0.047322 0.046788 0.046247 0.045701 0.045150 0.044593 0.044032 0.043466 0.042897 0.042323 0.041746 0.041166 0.040582 0.039996 0.039406 0.038815 0.038221 0.037624 0.037026
0.074730 0.075542 0.076077 0.076381 0.076408 0.076025 0.075242 0.074184 0.072976 0.071694 0.070374 0.069033 0.067679 0.066320 0.064960 0.063603 0.062254 0.060918 0.059600 0.058308 0.057049 0.055836 0.054685 0.053621 0.052685 0.051930 0.051292 0.050701 0.050124 0.049549 0.048971 0.048388 0.047802 0.047211 0.046616 0.046017 0.045414 0.044808 0.044200 0.043588 0.042974 0.042357 0.041738 0.041117 0.040494 0.039870 0.039243 0.038616 0.037986 0.037356
0.084001 0.083463 0.083000 0.082548 0.081985 0.081131 0.079965 0.078590 0.077114 0.075597 0.074069 0.072539 0.071013 0.069494 0.067984 0.066485 0.065001 0.063534 0.062090 0.060672 0.059288 0.057946 0.056658 0.055442 0.054325 0.053356 0.052567 0.051879 0.051231 0.050596 0.049964 0.049330 0.048694 0.048056 0.047416 0.046773 0.046128 0.045481 0.044833 0.044182 0.043531 0.042878 0.042223 0.041568 0.040912 0.040255 0.039596 0.038938 0.038278 0.037619
0.087512 0.087091 0.086612 0.086066 0.085371 0.084370 0.083051 0.081524 0.079899 0.078242 0.076581 0.074928 0.073287 0.071659 0.070047 0.068452 0.066875 0.065319 0.063786 0.062281 0.060807 0.059371 0.057981 0.056650 0.055394 0.054243 0.053246 0.052429 0.051711 0.051030 0.050363 0.049699 0.049035 0.048370 0.047702 0.047034 0.046364 0.045692 0.045019 0.044345 0.043670 0.042994 0.042317 0.041640 0.040962 0.040283 0.039605 0.038925 0.038246 0.037566
0.087512 0.086978 0.086456 0.085915 0.085271 0.084349 0.083110 0.081646 0.080073 0.078459 0.076837 0.075217 0.073604 0.072001 0.070408 0.068827 0.067259 0.065706 0.064171 0.062656 0.061165 0.059704 0.058277 0.056894 0.055566 0.054311 0.053157 0.052150 0.051324 0.050602 0.049919 0.049250 0.048584 0.047918 0.047249 0.046578 0.045906 0.045231 0.044554 0.043876 0.043196 0.042516 0.041834 0.041151 0.040467 0.039782 0.039097 0.038412 0.037725 0.037039
0.082596 0.082537 0.082460 0.082334 0.082092 0.081562 0.080673 0.079503 0.078175 0.076772 0.075332 0.073872 0.072401 0.070921 0.069436 0.067948 0.066461 0.064976 0.063497 0.062027 0.060570 0.059130 0.057712 0.056323 0.054970 0.053666 0.052427 0.051276 0.050256 0.049411 0.048692 0.048022 0.047368 0.046717 0.046065 0.045410 0.044752 0.044091 0.043427 0.042761 0.042092 0.041421 0.040749 0.040074 0.039398 0.038721 0.038042 0.037363 0.036682 0.036001
0.077539 0.078256 0.078781 0.079133 0.079287 0.079103 0.078503 0.077563 0.076417 0.075161 0.073844 0.072490 0.071109 0.069708 0.068292 0.066865 0.065429 0.063988 0.062546 0.061105 0.059670 0.058243 0.056829 0.055434 0.054062 0.052721 0.051422 0.050177 0.049006 0.047942 0.047028 0.046280 0.045613 0.044972 0.044338 0.043704 0.043067 0.042427 0.041783 0.041136 0.040486 0.039834 0.039178 0.038520 0.037860 0.037197 0.036533 0.035867 0.035200 0.034531
0.080910 0.080740 0.080582 0.080404 0.080149 0.079657 0.078820 0.077690 0.076390 0.075009 0.073591 0.072155 0.070708 0.069254 0.067795 0.066332 0.064867 0.063401 0.061936 0.060475 0.059019 0.057570 0.056131 0.054706 0.053298 0.051911 0.050552 0.049227 0.047948 0.046728 0.045590 0.044566 0.043694 0.042980 0.042336 0.041711 0.041091 0.040470 0.039846 0.039219 0.038589 0.037955 0.037317 0.036677 0.036034 0.035389 0.034740 0.034090 0.033437 0.032783
0.082877 0.082479 0.082077 0.081661 0.081192 0.080527 0.079544 0.078284 0.076864 0.075376 0.073865 0.072349 0.070834 0.069321 0.067812 0.066305 0.064801 0.063301 0.061804 0.060311 0.058824 0.057344 0.055872 0.054410 0.052960 0.051525 0.050109 0.048716 0.047351 0.046022 0.044738 0.043514 0.042371 0.041338 0.040448 0.039721 0.039081 0.038463 0.037851 0.037238 0.036622 0.036004 0.035381 0.034755 0.034126 0.033493 0.032858 0.032220 0.031579 0.030936
0.081753 0.081442 0.081169 0.080903 0.080599 0.080129 0.079338 0.078237 0.076937 0.075540 0.074100 0.072641 0.071170 0.069692 0.068207 0.066718 0.065224 0.063727 0.062227 0.060726 0.059225 0.057725 0.056228 0.054735 0.053249 0.051771 0.050304 0.048851 0.047415 0.046000 0.044613 0.043259 0.041947 0.040693 0.039512 0.038432 0.037482 0.036692 0.036027 0.035403 0.034788 0.034173 0.033556 0.032936 0.032313 0.031685 0.031055 0.030421 0.029785 0.029146
0.078382 0.079039 0.079535 0.079884 0.080083 0.080063 0.079667 0.078877 0.077801 0.076563 0.075237 0.073859 0.072447 0.071008 0.069548 0.068069 0.066575 0.065069 0.063553 0.062028 0.060497 0.058962 0.057424 0.055885 0.054348 0.052814 0.051285 0.049764 0.048254 0.046756 0.045275 0.043814 0.042378 0.040975 0.039612 0.038301 0.037057 0.035904 0.034869 0.033983 0.033255 0.032601 0.031967 0.031336 0.030704 0.030070 0.029434 0.028794 0.028151 0.027506
0.083720 0.084001 0.084167 0.084229 0.084182 0.083982 0.083468 0.082570 0.081370 0.079996 0.078534 0.077026 0.075490 0.073934 0.072364 0.070780 0.069185 0.067582 0.065971 0.064354 0.062732 0.061108 0.059482 0.057856 0.056231 0.054608 0.052991 0.051379 0.049775 0.048181 0.046599 0.045032 0.043483 0.041955 0.040454 0.038984 0.037553 0.036171 0.034853 0.033618 0.032492 0.031506 0.030689 0.029985 0.029316 0.028657 0.028000 0.027343 0.026683 0.026022
0.094255 0.093229 0.092355 0.091577 0.090845 0.090091 0.089142 0.087882 0.086359 0.084689 0.082958 0.081205 0.079447 0.077689 0.075931 0.074175 0.072420 0.070667 0.068915 0.067164 0.065416 0.063670 0.061928 0.060189 0.058455 0.056727 0.055006 0.053292 0.051587 0.049892 0.048208 0.046538 0.044883 0.043245 0.041628 0.040034 0.038467 0.036933 0.035438 0.033992 0.032607 0.031301 0.030099 0.029033 0.028136 0.027378 0.026671 0.025982 0.025298 0.024615
0.095800 0.095577 0.095206 0.094730 0.094163 0.093492 0.092592 0.091343 0.089787 0.088048 0.086226 0.084371 0.082505 0.080636 0.078769 0.076904 0.075042 0.073184 0.071330 0.069480 0.067636 0.065797 0.063963 0.062137 0.060317 0.058504 0.056700 0.054905 0.053119 0.051344 0.049581 0.047830 0.046093 0.044372 0.042668 0.040983 0.039320 0.037682 0.036072 0.034497 0.032961 0.031473 0.030047 0.028698 0.027451 0.026340 0.025402 0.024610 0.023878 0.023167
0.098328 0.097461 0.096717 0.096033 0.095361 0.094652 0.093781 0.092586 0.091074 0.089355 0.087535 0.085672 0.083792 0.081905 0.080016 0.078126 0.076238 0.074351 0.072468 0.070588 0.068712 0.066841 0.064975 0.063115 0.061261 0.059415 0.057576 0.055744 0.053922 0.052110 0.050307 0.048516 0.046737 0.044971 0.043220 0.041484 0.039767 0.038069 0.036394 0.034745 0.033124 0.031538 0.029993 0.028497 0.027062 0.025706 0.024456 0.023346 0.022416 0.021623
0.093693 0.094109 0.094199 0.094061 0.093754 0.093303 0.092657 0.091664 0.090305 0.088689 0.086941 0.085134 0.083303 0.081462 0.079617 0.077770 0.075923 0.074075 0.072229 0.070384 0.068540 0.066699 0.064860 0.063024 0.061192 0.059364 0.057540 0.055722 0.053910 0.052104 0.050305 0.048515 0.046734 0.044963 0.043203 0.041456 0.039722 0.038004 0.036303 0.034621 0.032963 0.031329 0.029726 0.028157 0.026631 0.025155 0.023745 0.022418 0.021206 0.020149
0.097626 0.095753 0.094334 0.093219 0.092301 0.091490 0.090669 0.089632 0.088299 0.086743 0.085074 0.083359 0.081627 0.079889 0.078146 0.076400 0.074649 0.072894 0.071135 0.069371 0.067604 0.065833 0.064060 0.062284 0.060507 0.058729 0.056951 0.055175 0.053399 0.051627 0.049857 0.048093 0.046333 0.044580 0.042834 0.041097 0.039370 0.037655 0.035952 0.034265 0.032595 0.030944 0.029316 0.027715 0.026145 0.024612 0.023124 0.021693 0.020334 0.019071
0.082736 0.084228 0.085268 0.085971 0.086411 0.086628 0.086600 0.086185 0.085345 0.084185 0.082835 0.081382 0.079869 0.078314 0.076727 0.075115 0.073480 0.071827 0.070157 0.068473 0.066776 0.065069 0.063352 0.061628 0.059897 0.058161 0.056421 0.054678 0.052934 0.051189 0.049444 0.047701 0.045961 0.044225 0.042493 0.040768 0.039050 0.037341 0.035642 0.033955 0.032281 0.030624 0.028984 0.027367 0.025773 0.024210 0.022681 0.021194 0.019760 0.018392
0.087793 0.087751 0.087753 0.087750 0.087707 0.087590 0.087328 0.086748 0.085792 0.084546 0.083133 0.081631 0.080079 0.078492 0.076879 0.075244 0.073591 0.071922 0.070238 0.068542 0.066836 0.065120 0.063396 0.061666 0.059931 0.058191 0.056448 0.054703 0.052957 0.051211 0.049465 0.047721 0.045979 0.044241 0.042508 0.040780 0.039059 0.037346 0.035642 0.033949 0.032268 0.030600 0.028949 0.027317 0.025706 0.024119 0.022562 0.021040 0.019560 0.018132
0.094536 0.094017 0.093471 0.092906 0.092322 0.091704 0.090995 0.090027 0.088727 0.087175 0.085488 0.083745 0.081980 0.080208 0.078434 0.076659 0.074883 0.073107 0.071330 0.069552 0.067774 0.065996 0.064217 0.062438 0.060659 0.058882 0.057105 0.055329 0.053556 0.051785 0.050017 0.048253 0.046493 0.044738 0.042989 0.041246 0.039511 0.037784 0.036066 0.034359 0.032664 0.030982 0.029316 0.027666 0.026037 0.024431 0.022850 0.021301 0.019788 0.018320
0.099031 0.097958 0.096961 0.096026 0.095136 0.094264 0.093355 0.092240 0.090816 0.089142 0.087337 0.085484 0.083621 0.081761 0.079908 0.078064 0.076226 0.074394 0.072567 0.070744 0.068925 0.067109 0.065296 0.063486 0.061678 0.059874 0.058072 0.056274 0.054479 0.052687 0.050900 0.049118 0.047341 0.045569 0.043804 0.042046 0.040296 0.038554 0.036822 0.035100 0.033391 0.031695 0.030014 0.028349 0.026704 0.025080 0.023481 0.021911 0.020375 0.018879
0.095098 0.094549 0.094082 0.093653 0.093229 0.092777 0.092246 0.091474 0.090348 0.088923 0.087322 0.085637 0.083914 0.082170 0.080414 0.078649 0.076876 0.075098 0.073314 0.071525 0.069733 0.067938 0.066141 0.064342 0.062543 0.060743 0.058943 0.057145 0.055348 0.053553 0.051762 0.049974 0.048191 0.046412 0.044639 0.042873 0.041114 0.039364 0.037623 0.035892 0.034173 0.032467 0.030775 0.029101 0.027444 0.025809 0.024198 0.022616 0.021066 0.019555
0.087512 0.088841 0.089771 0.090392 0.090767 0.090930 0.090872 0.090465 0.089627 0.088438 0.087033 0.085510 0.083921 0.082288 0.080623 0.078934 0.077224 0.075497 0.073755 0.072001 0.070238 0.068465 0.066686 0.064902 0.063113 0.061321 0.059528 0.057733 0.055938 0.054145 0.052352 0.050563 0.048777 0.046995 0.045219 0.043448 0.041685 0.039930 0.038184 0.036448 0.034724 0.033013 0.031316 0.029637 0.027976 0.026337 0.024723 0.023137 0.021585 0.020073
0.097767 0.096751 0.095951 0.095282 0.094683 0.094101 0.093462 0.092586 0.091378 0.089906 0.088285 0.086594 0.084871 0.083130 0.081377 0.079615 0.077845 0.076067 0.074284 0.072494 0.070700 0.068902 0.067100 0.065296 0.063490 0.061683 0.059875 0.058069 0.056263 0.054459 0.052658 0.050860 0.049067 0.047279 0.045496 0.043720 0.041952 0.040192 0.038442 0.036704 0.034977 0.033265 0.031568 0.029890 0.028231 0.026595 0.024986 0.023409 0.021868 0.020371
0.099171 0.098728 0.098164 0.097529 0.096845 0.096114 0.095297 0.094235 0.092844 0.091199 0.089418 0.087583 0.085731 0.083876 0.082023 0.080173 0.078326 0.076481 0.074638 0.072798 0.070959 0.069121 0.067285 0.065451 0.063619 0.061789 0.059961 0.058137 0.056315 0.054498 0.052685 0.050878 0.049076 0.047280 0.045492 0.043711 0.041940 0.040178 0.038428 0.036690 0.034966 0.033258 0.031567 0.029897 0.028249 0.026628 0.025037 0.023482 0.021971 0.020513
0.099874 0.098738 0.097800 0.096985 0.096237 0.095510 0.094737 0.093746 0.092425 0.090835 0.089095 0.087290 0.085461 0.083623 0.081781 0.079939 0.078097 0.076254 0.074411 0.072568 0.070726 0.068885 0.067045 0.065206 0.063369 0.061534 0.059702 0.057874 0.056050 0.054230 0.052415 0.050606 0.048804 0.047009 0.045222 0.043445 0.041677 0.039922 0.038179 0.036450 0.034738 0.033044 0.031370 0.029721 0.028099 0.026509 0.024957 0.023451 0.022002 0.020626
0.091024 0.091884 0.092407 0.092676 0.092741 0.092631 0.092332 0.091708 0.090676 0.089315 0.087758 0.086100 0.084389 0.082648 0.080885 0.079108 0.077318 0.075519 0.073712 0.071899 0.070082 0.068261 0.066439 0.064615 0.062791 0.060968 0.059147 0.057328 0.055513 0.053702 0.051896 0.050097 0.048304 0.046520 0.044745 0.042980 0.041228 0.039488 0.037764 0.036057 0.034370 0.032705 0.031067 0.029459 0.027886 0.026358 0.024883 0.023475 0.022154 0.020949
0.095800 0.095090 0.094500 0.093973 0.093467 0.092944 0.092338 0.091478 0.090272 0.088791 0.087154 0.085443 0.083697 0.081931 0.080153 0.078366 0.076571 0.074771 0.072965 0.071155 0.069342 0.067527 0.065710 0.063894 0.062078 0.060264 0.058452 0.056644 0.054840 0.053041 0.051248 0.049463 0.047687 0.045921 0.044165 0.042423 0.040696 0.038985 0.037294 0.035625 0.033983 0.032371 0.030795 0.029264 0.027788 0.026380 0.025060 0.023855 0.022794 0.021900
0.095940 0.095489 0.094970 0.094406 0.093805 0.093161 0.092428 0.091442 0.090118 0.088531 0.086802 0.085011 0.083198 0.081378 0.079554 0.077730 0.075906 0.074082 0.072258 0.070435 0.068613 0.066792 0.064974 0.063158 0.061345 0.059536 0.057731 0.055933 0.054141 0.052356 0.050581 0.048815 0.047061 0.045321 0.043595 0.041887 0.040200 0.038536 0.036900 0.035297 0.033733 0.032218 0.030764 0.029385 0.028103 0.026942 0.025928 0.025066 0.024274 0.023502
0.095519 0.094730 0.094037 0.093399 0.092783 0.092154 0.091452 0.090499 0.089205 0.087641 0.085931 0.084156 0.082356 0.080546 0.078731 0.076915 0.075098 0.073281 0.071464 0.069648 0.067834 0.066021 0.064212 0.062406 0.060605 0.058810 0.057021 0.055240 0.053468 0.051707 0.049958 0.048223 0.046505 0.044806 0.043129 0.041478 0.039858 0.038275 0.036739 0.035259 0.033850 0.032530 0.031321 0.030243 0.029319 0.028494 0.027696 0.026902 0.026109 0.025316
0.090041 0.090382 0.090543 0.090554 0.090432 0.090178 0.089743 0.088960 0.087789 0.086330 0.084714 0.083020 0.081288 0.079533 0.077764 0.075986 0.074201 0.072411 0.070618 0.068823 0.067029 0.065237 0.063447 0.061662 0.059883 0.058112 0.056349 0.054598 0.052859 0.051136 0.049430 0.047745 0.046086 0.044456 0.042862 0.041313 0.039819 0.038394 0.037055 0.035824 0.034719 0.033763 0.032911 0.032088 0.031267 0.030446 0.029625 0.028804 0.027982 0.027158
0.092288 0.092066 0.091781 0.091436 0.091025 0.090523 0.089817 0.088757 0.087368 0.085771 0.084073 0.082328 0.080562 0.078785 0.077001 0.075214 0.073425 0.071635 0.069847 0.068061 0.066278 0.064501 0.062730 0.060968 0.059215 0.057475 0.055749 0.054039 0.052350 0.050685 0.049048 0.047446 0.045887 0.044382 0.042945 0.041594 0.040349 0.039230 0.038258 0.037386 0.036540 0.035694 0.034847 0.034001 0.033154 0.032306 0.031457 0.030606 0.029755 0.028903
0.095940 0.094839 0.093869 0.092983 0.092135 0.091248 0.090135 0.088715 0.087066 0.085300 0.083492 0.081673 0.079855 0.078041 0.076234 0.074433 0.072637 0.070849 0.069067 0.067294 0.065529 0.063775 0.062032 0.060304 0.058591 0.056898 0.055228 0.053584 0.051973 0.050403 0.048884 0.047430 0.046059 0.044795 0.043656 0.042665 0.041773 0.040906 0.040040 0.039173 0.038307 0.037439 0.036570 0.035699 0.034827 0.033954 0.033080 0.032205 0.031329 0.030453
0.091445 0.091316 0.091060 0.090698 0.090224 0.089546 0.088512 0.087146 0.085569 0.083889 0.082165 0.080422 0.078672 0.076918 0.075164 0.073412 0.071663 0.069919 0.068181 0.066452 0.064733 0.063027 0.061337 0.059666 0.058019 0.056401 0.054818 0.053280 0.051800 0.050395 0.049090 0.047909 0.046877 0.045958 0.045073 0.044192 0.043312 0.042431 0.041548 0.040664 0.039778 0.038890 0.038000 0.037109 0.036217 0.035323 0.034429 0.033533 0.032637 0.031741
0.089900 0.089666 0.089424 0.089133 0.088732 0.088049 0.086994 0.085645 0.084127 0.082525 0.080882 0.079215 0.077534 0.075844 0.074149 0.072450 0.070752 0.069057 0.067368 0.065688 0.064022 0.062373 0.060746 0.059148 0.057585 0.056069 0.054615 0.053243 0.051982 0.050862 0.049889 0.048981 0.048088 0.047198 0.046308 0.045416 0.044522 0.043625 0.042726 0.041825 0.040922 0.040017 0.039111 0.038203 0.037294 0.036383 0.035472 0.034560 0.033647 0.032733
0.089479 0.089635 0.089587 0.089358 0.088876 0.088001 0.086763 0.085291 0.083698 0.082046 0.080367 0.078672 0.076970 0.075264 0.073558 0.071856 0.070160 0.068473 0.066800 0.065144 0.063511 0.061906 0.060337 0.058815 0.057354 0.055978 0.054716 0.053607 0.052636 0.051719 0.050817 0.049919 0.049021 0.048120 0.047216 0.046310 0.045401 0.044489 0.043575 0.042659 0.041742 0.040822 0.039901 0.038979 0.038055 0.037130 0.036205 0.035278 0.034351 0.033423
0.095379 0.094122 0.093015 0.091952 0.090730 0.089238 0.087538 0.085739 0.083911 0.082084 0.080269 0.078469 0.076683 0.074912 0.073157 0.071419 0.069699 0.068001 0.066328 0.064685 0.063079 0.061520 0.060020 0.058599 0.057288 0.056126 0.055120 0.054184 0.053271 0.052366 0.051460 0.050551 0.049640 0.048725 0.047808 0.046888 0.045965 0.045040 0.044113 0.043184 0.042253 0.041320 0.040386 0.039451 0.038514 0.037576 0.036638 0.035698 0.034758 0.033818
0.091867 0.091564 0.091117 0.090448 0.089412 0.088032 0.086434 0.084729 0.082978 0.081209 0.079437 0.077667 0.075903 0.074150 0.072411 0.070689 0.068988 0.067315 0.065674 0.064076 0.062532 0.061058 0.059680 0.058436 0.057361 0.056396 0.055470 0.054557 0.053646 0.052732 0.051815 0.050895 0.049970 0.049043 0.048113 0.047179 0.046244 0.045306 0.044366 0.043424 0.042481 0.041536 0.040589 0.039642 0.038693 0.037744 0.036794 0.035843 0.034891 0.033939
0.090462 0.090242 0.089859 0.089175 0.088096 0.086701 0.085122 0.083453 0.081741 0.080011 0.078273 0.076535 0.074802 0.073080 0.071373 0.069688 0.068030 0.066409 0.064834 0.063321 0.061892 0.060579 0.059421 0.058412 0.057468 0.056544 0.055625 0.054705 0.053781 0.052853 0.051921 0.050986 0.050047 0.049105 0.048161 0.047215 0.046266 0.045315 0.044363 0.043409 0.042453 0.041497 0.040539 0.039581 0.038622 0.037662 0.036701 0.035741 0.034779 0.033818
0.092288 0.091387 0.090442 0.089254 0.087769 0.086080 0.084297 0.082486 0.080676 0.078878 0.077096 0.075333 0.073593 0.071878 0.070194 0.068547 0.066946 0.065402 0.063936 0.062573 0.061352 0.060293 0.059320 0.058377 0.057442 0.056507 0.055570 0.054630 0.053687 0.052741 0.051792 0.050841 0.049887 0.048932 0.047974 0.047015 0.046055 0.045093 0.044130 0.043167 0.042202 0.041236 0.040270 0.039304 0.038337 0.037370 0.036402 0.035434 0.034467 0.033499
0.090041 0.089420 0.088579 0.087385 0.085882 0.084199 0.082441 0.080662 0.078888 0.077128 0.075390 0.073677 0.071993 0.070346 0.068740 0.067189 0.065705 0.064314 0.063051 0.061950 0.060952 0.059989 0.059039 0.058091 0.057143 0.056194 0.055243 0.054290 0.053335 0.052379 0.051420 0.050461 0.049500 0.048538 0.047574 0.046610 0.045645 0.044679 0.043712 0.042744 0.041776 0.040808 0.039839 0.038869 0.037900 0.036930 0.035960 0.034991 0.034021 0.033051
0.087231 0.086508 0.085594 0.084374 0.082914 0.081330 0.079697 0.078054 0.076416 0.074790 0.073182 0.071598 0.070044 0.068528 0.067063 0.065666 0.064364 0.063204 0.062183 0.061222 0.060282 0.059348 0.058415 0.057479 0.056542 0.055601 0.054659 0.053714 0.052767 0.051817 0.050866 0.049913 0.048959 0.048003 0.047046 0.046087 0.045127 0.044166 0.043204 0.042241 0.041278 0.040313 0.039348 0.038383 0.037417 0.036450 0.035484 0.034517 0.033549 0.032582
0.082174 0.082259 0.081857 0.081007 0.079853 0.078532 0.077125 0.075675 0.074204 0.072726 0.071251 0.069791 0.068354 0.066954 0.065608 0.064339 0.063187 0.062183 0.061257 0.060361 0.059470 0.058578 0.057681 0.056779 0.055872 0.054959 0.054043 0.053121 0.052196 0.051268 0.050336 0.049401 0.048462 0.047522 0.046578 0.045633 0.044685 0.043736 0.042784 0.041831 0.040877 0.039921 0.038964 0.038006 0.037046 0.036086 0.035125 0.034163 0.033201 0.032238
0.085265 0.084222 0.082995 0.081564 0.080018 0.078436 0.076857 0.075294 0.073749 0.072225 0.070724 0.069250 0.067808 0.066410 0.065068 0.063805 0.062658 0.061667 0.060769 0.059904 0.059046 0.058185 0.057318 0.056443 0.055561 0.054673 0.053778 0.052877 0.051971 0.051060 0.050144 0.049223 0.048299 0.047370 0.046438 0.045503 0.044565 0.043624 0.042681 0.041735 0.040787 0.039837 0.038885 0.037932 0.036977 0.036020 0.035063 0.034104 0.033144 0.032183
0.084422 0.084118 0.083353 0.082223 0.080876 0.079420 0.077910 0.076376 0.074832 0.073289 0.071754 0.070236 0.068742 0.067283 0.065872 0.064529 0.063282 0.062181 0.061229 0.060343 0.059479 0.058616 0.057749 0.056875 0.055994 0.055106 0.054211 0.053310 0.052403 0.051491 0.050574 0.049652 0.048726 0.047796 0.046862 0.045925 0.044985 0.044041 0.043095 0.042147 0.041196 0.040243 0.039288 0.038331 0.037373 0.036413 0.035452 0.034489 0.033526 0.032561
0.089760 0.088900 0.087700 0.086231 0.084615 0.082936 0.081237 0.079534 0.077837 0.076151 0.074481 0.072834 0.071214 0.069630 0.068092 0.066614 0.065220 0.063943 0.062836 0.061860 0.060938 0.060034 0.059131 0.058226 0.057315 0.056399 0.055478 0.054553 0.053622 0.052688 0.051750 0.050808 0.049862 0.048914 0.047963 0.047009 0.046052 0.045093 0.044132 0.043169 0.042204 0.041238 0.040269 0.039300 0.038329 0.037357 0.036384 0.035410 0.034435 0.033459
0.095940 0.094629 0.093039 0.091243 0.089351 0.087433 0.085522 0.083628 0.081757 0.079912 0.078094 0.076307 0.074554 0.072842 0.071178 0.069573 0.068043 0.066615 0.065334 0.064229 0.063222 0.062253 0.061296 0.060343 0.059388 0.058430 0.057470 0.056508 0.055543 0.054575 0.053605 0.052633 0.051659 0.050683 0.049705 0.048726 0.047745 0.046762 0.045779 0.044794 0.043808 0.042821 0.041832 0.040844 0.039854 0.038863 0.037872 0.036881 0.035889 0.034896
0.098750 0.097794 0.096409 0.094725 0.092888 0.090988 0.089071 0.087156 0.085254 0.083371 0.081511 0.079677 0.077875 0.076110 0.074388 0.072720 0.071119 0.069607 0.068219 0.067008 0.065931 0.064912 0.063915 0.062925 0.061936 0.060946 0.059955 0.058962 0.057968 0.056972 0.055975 0.054976 0.053976 0.052975 0.051972 0.050968 0.049964 0.048958 0.047952 0.046944 0.045937 0.044928 0.043919 0.042909 0.041899 0.040888 0.039877 0.038866 0.037855 0.036843
0.103104 0.101423 0.099604 0.097689 0.095748 0.093819 0.091914 0.090032 0.088171 0.086329 0.084507 0.082705 0.080928 0.079179 0.077465 0.075795 0.074182 0.072645 0.071215 0.069942 0.068828 0.067790 0.066780 0.065778 0.064778 0.063777 0.062773 0.061766 0.060757 0.059746 0.058732 0.057717 0.056700 0.055681 0.054661 0.053639 0.052616 0.051592 0.050567 0.049541 0.048514 0.047486 0.046458 0.045429 0.044400 0.043370 0.042340 0.041310 0.040279 0.039248
0.100435 0.100478 0.099872 0.098821 0.097500 0.096016 0.094430 0.092779 0.091084 0.089361 0.087624 0.085883 0.084148 0.082426 0.080728 0.079064 0.077449 0.075901 0.074448 0.073138 0.072001 0.070956 0.069946 0.068944 0.067942 0.066938 0.065929 0.064916 0.063899 0.062878 0.061854 0.060827 0.059798 0.058765 0.057731 0.056694 0.055656 0.054616 0.053575 0.052532 0.051488 0.050443 0.049397 0.048351 0.047303 0.046255 0.045207 0.044158 0.043108 0.042059
0.111813 0.109869 0.107819 0.105714 0.103619 0.101561 0.099544 0.097566 0.095621 0.093706 0.091819 0.089959 0.088129 0.086332 0.084572 0.082859 0.081203 0.079622 0.078142 0.076812 0.075659 0.074599 0.073575 0.072559 0.071544 0.070525 0.069502 0.068474 0.067442 0.066406 0.065366 0.064323 0.063277 0.062228 0.061176 0.060123 0.059067 0.058009 0.056949 0.055888 0.054826 0.053762 0.052697 0.051631 0.050564 0.049497 0.048429 0.047360 0.046291 0.045221
0.114763 0.113398 0.111696 0.109791 0.107802 0.105790 0.103783 0.101792 0.099824 0.097880 0.095962 0.094074 0.092219 0.090400 0.088625 0.086901 0.085243 0.083669 0.082211 0.080922 0.079784 0.078712 0.077663 0.076620 0.075576 0.074530 0.073480 0.072426 0.071369 0.070308 0.069244 0.068177 0.067108 0.066036 0.064961 0.063885 0.062806 0.061726 0.060644 0.059561 0.058476 0.057390 0.056303 0.055215 0.054126 0.053036 0.051946 0.050855 0.049764 0.048672
0.116730 0.115663 0.114225 0.112565 0.110793 0.108970 0.107124 0.105271 0.103418 0.101572 0.099740 0.097925 0.096135 0.094375 0.092655 0.090987 0.089387 0.087880 0.086511 0.085306 0.084189 0.083107 0.082034 0.080963 0.079890 0.078814 0.077734 0.076651 0.075565 0.074477 0.073385 0.072291 0.071195 0.070096 0.068995 0.067892 0.066788 0.065682 0.064574 0.063465 0.062355 0.061244 0.060131 0.059018 0.057904 0.056789 0.055673 0.054557 0.053441 0.052324
0.121365 0.119779 0.118048 0.116252 0.114441 0.112632 0.110830 0.109035 0.107248 0.105469 0.103702 0.101949 0.100218 0.098515 0.096850 0.095236 0.093693 0.092254 0.090966 0.089802 0.088691 0.087596 0.086504 0.085410 0.084313 0.083212 0.082107 0.080998 0.079885 0.078770 0.077651 0.076530 0.075406 0.074280 0.073152 0.072021 0.070889 0.069755 0.068620 0.067483 0.066345 0.065206 0.064066 0.062925 0.061783 0.060641 0.059498 0.058354 0.057210 0.056066
0.123191 0.122559 0.121464 0.120094 0.118564 0.116938 0.115252 0.113530 0.111786 0.110031 0.108276 0.106528 0.104795 0.103087 0.101414 0.099792 0.098241 0.096793 0.095497 0.094319 0.093190 0.092075 0.090962 0.089845 0.088724 0.087598 0.086468 0.085332 0.084193 0.083050 0.081904 0.080754 0.079602 0.078447 0.077289 0.076129 0.074968 0.073804 0.072639 0.071473 0.070305 0.069136 0.067966 0.066796 0.065624 0.064452 0.063280 0.062107 0.060934 0.059760
0.134710 0.132265 0.129899 0.127630 0.125456 0.123362 0.121330 0.119344 0.117395 0.115476 0.113585 0.111720 0.109885 0.108083 0.106321 0.104612 0.102972 0.101427 0.100024 0.098773 0.097596 0.096445 0.095299 0.094151 0.092999 0.091841 0.090679 0.089512 0.088341 0.087166 0.085987 0.084805 0.083620 0.082433 0.081243 0.080051 0.078857 0.077662 0.076465 0.075266 0.074067 0.072867 0.071666 0.070464 0.069262 0.068059 0.066856 0.065653 0.064449 0.063246
0.135131 0.134426 0.133218 0.131708 0.130022 0.128230 0.126373 0.124476 0.122556 0.120625 0.118694 0.116771 0.114864 0.112980 0.111129 0.109322 0.107574 0.105907 0.104358 0.102975 0.101716 0.100508 0.099316 0.098126 0.096933 0.095736 0.094535 0.093330 0.092121 0.090909 0.089694 0.088476 0.087256 0.086034 0.084810 0.083584 0.082357 0.081128 0.079899 0.078668 0.077437 0.076206 0.074974 0.073741 0.072508 0.071276 0.070043 0.068810 0.067578 0.066346
0.145526 0.143214 0.140878 0.138563 0.136294 0.134070 0.131884 0.129730 0.127603 0.125499 0.123418 0.121362 0.119333 0.117335 0.115374 0.113459 0.111600 0.109816 0.108134 0.106600 0.105233 0.103953 0.102705 0.101468 0.100232 0.098994 0.097754 0.096512 0.095266 0.094019 0.092770 0.091519 0.090266 0.089012 0.087757 0.086501 0.085244 0.083986 0.082728 0.081470 0.080211 0.078952 0.077693 0.076434 0.075175 0.073916 0.072658 0.071400 0.070143 0.068886
0.146650 0.145268 0.143498 0.141514 0.139427 0.137291 0.135135 0.132976 0.130822 0.128680 0.126555 0.124451 0.122372 0.120322 0.118308 0.116338 0.114420 0.112571 0.110811 0.109178 0.107720 0.106383 0.105097 0.103830 0.102567 0.101304 0.100040 0.098775 0.097507 0.096238 0.094968 0.093696 0.092422 0.091148 0.089873 0.088597 0.087320 0.086043 0.084766 0.083488 0.082210 0.080932 0.079654 0.078377 0.077099 0.075822 0.074545 0.073269 0.071993 0.070718
0.149740 0.147514 0.145218 0.142920 0.140654 0.138427 0.136236 0.134075 0.131938 0.129824 0.127731 0.125658 0.123609 0.121586 0.119593 0.117638 0.115728 0.113878 0.112105 0.110440 0.108933 0.107575 0.106283 0.105015 0.103754 0.102493 0.101230 0.099964 0.098695 0.097424 0.096150 0.094874 0.093596 0.092317 0.091036 0.089753 0.088470 0.087185 0.085900 0.084614 0.083328 0.082041 0.080754 0.079466 0.078179 0.076891 0.075604 0.074317 0.073030 0.071744
0.144402 0.143413 0.142046 0.140455 0.138730 0.136921 0.135057 0.133154 0.131226 0.129281 0.127327 0.125370 0.123418 0.121476 0.119551 0.117650 0.115784 0.113965 0.112210 0.110544 0.109012 0.107643 0.106360 0.105108 0.103865 0.102621 0.101373 0.100120 0.098863 0.097602 0.096337 0.095068 0.093796 0.092522 0.091244 0.089965 0.088683 0.087400 0.086115 0.084828 0.083540 0.082251 0.080962 0.079671 0.078380 0.077088 0.075796 0.074504 0.073212 0.071919
0.145667 0.144022 0.142204 0.140304 0.138371 0.136424 0.134470 0.132513 0.130554 0.128595 0.126638 0.124687 0.122744 0.120813 0.118899 0.117009 0.115150 0.113332 0.111569 0.109882 0.108306 0.106889 0.105593 0.104345 0.103111 0.101878 0.100642 0.099400 0.098153 0.096900 0.095643 0.094381 0.093115 0.091846 0.090573 0.089296 0.088017 0.086736 0.085452 0.084166 0.082879 0.081589 0.080299 0.079006 0.077713 0.076419 0.075124 0.073828 0.072532 0.071236
0.145947 0.144065 0.142040 0.139965 0.137886 0.135821 0.133772 0.131738 0.129717 0.127709 0.125713 0.123728 0.121757 0.119802 0.117865 0.115951 0.114065 0.112217 0.110416 0.108679 0.107030 0.105512 0.104152 0.102878 0.101634 0.100398 0.099160 0.097917 0.096670 0.095417 0.094159 0.092896 0.091629 0.090357 0.089082 0.087804 0.086523 0.085238 0.083951 0.082662 0.081371 0.080077 0.078782 0.077486 0.076188 0.074889 0.073588 0.072287 0.070986 0.069684
0.142295 0.141067 0.139508 0.137761 0.135918 0.134021 0.132093 0.130144 0.128183 0.126213 0.124239 0.122264 0.120292 0.118326 0.116370 0.114430 0.112511 0.110619 0.108764 0.106959 0.105219 0.103575 0.102069 0.100715 0.099433 0.098176 0.096924 0.095670 0.094411 0.093148 0.091879 0.090606 0.089328 0.088047 0.086762 0.085473 0.084182 0.082887 0.081591 0.080292 0.078991 0.077688 0.076384 0.075078 0.073771 0.072463 0.071155 0.069845 0.068535 0.067225
0.141593 0.140011 0.138232 0.136348 0.134418 0.132464 0.130495 0.128513 0.126520 0.124517 0.122507 0.120492 0.118476 0.116461 0.114453 0.112454 0.110470 0.108508 0.106573 0.104676 0.102829 0.101050 0.099366 0.097821 0.096432 0.095120 0.093835 0.092556 0.091276 0.089993 0.088706 0.087414 0.086119 0.084821 0.083519 0.082215 0.080908 0.079599 0.078288 0.076975 0.075661 0.074346 0.073029 0.071711 0.070393 0.069074 0.067755 0.066435 0.065115 0.063796
0.139626 0.138379 0.136760 0.134926 0.132973 0.130951 0.128887 0.126795 0.124685 0.122565 0.120438 0.118310 0.116184 0.114064 0.111951 0.109851 0.107767 0.105704 0.103666 0.101660 0.099695 0.097783 0.095939 0.094189 0.092573 0.091123 0.089767 0.088447 0.087138 0.085830 0.084521 0.083210 0.081897 0.080581 0.079263 0.077943 0.076621 0.075298 0.073974 0.072649 0.071324 0.069997 0.068670 0.067343 0.066016 0.064688 0.063361 0.062034 0.060707 0.059380
0.141593 0.139068 0.136498 0.133945 0.131440 0.128988 0.126582 0.124216 0.121880 0.119572 0.117285 0.115019 0.112771 0.110542 0.108331 0.106138 0.103967 0.101818 0.099695 0.097602 0.095544 0.093529 0.091566 0.089671 0.087864 0.086181 0.084663 0.083269 0.081924 0.080597 0.079275 0.077954 0.076632 0.075309 0.073984 0.072659 0.071332 0.070005 0.068678 0.067350 0.066021 0.064693 0.063364 0.062036 0.060708 0.059380 0.058052 0.056725 0.055399 0.054073
0.133305 0.131660 0.129704 0.127584 0.125389 0.123160 0.120919 0.118674 0.116431 0.114191 0.111957 0.109730 0.107511 0.105302 0.103103 0.100916 0.098744 0.096587 0.094450 0.092335 0.090245 0.088188 0.086168 0.084195 0.082282 0.080447 0.078719 0.077139 0.075716 0.074367 0.073044 0.071731 0.070420 0.069110 0.067798 0.066485 0.065171 0.063856 0.062541 0.061225 0.059909 0.058592 0.057276 0.055959 0.054643 0.053327 0.052011 0.050695 0.049380 0.048066
0.124877 0.123268 0.121450 0.119519 0.117533 0.115516 0.113479 0.111425 0.109355 0.107271 0.105176 0.103072 0.100960 0.098844 0.096726 0.094608 0.092493 0.090384 0.088283 0.086194 0.084121 0.082067 0.080037 0.078039 0.076080 0.074170 0.072325 0.070568 0.068932 0.067456 0.066106 0.064804 0.063519 0.062238 0.060957 0.059675 0.058391 0.057106 0.055819 0.054531 0.053241 0.051951 0.050660 0.049368 0.048075 0.046783 0.045490 0.044197 0.042903 0.041610
0.115887 0.114875 0.113480 0.111858 0.110102 0.108263 0.106367 0.104429 0.102457 0.100459 0.098440 0.096405 0.094355 0.092296 0.090229 0.088157 0.086083 0.084009 0.081938 0.079874 0.077818 0.075774 0.073746 0.071739 0.069757 0.067807 0.065899 0.064044 0.062260 0.060572 0.059015 0.057621 0.056329 0.055073 0.053828 0.052585 0.051340 0.050093 0.048844 0.047592 0.046338 0.045082 0.043824 0.042565 0.041304 0.040042 0.038779 0.037516 0.036251 0.034986
0.113640 0.111620 0.109494 0.107338 0.105191 0.103063 0.100955 0.098859 0.096773 0.094692 0.092614 0.090537 0.088460 0.086383 0.084306 0.082229 0.080154 0.078082 0.076012 0.073949 0.071892 0.069845 0.067809 0.065789 0.063786 0.061807 0.059856 0.057939 0.056068 0.054254 0.052518 0.050886 0.049396 0.048066 0.046819 0.045600 0.044389 0.043178 0.041965 0.040749 0.039530 0.038308 0.037084 0.035857 0.034628 0.033398 0.032165 0.030931 0.029696 0.028459
0.106757 0.105269 0.103493 0.101568 0.099573 0.097547 0.095505 0.093456 0.091401 0.089344 0.087284 0.085221 0.083155 0.081088 0.079019 0.076949 0.074878 0.072808 0.070739 0.068674 0.066613 0.064558 0.062511 0.060475 0.058452 0.056445 0.054459 0.052497 0.050566 0.048673 0.046830 0.045049 0.043354 0.041776 0.040353 0.039076 0.037861 0.036667 0.035478 0.034289 0.033097 0.031903 0.030705 0.029505 0.028302 0.027097 0.025890 0.024681 0.023470 0.022259
0.101840 0.100068 0.098192 0.096273 0.094344 0.092411 0.090471 0.088520 0.086557 0.084580 0.082587 0.080580 0.078560 0.076528 0.074485 0.072434 0.070375 0.068311 0.066243 0.064174 0.062105 0.060038 0.057975 0.055918 0.053871 0.051835 0.049814 0.047811 0.045831 0.043878 0.041960 0.040085 0.038266 0.036519 0.034870 0.033358 0.032015 0.030780 0.029587 0.028407 0.027229 0.026051 0.024871 0.023688 0.022503 0.021315 0.020126 0.018935 0.017742 0.016548
0.094676 0.094160 0.093139 0.091799 0.090255 0.088575 0.086798 0.084948 0.083042 0.081094 0.079111 0.077100 0.075067 0.073015 0.070949 0.068871 0.066784 0.064690 0.062592 0.060491 0.058390 0.056289 0.054193 0.052101 0.050018 0.047944 0.045882 0.043836 0.041808 0.039803 0.037825 0.035880 0.033976 0.032124 0.030338 0.028641 0.027066 0.025660 0.024396 0.023193 0.022013 0.020840 0.019667 0.018493 0.017318 0.016141 0.014963 0.013783 0.012602 0.011422
0.100435 0.097858 0.095300 0.092803 0.090383 0.088035 0.085744 0.083493 0.081272 0.079071 0.076884 0.074705 0.072532 0.070363 0.068196 0.066031 0.063868 0.061707 0.059548 0.057392 0.055241 0.053094 0.050953 0.048820 0.046696 0.044582 0.042481 0.040395 0.038325 0.036277 0.034252 0.032255 0.030293 0.028371 0.026502 0.024697 0.022978 0.021378 0.019945 0.018666 0.017458 0.016277 0.015105 0.013934 0.012764 0.011594 0.010422 0.009251 0.008082 0.006915
0.094676 0.093212 0.091389 0.089370 0.087255 0.085094 0.082911 0.080718 0.078520 0.076322 0.074124 0.071927 0.069731 0.067537 0.065346 0.063156 0.060969 0.058784 0.056603 0.054425 0.052253 0.050086 0.047925 0.045772 0.043628 0.041494 0.039373 0.037265 0.035173 0.033100 0.031049 0.029023 0.027026 0.025066 0.023149 0.021285 0.019489 0.017783 0.016201 0.014796 0.013532 0.012330 0.011153 0.009984 0.008817 0.007653 0.006491 0.005334 0.004189 0.003072
0.091024 0.089233 0.087284 0.085259 0.083206 0.081141 0.079067 0.076986 0.074895 0.072795 0.070686 0.068567 0.066441 0.064307 0.062167 0.060021 0.057872 0.055720 0.053567 0.051413 0.049261 0.047110 0.044963 0.042821 0.040686 0.038558 0.036441 0.034335 0.032243 0.030167 0.028111 0.026078 0.024071 0.022096 0.020159 0.018269 0.016438 0.014681 0.013026 0.011515 0.010183 0.008955 0.007770 0.006603 0.005443 0.004293 0.003158 0.002074 0.001077 0.000399
0.084984 0.083871 0.082423 0.080778 0.079016 0.077179 0.075288 0.073355 0.071389 0.069394 0.067376 0.065337 0.063280 0.061209 0.059124 0.057028 0.054924 0.052812 0.050695 0.048574 0.046450 0.044326 0.042202 0.040081 0.037965 0.035854 0.033751 0.031658 0.029577 0.027511 0.025462 0.023433 0.021429 0.019454 0.017515 0.015618 0.013775 0.012000 0.010313 0.008750 0.007360 0.006109 0.004920 0.003761 0.002627 0.001553 0.000639 0.000234 0.000086 0.000031
0.084984 0.083213 0.081280 0.079276 0.077250 0.075221 0.073190 0.071156 0.069118 0.067073 0.065020 0.062958 0.060888 0.058809 0.056722 0.054628 0.052528 0.050422 0.048312 0.046199 0.044085 0.041970 0.039856 0.037745 0.035638 0.033536 0.031442 0.029358 0.027285 0.025226 0.023184 0.021162 0.019164 0.017193 0.015257 0.013361 0.011516 0.009736 0.008038 0.006452 0.005028 0.003762 0.002582 0.001475 0.000581 0.000213 0.000078 0.000028 0.000010 0.000004
0.083017 0.081423 0.079598 0.077653 0.075654 0.073630 0.071592 0.069542 0.067482 0.065414 0.063336 0.061251 0.059158 0.057058 0.054952 0.052841 0.050726 0.048608 0.046487 0.044366 0.042245 0.040125 0.038008 0.035894 0.033786 0.031685 0.029592 0.027509 0.025438 0.023382 0.021343 0.019324 0.017328 0.015361 0.013427 0.011534 0.009690 0.007909 0.006207 0.004613 0.003169 0.001903 0.000821 0.000300 0.000110 0.000040 0.000015 0.000005 0.000002 0.000001
0.080770 0.079595 0.078042 0.076266 0.074367 0.072398 0.070385 0.068341 0.066275 0.064193 0.062099 0.059994 0.057882 0.055764 0.053641 0.051515 0.049386 0.047256 0.045126 0.042997 0.040869 0.038744 0.036623 0.034507 0.032397 0.030294 0.028201 0.026119 0.024049 0.021994 0.019956 0.017939 0.015946 0.013980 0.012048 0.010157 0.008315 0.006534 0.004832 0.003233 0.001779 0.000688 0.000252 0.000092 0.000034 0.000012 0.000005 0.000002 0.000001 0.000000
0.083158 0.080989 0.078723 0.076439 0.074177 0.071949 0.069752 0.067579 0.065423 0.063280 0.061145 0.059015 0.056888 0.054763 0.052638 0.050514 0.048389 0.046265 0.044142 0.042019 0.039899 0.037781 0.035666 0.033556 0.031452 0.029355 0.027267 0.025189 0.023123 0.021071 0.019036 0.017021 0.015029 0.013065 0.011135 0.009244 0.007402 0.005621 0.003918 0.002317 0.000952 0.000348 0.000127 0.000047 0.000017 0.000006 0.000002 0.000001 0.000000 0.000000
0.078803 0.077430 0.075770 0.073955 0.072062 0.070127 0.068165 0.066184 0.064186 0.062175 0.060150 0.058113 0.056066 0.054008 0.051941 0.049866 0.047783 0.045695 0.043601 0.041504 0.039404 0.037304 0.035203 0.033105 0.031009 0.028919 0.026835 0.024760 0.022695 0.020644 0.018608 0.016591 0.014596 0.012629 0.010695 0.008799 0.006953 0.005168 0.003460 0.001856 0.000695 0.000254 0.000093 0.000034 0.000012 0.000005 0.000002 0.000001 0.000000 0.000000
0.076977 0.075843 0.074432 0.072858 0.071186 0.069446 0.067654 0.065817 0.063941 0.062029 0.060086 0.058116 0.056120 0.054103 0.052066 0.050013 0.047946 0.045867 0.043779 0.041682 0.039580 0.037474 0.035366 0.033257 0.031151 0.029048 0.026951 0.024861 0.022782 0.020716 0.018665 0.016633 0.014623 0.012641 0.010692 0.008784 0.006925 0.005128 0.003411 0.001801 0.000669 0.000245 0.000090 0.000033 0.000012 0.000004 0.000002 0.000001 0.000000 0.000000
0.080067 0.078774 0.077194 0.075449 0.073610 0.071709 0.069765 0.067786 0.065777 0.063742 0.061686 0.059610 0.057517 0.055409 0.053289 0.051158 0.049018 0.046870 0.044718 0.042561 0.040402 0.038243 0.036084 0.033929 0.031777 0.029632 0.027494 0.025367 0.023251 0.021151 0.019067 0.017005 0.014967 0.012959 0.010986 0.009056 0.007178 0.005366 0.003640 0.002026 0.000778 0.000285 0.000104 0.000038 0.000014 0.000005 0.000002 0.000001 0.000000 0.000000
0.086950 0.084818 0.082522 0.080165 0.077801 0.075451 0.073119 0.070803 0.068501 0.066211 0.063928 0.061653 0.059383 0.057117 0.054855 0.052596 0.050341 0.048089 0.045841 0.043598 0.041359 0.039127 0.036901 0.034684 0.032475 0.030277 0.028091 0.025918 0.023761 0.021623 0.019505 0.017410 0.015344 0.013311 0.011316 0.009368 0.007478 0.005660 0.003936 0.002338 0.000979 0.000358 0.000131 0.000048 0.000018 0.000006 0.000002 0.000001 0.000000 0.000000
0.088917 0.086534 0.084066 0.081583 0.079118 0.076681 0.074270 0.071880 0.069507 0.067148 0.064800 0.062462 0.060131 0.057807 0.055489 0.053178 0.050874 0.048575 0.046283 0.043999 0.041722 0.039453 0.037194 0.034945 0.032708 0.030483 0.028272 0.026077 0.023901 0.021744 0.019611 0.017504 0.015429 0.013389 0.011392 0.009448 0.007567 0.005769 0.004078 0.002537 0.001186 0.000434 0.000159 0.000058 0.000021 0.000008 0.000003 0.000001 0.000000 0.000000
0.083158 0.082030 0.080472 0.078658 0.076692 0.074632 0.072510 0.070346 0.068151 0.065935 0.063702 0.061457 0.059204 0.056945 0.054682 0.052417 0.050152 0.047887 0.045625 0.043366 0.041111 0.038863 0.036622 0.034390 0.032168 0.029958 0.027762 0.025581 0.023419 0.021278 0.019161 0.017072 0.015016 0.013000 0.011030 0.009120 0.007282 0.005541 0.003931 0.002498 0.001212 0.000444 0.000162 0.000059 0.000022 0.000008 0.000003 0.000001 0.000000 0.000000
0.084001 0.081687 0.079354 0.077045 0.074779 0.072551 0.070351 0.068167 0.065991 0.063817 0.061642 0.059463 0.057279 0.055091 0.052897 0.050699 0.048498 0.046295 0.044091 0.041887 0.039685 0.037487 0.035293 0.033106 0.030927 0.028759 0.026603 0.024462 0.022340 0.020239 0.018162 0.016116 0.014105 0.012138 0.010224 0.008378 0.006619 0.004979 0.003504 0.002186 0.000981 0.000359 0.000131 0.000048 0.000018 0.000006 0.000002 0.000001 0.000000 0.000000
0.076837 0.075874 0.074492 0.072861 0.071082 0.069210 0.067275 0.065293 0.063275 0.061230 0.059161 0.057074 0.054971 0.052855 0.050728 0.048592 0.046449 0.044302 0.042150 0.039998 0.037846 0.035695 0.033549 0.031408 0.029276 0.027153 0.025044 0.022950 0.020875 0.018823 0.016798 0.014807 0.012855 0.010954 0.009115 0.007358 0.005711 0.004219 0.002890 0.001654 0.000645 0.000236 0.000086 0.000032 0.000012 0.000004 0.000002 0.000001 0.000000 0.000000
0.077399 0.075541 0.073560 0.071529 0.069483 0.067434 0.065381 0.063323 0.061258 0.059184 0.057101 0.055009 0.052908 0.050800 0.048686 0.046567 0.044443 0.042318 0.040191 0.038065 0.035941 0.033821 0.031707 0.029600 0.027504 0.025419 0.023350 0.021298 0.019268 0.017265 0.015293 0.013360 0.011474 0.009648 0.007899 0.006254 0.004757 0.003426 0.002191 0.001022 0.000374 0.000137 0.000050 0.000018 0.000007 0.000002 0.000001 0.000000 0.000000 0.000000
0.075151 0.073585 0.071763 0.069806 0.067783 0.065725 0.063649 0.061560 0.059462 0.057358 0.055248 0.053135 0.051020 0.048902 0.046783 0.044664 0.042546 0.040429 0.038315 0.036206 0.034102 0.032005 0.029917 0.027839 0.025774 0.023725 0.021693 0.019682 0.017698 0.015744 0.013827 0.011955 0.010142 0.008401 0.006759 0.005256 0.003921 0.002688 0.001508 0.000577 0.000211 0.000077 0.000028 0.000010 0.000004 0.000001 0.000001 0.000000 0.000000 0.000000
0.074168 0.072265 0.070204 0.068080 0.065940 0.063803 0.061674 0.059553 0.057439 0.055331 0.053226 0.051125 0.049027 0.046931 0.044838 0.042747 0.040659 0.038575 0.036495 0.034421 0.032353 0.030294 0.028244 0.026207 0.024183 0.022176 0.020189 0.018226 0.016292 0.014393 0.012536 0.010733 0.008998 0.007354 0.005836 0.004486 0.003249 0.002068 0.000941 0.000345 0.000126 0.000046 0.000017 0.000006 0.000002 0.000001 0.000000 0.000000 0.000000 0.000000
0.070094 0.068470 0.066644 0.064724 0.062768 0.060800 0.058829 0.056855 0.054877 0.052895 0.050908 0.048916 0.046919 0.044916 0.042910 0.040900 0.038887 0.036874 0.034860 0.032848 0.030840 0.028837 0.026842 0.024857 0.022884 0.020928 0.018991 0.017079 0.015197 0.013352 0.011555 0.009817 0.008159 0.006609 0.005213 0.003957 0.002767 0.001614 0.000636 0.000233 0.000085 0.000031 0.000011 0.000004 0.000002 0.000001 0.000000 0.000000 0.000000 0.000000
0.065107 0.064096 0.062781 0.061289 0.059695 0.058037 0.056330 0.054583 0.052803 0.050993 0.049156 0.047296 0.045415 0.043515 0.041600 0.039672 0.037733 0.035785 0.033832 0.031875 0.029917 0.027960 0.026008 0.024063 0.022129 0.020210 0.018309 0.016432 0.014585 0.012777 0.011018 0.009324 0.007715 0.006227 0.004901 0.003682 0.002512 0.001372 0.000514 0.000188 0.000069 0.000025 0.000009 0.000003 0.000001 0.000000 0.000000 0.000000 0.000000 0.000000
