0.062175 0.062682 0.063225 0.063814 0.064457 0.065153 0.065887 0.066739 0.067963 0.069712 0.072078 0.075129 0.078930 0.083545 0.089039 0.095476 0.102908 0.111196 0.119950 0.128971 0.138182 0.147552 0.157065 0.166712 0.176488 0.186387 0.196406 0.206539 0.216784 0.227137 0.237595 0.248153 0.258810 0.269562 0.280406 0.291339 0.302358 0.313462 0.324647 0.335912 0.347253 0.358668 0.370156 0.381713 0.393339 0.405031 0.416787 0.428604 0.440483 0.452420
0.064247 0.064245 0.064426 0.064776 0.065286 0.065949 0.066757 0.067866 0.069514 0.071831 0.074893 0.078748 0.083431 0.088974 0.095377 0.102607 0.110517 0.118789 0.127276 0.135927 0.144722 0.153652 0.162713 0.171902 0.181217 0.190653 0.200210 0.209883 0.219671 0.229569 0.239576 0.249688 0.259903 0.270217 0.280629 0.291135 0.301733 0.312420 0.323194 0.334052 0.344992 0.356012 0.367109 0.378281 0.389527 0.400843 0.412228 0.423681 0.435199 0.446779
0.063077 0.063437 0.063928 0.064605 0.065523 0.066732 0.068285 0.070427 0.073360 0.077137 0.081721 0.087054 0.093088 0.099732 0.106681 0.113792 0.121049 0.128461 0.136028 0.143747 0.151614 0.159627 0.167783 0.176077 0.184507 0.193069 0.201761 0.210579 0.219521 0.228584 0.237764 0.247059 0.256466 0.265983 0.275606 0.285332 0.295160 0.305086 0.315108 0.325224 0.335431 0.345726 0.356107 0.366573 0.377120 0.387748 0.398452 0.409232 0.420085 0.431010
0.063919 0.063813 0.064107 0.064953 0.066486 0.068758 0.071741 0.075558 0.080182 0.085186 0.090327 0.095562 0.100918 0.106432 0.112126 0.117998 0.124043 0.130257 0.136635 0.143175 0.149874 0.156729 0.163736 0.170892 0.178195 0.185641 0.193228 0.200952 0.208811 0.216801 0.224920 0.233165 0.241532 0.250019 0.258624 0.267343 0.276174 0.285114 0.294160 0.303311 0.312563 0.321914 0.331362 0.340904 0.350539 0.360262 0.370074 0.379971 0.389951 0.400012
0.067883 0.065514 0.064639 0.065388 0.067724 0.070881 0.074127 0.077427 0.080864 0.084483 0.088288 0.092270 0.096421 0.100739 0.105224 0.109876 0.114694 0.119679 0.124829 0.130142 0.135617 0.141251 0.147043 0.152990 0.159090 0.165341 0.171739 0.178283 0.184970 0.191797 0.198762 0.205861 0.213093 0.220454 0.227942 0.235554 0.243288 0.251141 0.259110 0.267193 0.275388 0.283692 0.292102 0.300616 0.309233 0.317949 0.326762 0.335670 0.344671 0.353763
0.066159 0.063085 0.062171 0.063305 0.065289 0.067451 0.069542 0.071668 0.073913 0.076310 0.078874 0.081611 0.084523 0.087608 0.090867 0.094297 0.097898 0.101669 0.105608 0.109714 0.113985 0.118420 0.123018 0.127775 0.132691 0.137763 0.142989 0.148366 0.153894 0.159568 0.165387 0.171349 0.177450 0.183689 0.190063 0.196570 0.203206 0.209970 0.216859 0.223871 0.231003 0.238252 0.245617 0.253095 0.260684 0.268381 0.276184 0.284091 0.292100 0.300208
0.066377 0.061927 0.060395 0.060714 0.061698 0.062782 0.063765 0.064773 0.065897 0.067171 0.068609 0.070217 0.071997 0.073950 0.076077 0.078377 0.080850 0.083495 0.086311 0.089297 0.092452 0.095775 0.099264 0.102917 0.106734 0.110711 0.114847 0.119141 0.123590 0.128192 0.132945 0.137847 0.142895 0.148087 0.153421 0.158894 0.164505 0.170250 0.176128 0.182135 0.188270 0.194531 0.200914 0.207418 0.214040 0.220779 0.227630 0.234594 0.241667 0.248847
0.068354 0.063022 0.060785 0.060190 0.060168 0.060217 0.060169 0.060161 0.060281 0.060561 0.061014 0.061643 0.062448 0.063431 0.064590 0.065924 0.067434 0.069117 0.070973 0.073001 0.075199 0.077567 0.080103 0.082807 0.085675 0.088707 0.091902 0.095257 0.098770 0.102440 0.106266 0.110244 0.114373 0.118651 0.123075 0.127644 0.132355 0.137207 0.142196 0.147321 0.152580 0.157969 0.163488 0.169133 0.174902 0.180793 0.186805 0.192934 0.199178 0.205536
0.069597 0.063764 0.061052 0.059865 0.059189 0.058547 0.057810 0.057122 0.056563 0.056164 0.055935 0.055878 0.055995 0.056284 0.056745 0.057378 0.058181 0.059153 0.060295 0.061605 0.063082 0.064725 0.066533 0.068506 0.070642 0.072940 0.075399 0.078018 0.080794 0.083728 0.086816 0.090058 0.093452 0.096997 0.100689 0.104529 0.108513 0.112639 0.116907 0.121313 0.125856 0.130533 0.135343 0.140284 0.145353 0.150548 0.155867 0.161308 0.166869 0.172548
0.068563 0.062587 0.059758 0.058406 0.057510 0.056592 0.055577 0.054608 0.053752 0.053038 0.052475 0.052067 0.051818 0.051726 0.051793 0.052020 0.052405 0.052949 0.053651 0.054513 0.055532 0.056710 0.058045 0.059537 0.061186 0.062991 0.064951 0.067066 0.069335 0.071756 0.074329 0.077053 0.079926 0.082948 0.086116 0.089429 0.092887 0.096486 0.100227 0.104106 0.108123 0.112275 0.116561 0.120979 0.125526 0.130201 0.135003 0.139928 0.144975 0.150143
0.068593 0.062371 0.059332 0.057776 0.056673 0.055544 0.054366 0.053258 0.052269 0.051419 0.050714 0.050156 0.049747 0.049487 0.049376 0.049414 0.049602 0.049940 0.050427 0.051064 0.051852 0.052789 0.053876 0.055113 0.056500 0.058036 0.059721 0.061555 0.063537 0.065666 0.067943 0.070366 0.072934 0.075647 0.078503 0.081502 0.084641 0.087921 0.091339 0.094894 0.098585 0.102411 0.106369 0.110457 0.114675 0.119021 0.123492 0.128088 0.132805 0.137643
0.069806 0.063272 0.060058 0.058392 0.057181 0.055941 0.054694 0.053534 0.052498 0.051602 0.050850 0.050244 0.049786 0.049474 0.049311 0.049294 0.049425 0.049704 0.050130 0.050703 0.051422 0.052289 0.053303 0.054463 0.055770 0.057222 0.058821 0.060564 0.062453 0.064485 0.066662 0.068981 0.071443 0.074045 0.076789 0.079672 0.082693 0.085851 0.089146 0.092575 0.096137 0.099832 0.103657 0.107611 0.111693 0.115900 0.120231 0.124686 0.129260 0.133954
0.071890 0.065424 0.062186 0.060418 0.059065 0.057704 0.056392 0.055197 0.054147 0.053250 0.052510 0.051925 0.051497 0.051223 0.051103 0.051137 0.051322 0.051660 0.052148 0.052787 0.053575 0.054513 0.055599 0.056832 0.058213 0.059741 0.061415 0.063233 0.065197 0.067304 0.069553 0.071945 0.074478 0.077151 0.079963 0.082912 0.085999 0.089220 0.092576 0.096064 0.099684 0.103434 0.107312 0.111317 0.115447 0.119701 0.124077 0.128573 0.133188 0.137920
0.072472 0.066380 0.063395 0.061789 0.060543 0.059291 0.058106 0.057049 0.056143 0.055395 0.054810 0.054386 0.054123 0.054021 0.054079 0.054296 0.054671 0.055202 0.055890 0.056732 0.057729 0.058879 0.060181 0.061634 0.063238 0.064991 0.066893 0.068942 0.071137 0.073477 0.075961 0.078588 0.081357 0.084266 0.087313 0.090498 0.093819 0.097275 0.100864 0.104584 0.108434 0.112412 0.116517 0.120746 0.125099 0.129574 0.134168 0.138880 0.143708 0.148651
0.073801 0.067486 0.064475 0.062974 0.061881 0.060817 0.059852 0.059034 0.058381 0.057899 0.057590 0.057452 0.057484 0.057684 0.058053 0.058587 0.059286 0.060149 0.061174 0.062361 0.063707 0.065211 0.066874 0.068692 0.070665 0.072791 0.075070 0.077499 0.080077 0.082804 0.085676 0.088693 0.091853 0.095154 0.098595 0.102174 0.105889 0.109738 0.113720 0.117833 0.122074 0.126443 0.130936 0.135553 0.140291 0.145149 0.150124 0.155214 0.160419 0.165735
0.074268 0.068155 0.065348 0.064080 0.063233 0.062467 0.061838 0.061380 0.061104 0.061014 0.061108 0.061385 0.061843 0.062478 0.063291 0.064278 0.065439 0.066771 0.068272 0.069942 0.071779 0.073781 0.075946 0.078273 0.080760 0.083406 0.086208 0.089165 0.092274 0.095535 0.098944 0.102500 0.106202 0.110046 0.114031 0.118155 0.122415 0.126810 0.131337 0.135994 0.140779 0.145690 0.150725 0.155881 0.161157 0.166550 0.172058 0.177680 0.183412 0.189254
0.071973 0.066886 0.064925 0.064401 0.064217 0.064097 0.064098 0.064253 0.064578 0.065079 0.065759 0.066622 0.067666 0.068892 0.070299 0.071887 0.073655 0.075601 0.077724 0.080022 0.082494 0.085138 0.087952 0.090934 0.094081 0.097392 0.100865 0.104496 0.108284 0.112226 0.116320 0.120563 0.124954 0.129488 0.134164 0.138980 0.143932 0.149019 0.154237 0.159585 0.165059 0.170658 0.176379 0.182219 0.188177 0.194250 0.200435 0.206731 0.213135 0.219645
0.075237 0.069954 0.067949 0.067583 0.067680 0.067964 0.068446 0.069136 0.070034 0.071140 0.072453 0.073970 0.075688 0.077607 0.079724 0.082036 0.084541 0.087237 0.090122 0.093192 0.096446 0.099880 0.103491 0.107278 0.111236 0.115364 0.119657 0.124113 0.128730 0.133503 0.138431 0.143509 0.148735 0.154106 0.159620 0.165272 0.171060 0.176981 0.183033 0.189212 0.195516 0.201943 0.208489 0.215151 0.221929 0.228818 0.235816 0.242922 0.250132 0.257445
0.078002 0.072903 0.071109 0.071173 0.071814 0.072734 0.073906 0.075322 0.076977 0.078866 0.080985 0.083330 0.085896 0.088680 0.091679 0.094888 0.098304 0.101923 0.105740 0.109753 0.113958 0.118350 0.122926 0.127682 0.132614 0.137719 0.142992 0.148430 0.154030 0.159787 0.165699 0.171760 0.177969 0.184321 0.190814 0.197443 0.204206 0.211100 0.218121 0.225266 0.232532 0.239918 0.247419 0.255033 0.262757 0.270589 0.278527 0.286567 0.294707 0.302946
0.076926 0.073202 0.072378 0.073436 0.075101 0.077080 0.079326 0.081822 0.084560 0.087537 0.090749 0.094193 0.097864 0.101759 0.105874 0.110204 0.114746 0.119494 0.124445 0.129593 0.134935 0.140466 0.146181 0.152076 0.158147 0.164388 0.170797 0.177369 0.184099 0.190984 0.198019 0.205201 0.212527 0.219992 0.227592 0.235325 0.243187 0.251175 0.259285 0.267515 0.275860 0.284320 0.292889 0.301567 0.310349 0.319234 0.328219 0.337301 0.346479 0.355749
0.076601 0.073803 0.073509 0.075380 0.078111 0.081291 0.084795 0.088576 0.092612 0.096893 0.101413 0.106167 0.111148 0.116353 0.121776 0.127413 0.133259 0.139308 0.145555 0.151996 0.158627 0.165441 0.172434 0.179602 0.186940 0.194444 0.202108 0.209929 0.217903 0.226025 0.234292 0.242699 0.251242 0.259919 0.268724 0.277656 0.286710 0.295884 0.305173 0.314576 0.324088 0.333707 0.343431 0.353256 0.363179 0.373199 0.383313 0.393518 0.403813 0.414194
0.076098 0.074515 0.074660 0.076798 0.080452 0.084849 0.089694 0.094864 0.100308 0.106002 0.111936 0.118101 0.124491 0.131100 0.137921 0.144949 0.152179 0.159605 0.167223 0.175028 0.183013 0.191176 0.199510 0.208011 0.216675 0.225496 0.234472 0.243596 0.252866 0.262277 0.271826 0.281507 0.291319 0.301256 0.311315 0.321494 0.331788 0.342195 0.352710 0.363332 0.374057 0.384883 0.395806 0.406824 0.417934 0.429135 0.440422 0.451795 0.463250 0.474786
0.074802 0.074611 0.075414 0.077343 0.080752 0.085862 0.091965 0.098511 0.105348 0.112448 0.119789 0.127352 0.135126 0.143104 0.151285 0.159665 0.168241 0.177007 0.185958 0.195091 0.204400 0.213880 0.223526 0.233335 0.243301 0.253420 0.263688 0.274100 0.284652 0.295339 0.306158 0.317106 0.328177 0.339368 0.350676 0.362097 0.373627 0.385264 0.397004 0.408844 0.420781 0.432813 0.444935 0.457147 0.469444 0.481826 0.494288 0.506829 0.519447 0.532139
0.076813 0.077386 0.078477 0.080092 0.082519 0.086157 0.091175 0.097545 0.105116 0.113332 0.121828 0.130517 0.139405 0.148520 0.157867 0.167433 0.177205 0.187171 0.197328 0.207669 0.218191 0.228886 0.239751 0.250778 0.261964 0.273303 0.284789 0.296418 0.308185 0.320086 0.332115 0.344268 0.356541 0.368930 0.381431 0.394041 0.406755 0.419571 0.432484 0.445492 0.458591 0.471779 0.485053 0.498409 0.511846 0.525361 0.538951 0.552614 0.566347 0.580150
0.076946 0.078690 0.080456 0.082250 0.084331 0.087066 0.090665 0.095256 0.100915 0.107654 0.115404 0.124084 0.133625 0.143811 0.154285 0.164935 0.175754 0.186771 0.197998 0.209426 0.221045 0.232847 0.244824 0.256967 0.269271 0.281729 0.294333 0.307080 0.319961 0.332974 0.346111 0.359369 0.372743 0.386229 0.399821 0.413518 0.427313 0.441205 0.455189 0.469263 0.483423 0.497666 0.511989 0.526389 0.540865 0.555413 0.570032 0.584718 0.599469 0.614284
0.078420 0.080189 0.081965 0.083675 0.085510 0.087777 0.090632 0.094169 0.098456 0.103555 0.109512 0.116365 0.124141 0.132855 0.142472 0.152932 0.164183 0.176101 0.188358 0.200813 0.213448 0.226259 0.239239 0.252379 0.265672 0.279113 0.292695 0.306411 0.320257 0.334226 0.348316 0.362519 0.376833 0.391253 0.405775 0.420395 0.435109 0.449915 0.464808 0.479787 0.494846 0.509985 0.525199 0.540487 0.555846 0.571273 0.586766 0.602324 0.617943 0.633622
0.075723 0.078452 0.080892 0.083027 0.085089 0.087397 0.090113 0.093319 0.097073 0.101423 0.106418 0.112103 0.118528 0.125739 0.133781 0.142693 0.152506 0.163246 0.174899 0.187420 0.200586 0.214079 0.227784 0.241658 0.255684 0.269851 0.284152 0.298584 0.313139 0.327815 0.342606 0.357509 0.372520 0.387634 0.402848 0.418158 0.433561 0.449053 0.464632 0.480295 0.496037 0.511858 0.527753 0.543721 0.559758 0.575864 0.592034 0.608267 0.624562 0.640915
0.080154 0.081747 0.083358 0.084875 0.086464 0.088381 0.090738 0.093585 0.096950 0.100857 0.105330 0.110400 0.116098 0.122462 0.129534 0.137357 0.145981 0.155456 0.165832 0.177156 0.189462 0.202690 0.216488 0.230597 0.244917 0.259408 0.274052 0.288837 0.303758 0.318807 0.333980 0.349272 0.364679 0.380195 0.395818 0.411542 0.427365 0.443283 0.459291 0.475388 0.491569 0.507832 0.524174 0.540591 0.557083 0.573645 0.590275 0.606971 0.623731 0.640553
0.077738 0.080023 0.082100 0.083922 0.085691 0.087701 0.090085 0.092905 0.096193 0.099975 0.104273 0.109111 0.114515 0.120515 0.127146 0.134444 0.142452 0.151216 0.160790 0.171230 0.182597 0.194953 0.208269 0.222181 0.236427 0.250904 0.265570 0.280403 0.295392 0.310528 0.325804 0.341215 0.356754 0.372417 0.388198 0.404093 0.420097 0.436206 0.452416 0.468723 0.485123 0.501613 0.518190 0.534850 0.551591 0.568410 0.585303 0.602268 0.619303 0.636405
0.076496 0.078815 0.080928 0.082783 0.084568 0.086579 0.088950 0.091741 0.094986 0.098704 0.102918 0.107646 0.112912 0.118741 0.125162 0.132206 0.139909 0.148313 0.157463 0.167410 0.178214 0.189939 0.202652 0.216216 0.230254 0.244586 0.259139 0.273881 0.288796 0.303873 0.319106 0.334486 0.350008 0.365666 0.381454 0.397368 0.413402 0.429551 0.445811 0.462178 0.478648 0.495216 0.511880 0.528636 0.545480 0.562409 0.579420 0.596511 0.613677 0.630918
0.078840 0.080342 0.081850 0.083247 0.084667 0.086380 0.088503 0.091081 0.094136 0.097680 0.101727 0.106290 0.111388 0.117041 0.123273 0.130111 0.137588 0.145738 0.154603 0.164228 0.174666 0.185976 0.198226 0.211432 0.225264 0.239451 0.253888 0.268528 0.283352 0.298347 0.313505 0.328819 0.344282 0.359889 0.375633 0.391511 0.407515 0.423642 0.439888 0.456247 0.472715 0.489289 0.505964 0.522738 0.539605 0.556564 0.573611 0.590743 0.607956 0.625249
0.075994 0.078168 0.080090 0.081732 0.083284 0.085048 0.087165 0.089698 0.092677 0.096124 0.100057 0.104493 0.109451 0.114952 0.121019 0.127680 0.134962 0.142901 0.151535 0.160905 0.171060 0.182056 0.193955 0.206821 0.220471 0.234556 0.248921 0.263503 0.278274 0.293221 0.308333 0.323603 0.339026 0.354595 0.370304 0.386149 0.402124 0.418225 0.434446 0.450785 0.467236 0.483795 0.500459 0.517225 0.534088 0.551045 0.568093 0.585230 0.602452 0.619756
0.075759 0.077315 0.078840 0.080224 0.081589 0.083211 0.085216 0.087652 0.090542 0.093901 0.097741 0.102078 0.106927 0.112309 0.118245 0.124760 0.131884 0.139648 0.148089 0.157247 0.167168 0.177904 0.189514 0.202066 0.215529 0.229542 0.243875 0.258441 0.273200 0.288135 0.303235 0.318493 0.333903 0.349458 0.365153 0.380983 0.396943 0.413029 0.429237 0.445561 0.461998 0.478545 0.495197 0.511951 0.528803 0.545751 0.562792 0.579922 0.597138 0.614438
0.071727 0.073943 0.075920 0.077615 0.079180 0.080921 0.082985 0.085438 0.088312 0.091629 0.095408 0.099666 0.104422 0.109696 0.115511 0.121892 0.128867 0.136468 0.144729 0.153690 0.163395 0.173893 0.185241 0.197503 0.210726 0.224642 0.238939 0.253488 0.268237 0.283163 0.298254 0.313501 0.328899 0.344441 0.360123 0.375939 0.391884 0.407955 0.424147 0.440455 0.456876 0.473407 0.490043 0.506782 0.523620 0.540553 0.557579 0.574695 0.591899 0.609187
0.073449 0.075077 0.076602 0.077945 0.079203 0.080672 0.082495 0.084731 0.087408 0.090541 0.094145 0.098233 0.102821 0.107927 0.113570 0.119775 0.126566 0.133975 0.142032 0.150777 0.160250 0.170499 0.181578 0.193547 0.206473 0.220220 0.234422 0.248905 0.263600 0.278478 0.293523 0.308728 0.324084 0.339587 0.355230 0.371009 0.386919 0.402955 0.419113 0.435390 0.451780 0.468281 0.484889 0.501600 0.518411 0.535318 0.552320 0.569413 0.586593 0.603859
0.074663 0.076129 0.077501 0.078701 0.079790 0.081072 0.082706 0.084755 0.087247 0.090198 0.093619 0.097524 0.101927 0.106844 0.112295 0.118301 0.124887 0.132080 0.139913 0.148421 0.157643 0.167625 0.178418 0.190080 0.202676 0.216176 0.230218 0.244579 0.259170 0.273953 0.288911 0.304034 0.319314 0.334744 0.350320 0.366035 0.381884 0.397864 0.413968 0.430194 0.446536 0.462991 0.479555 0.496225 0.512997 0.529868 0.546835 0.563894 0.581043 0.598280
0.076030 0.077246 0.078385 0.079372 0.080264 0.081355 0.082803 0.084668 0.086978 0.089746 0.092985 0.096705 0.100921 0.105646 0.110900 0.116702 0.123077 0.130049 0.137650 0.145913 0.154876 0.164581 0.175079 0.186423 0.198676 0.211873 0.225724 0.239943 0.254415 0.269091 0.283951 0.298982 0.314175 0.329525 0.345024 0.360667 0.376449 0.392364 0.408409 0.424578 0.440866 0.457271 0.473788 0.490412 0.507142 0.523973 0.540901 0.557925 0.575040 0.592245
0.073826 0.075344 0.076688 0.077811 0.078779 0.079898 0.081333 0.083157 0.085399 0.088080 0.091213 0.094812 0.098892 0.103468 0.108559 0.114185 0.120369 0.127137 0.134517 0.142543 0.151250 0.160681 0.170880 0.181901 0.193803 0.206651 0.220296 0.234388 0.248764 0.263359 0.278145 0.293106 0.308234 0.323521 0.338961 0.354548 0.370276 0.386141 0.402137 0.418260 0.434505 0.450869 0.467347 0.483935 0.500630 0.517428 0.534325 0.551320 0.568408 0.585586
0.073971 0.074897 0.075819 0.076642 0.077368 0.078276 0.079526 0.081181 0.083266 0.085793 0.088772 0.092213 0.096129 0.100532 0.105441 0.110873 0.116850 0.123397 0.130540 0.138311 0.146745 0.155881 0.165763 0.176440 0.187968 0.200412 0.213779 0.227739 0.242040 0.256582 0.271322 0.286243 0.301332 0.316582 0.331986 0.347539 0.363235 0.379068 0.395035 0.411130 0.427349 0.443687 0.460141 0.476706 0.493380 0.510158 0.527037 0.544014 0.561086 0.578249
0.071019 0.072521 0.073805 0.074847 0.075668 0.076568 0.077746 0.079287 0.081229 0.083592 0.086390 0.089638 0.093348 0.097534 0.102215 0.107407 0.113132 0.119413 0.126276 0.133751 0.141871 0.150673 0.160197 0.170492 0.181610 0.193612 0.206560 0.220315 0.234518 0.249005 0.263706 0.278595 0.293657 0.308882 0.324262 0.339793 0.355469 0.371284 0.387233 0.403311 0.419515 0.435840 0.452281 0.468835 0.485498 0.502266 0.519137 0.536106 0.553171 0.570329
0.074729 0.075094 0.075513 0.075892 0.076174 0.076598 0.077355 0.078520 0.080119 0.082162 0.084658 0.087611 0.091033 0.094933 0.099325 0.104224 0.109650 0.115624 0.122168 0.129312 0.137086 0.145523 0.154664 0.164551 0.175236 0.186773 0.199227 0.212626 0.226667 0.241068 0.255717 0.270566 0.285595 0.300791 0.316147 0.331656 0.347312 0.363109 0.379042 0.395107 0.411298 0.427612 0.444044 0.460590 0.477247 0.494010 0.510876 0.527841 0.544904 0.562059
0.072331 0.073216 0.073976 0.074579 0.074985 0.075420 0.076116 0.077170 0.078623 0.080495 0.082798 0.085543 0.088741 0.092404 0.096547 0.101186 0.106338 0.112025 0.118269 0.125097 0.132539 0.140626 0.149397 0.158891 0.169158 0.180248 0.192222 0.205146 0.218931 0.233208 0.247783 0.262580 0.277568 0.292729 0.308053 0.323534 0.339164 0.354938 0.370851 0.386897 0.403072 0.419371 0.435790 0.452325 0.468971 0.485725 0.502584 0.519543 0.536600 0.553752
0.072224 0.072943 0.073590 0.074118 0.074461 0.074763 0.075289 0.076156 0.077413 0.079082 0.081177 0.083708 0.086686 0.090122 0.094031 0.098426 0.103326 0.108750 0.114721 0.121262 0.128402 0.136172 0.144606 0.153745 0.163633 0.174318 0.185859 0.198317 0.211737 0.225838 0.240316 0.255048 0.269983 0.285099 0.300382 0.315824 0.331419 0.347161 0.363043 0.379061 0.395209 0.411484 0.427880 0.444393 0.461020 0.477756 0.494598 0.511542 0.528585 0.545724
0.074518 0.074785 0.075027 0.075212 0.075273 0.075256 0.075446 0.075991 0.076948 0.078337 0.080168 0.082447 0.085181 0.088379 0.092051 0.096209 0.100870 0.106049 0.111768 0.118049 0.124919 0.132406 0.140543 0.149368 0.158923 0.169254 0.180415 0.192466 0.205474 0.219339 0.233687 0.248331 0.263195 0.278247 0.293472 0.308860 0.324403 0.340095 0.355930 0.371903 0.388009 0.404244 0.420602 0.437079 0.453672 0.470376 0.487188 0.504104 0.521121 0.538235
0.074799 0.074918 0.075076 0.075215 0.075261 0.075199 0.075295 0.075718 0.076536 0.077775 0.079447 0.081561 0.084123 0.087142 0.090629 0.094596 0.099058 0.104032 0.109536 0.115594 0.122229 0.129471 0.137350 0.145902 0.155167 0.165190 0.176022 0.187721 0.200352 0.213926 0.228106 0.242631 0.257397 0.272361 0.287504 0.302814 0.318284 0.333905 0.349674 0.365584 0.381630 0.397807 0.414111 0.430538 0.447082 0.463740 0.480508 0.497383 0.514361 0.531438
0.074352 0.074856 0.075250 0.075534 0.075674 0.075643 0.075687 0.076016 0.076714 0.077818 0.079344 0.081302 0.083701 0.086551 0.089863 0.093649 0.097924 0.102704 0.108008 0.113858 0.120277 0.127294 0.134938 0.143244 0.152250 0.162000 0.172543 0.183934 0.196236 0.209503 0.223488 0.237870 0.252517 0.267374 0.282418 0.297635 0.313016 0.328555 0.344245 0.360080 0.376056 0.392167 0.408407 0.424774 0.441262 0.457867 0.474585 0.491412 0.508345 0.525380
0.078007 0.077860 0.077765 0.077675 0.077533 0.077272 0.077064 0.077140 0.077594 0.078465 0.079767 0.081510 0.083700 0.086347 0.089458 0.093046 0.097123 0.101705 0.106810 0.112458 0.118673 0.125479 0.132907 0.140991 0.149766 0.159275 0.169566 0.180691 0.192712 0.205695 0.219486 0.233731 0.248265 0.263022 0.277974 0.293105 0.308405 0.323867 0.339485 0.355253 0.371164 0.387214 0.403398 0.419711 0.436148 0.452704 0.469377 0.486162 0.503054 0.520051
0.079110 0.078941 0.078787 0.078627 0.078421 0.078106 0.077761 0.077656 0.077919 0.078599 0.079716 0.081279 0.083294 0.085769 0.088711 0.092131 0.096043 0.100459 0.105398 0.110878 0.116923 0.123557 0.130808 0.138710 0.147299 0.156614 0.166703 0.177618 0.189416 0.202167 0.215798 0.229943 0.244401 0.259093 0.273985 0.289061 0.304309 0.319722 0.335294 0.351017 0.366886 0.382896 0.399042 0.415319 0.431722 0.448246 0.464888 0.481643 0.498507 0.515478
0.078615 0.078472 0.078338 0.078201 0.078034 0.077783 0.077442 0.077268 0.077433 0.078002 0.079003 0.080448 0.082345 0.084701 0.087526 0.090829 0.094622 0.098921 0.103741 0.109101 0.115024 0.121535 0.128661 0.136434 0.144890 0.154069 0.164016 0.174783 0.186428 0.199016 0.212532 0.226620 0.241043 0.255709 0.270578 0.285632 0.300859 0.316251 0.331802 0.347505 0.363355 0.379346 0.395473 0.411731 0.428116 0.444623 0.461248 0.477987 0.494835 0.511791
0.078292 0.077962 0.077755 0.077622 0.077512 0.077368 0.077118 0.076926 0.077023 0.077510 0.078422 0.079778 0.081586 0.083853 0.086590 0.089805 0.093512 0.097724 0.102458 0.107733 0.113571 0.119997 0.127039 0.134727 0.143099 0.152193 0.162055 0.172736 0.184294 0.196793 0.210242 0.224297 0.238701 0.253352 0.268207 0.283247 0.298460 0.313839 0.329376 0.345065 0.360900 0.376877 0.392990 0.409234 0.425605 0.442098 0.458710 0.475435 0.492271 0.509214
0.076718 0.077126 0.077427 0.077652 0.077808 0.077879 0.077819 0.077672 0.077717 0.078114 0.078924 0.080175 0.081880 0.084048 0.086690 0.089816 0.093437 0.097570 0.102229 0.107435 0.113210 0.119577 0.126565 0.134206 0.142535 0.151592 0.161423 0.172078 0.183617 0.196104 0.209537 0.223562 0.237931 0.252546 0.267367 0.282374 0.297555 0.312902 0.328408 0.344068 0.359876 0.375826 0.391912 0.408131 0.424478 0.440948 0.457536 0.474240 0.491054 0.507976
0.080916 0.080564 0.080332 0.080186 0.080093 0.080012 0.079888 0.079673 0.079590 0.079843 0.080516 0.081641 0.083233 0.085301 0.087855 0.090903 0.094457 0.098533 0.103145 0.108313 0.114060 0.120409 0.127388 0.135031 0.143373 0.152453 0.162320 0.173024 0.184625 0.197190 0.210654 0.224647 0.238961 0.253515 0.268274 0.283221 0.298344 0.313636 0.329090 0.344699 0.360458 0.376362 0.392404 0.408580 0.424886 0.441316 0.457867 0.474534 0.491314 0.508202
0.081660 0.081511 0.081446 0.081445 0.081488 0.081545 0.081573 0.081507 0.081467 0.081710 0.082353 0.083444 0.085003 0.087042 0.089573 0.092606 0.096153 0.100230 0.104853 0.110042 0.115821 0.122213 0.129249 0.136961 0.145386 0.154566 0.164549 0.175389 0.187146 0.199881 0.213402 0.227363 0.241616 0.256100 0.270786 0.285661 0.300714 0.315939 0.331327 0.346874 0.362572 0.378418 0.394404 0.410526 0.426779 0.443159 0.459661 0.476282 0.493016 0.509860
0.082099 0.082353 0.082594 0.082835 0.083080 0.083319 0.083528 0.083657 0.083714 0.083969 0.084594 0.085661 0.087199 0.089226 0.091754 0.094795 0.098363 0.102473 0.107144 0.112394 0.118249 0.124733 0.131878 0.139717 0.148289 0.157637 0.167811 0.178867 0.190869 0.203822 0.217393 0.231328 0.245527 0.259946 0.274565 0.289373 0.304361 0.319521 0.334846 0.350332 0.365971 0.381757 0.397687 0.413754 0.429954 0.446282 0.462734 0.479305 0.495991 0.512790
0.085982 0.085828 0.085787 0.085839 0.085967 0.086149 0.086357 0.086543 0.086650 0.086856 0.087405 0.088400 0.089883 0.091873 0.094385 0.097429 0.101020 0.105172 0.109904 0.115236 0.121193 0.127800 0.135091 0.143099 0.151865 0.161435 0.171860 0.183200 0.195518 0.208655 0.222261 0.236175 0.250330 0.264699 0.279266 0.294021 0.308956 0.324064 0.339338 0.354772 0.370361 0.386098 0.401979 0.417999 0.434152 0.450434 0.466841 0.483368 0.500011 0.516767
0.088158 0.088098 0.088123 0.088230 0.088411 0.088655 0.088941 0.089233 0.089471 0.089717 0.090252 0.091221 0.092685 0.094670 0.097194 0.100268 0.103908 0.108130 0.112952 0.118396 0.124486 0.131252 0.138727 0.146946 0.155953 0.165796 0.176530 0.188217 0.200858 0.214118 0.227746 0.241644 0.255771 0.270105 0.284636 0.299353 0.314250 0.329319 0.344555 0.359951 0.375502 0.391202 0.407045 0.423028 0.439144 0.455390 0.471760 0.488252 0.504860 0.521581
0.090156 0.090034 0.090043 0.090170 0.090401 0.090721 0.091109 0.091532 0.091939 0.092309 0.092897 0.093900 0.095399 0.097429 0.100012 0.103162 0.106894 0.111228 0.116182 0.121779 0.128047 0.135015 0.142719 0.151198 0.160497 0.170667 0.181768 0.193857 0.206739 0.220076 0.233719 0.247608 0.261716 0.276027 0.290532 0.305223 0.320093 0.335136 0.350344 0.365713 0.381235 0.396907 0.412723 0.428677 0.444766 0.460984 0.477327 0.493791 0.510372 0.527067
0.089768 0.090172 0.090605 0.091083 0.091613 0.092198 0.092831 0.093494 0.094151 0.094751 0.095472 0.096568 0.098152 0.100272 0.102954 0.106218 0.110081 0.114564 0.119687 0.125476 0.131960 0.139171 0.147147 0.155930 0.165569 0.176120 0.187644 0.200099 0.213124 0.226503 0.240150 0.254028 0.268118 0.282410 0.296895 0.311565 0.326414 0.341435 0.356622 0.371968 0.387470 0.403120 0.418914 0.434848 0.450915 0.467113 0.483435 0.499879 0.516440 0.533115
0.093360 0.093289 0.093408 0.093693 0.094123 0.094681 0.095347 0.096095 0.096888 0.097664 0.098492 0.099656 0.101305 0.103502 0.106281 0.109662 0.113665 0.118310 0.123620 0.129622 0.136347 0.143831 0.152112 0.161237 0.171258 0.182236 0.194204 0.206884 0.219979 0.233371 0.247009 0.260872 0.274944 0.289217 0.303683 0.318335 0.333165 0.348168 0.363338 0.378667 0.394152 0.409786 0.425565 0.441483 0.457535 0.473718 0.490026 0.506456 0.523003 0.539665
0.092658 0.093265 0.093926 0.094655 0.095461 0.096347 0.097311 0.098343 0.099419 0.100495 0.101555 0.102867 0.104637 0.106956 0.109866 0.113395 0.117565 0.122399 0.127924 0.134168 0.141165 0.148953 0.157575 0.167082 0.177531 0.188981 0.201281 0.214077 0.227205 0.240599 0.254229 0.268079 0.282138 0.296398 0.310852 0.325492 0.340311 0.355303 0.370462 0.385782 0.401257 0.416882 0.432651 0.448560 0.464605 0.480779 0.497080 0.513502 0.530042 0.546697
0.094663 0.095207 0.095886 0.096687 0.097604 0.098631 0.099759 0.100976 0.102263 0.103583 0.104884 0.106346 0.108234 0.110671 0.113713 0.117395 0.121742 0.126781 0.132540 0.139050 0.146347 0.154474 0.163477 0.173410 0.184336 0.196221 0.208710 0.221578 0.234733 0.248137 0.261772 0.275624 0.289684 0.303945 0.318398 0.333038 0.347856 0.362848 0.378006 0.393325 0.408800 0.424424 0.440192 0.456100 0.472143 0.488317 0.504616 0.521037 0.537576 0.554229
0.096119 0.097026 0.097972 0.098983 0.100079 0.101270 0.102562 0.103951 0.105426 0.106960 0.108499 0.110117 0.112120 0.114673 0.117853 0.121698 0.126239 0.131504 0.137524 0.144331 0.151966 0.160472 0.169901 0.180312 0.191741 0.203914 0.216525 0.229450 0.242639 0.256066 0.269718 0.283585 0.297659 0.311931 0.326395 0.341044 0.355871 0.370871 0.386036 0.401361 0.416841 0.432470 0.448243 0.464156 0.480202 0.496379 0.512682 0.529106 0.545648 0.562303
0.101038 0.101312 0.101854 0.102623 0.103593 0.104742 0.106053 0.107511 0.109096 0.110776 0.112502 0.114284 0.116425 0.119124 0.122471 0.126513 0.131282 0.136808 0.143125 0.150269 0.158283 0.167214 0.177119 0.188056 0.199878 0.212219 0.224908 0.237876 0.251093 0.264542 0.278213 0.292096 0.306184 0.320469 0.334945 0.349604 0.364441 0.379449 0.394623 0.409956 0.425443 0.441078 0.456858 0.472776 0.488828 0.505010 0.521318 0.537746 0.554292 0.570952
0.101405 0.102655 0.103911 0.105212 0.106585 0.108050 0.109621 0.111301 0.113087 0.114961 0.116880 0.118856 0.121192 0.124098 0.127670 0.131960 0.137004 0.142838 0.149498 0.157025 0.165465 0.174872 0.185306 0.196726 0.208765 0.221195 0.233924 0.246915 0.260147 0.273608 0.287289 0.301182 0.315279 0.329574 0.344058 0.358726 0.373571 0.388587 0.403769 0.419109 0.434603 0.450246 0.466032 0.481957 0.498016 0.514204 0.530518 0.546952 0.563503 0.580168
0.108382 0.108903 0.109627 0.110546 0.111655 0.112946 0.114413 0.116045 0.117828 0.119734 0.121714 0.123800 0.126303 0.129418 0.133237 0.137807 0.143167 0.149354 0.156407 0.164370 0.173295 0.183240 0.194226 0.205944 0.218103 0.230585 0.243343 0.256354 0.269602 0.283079 0.296776 0.310685 0.324797 0.339107 0.353606 0.368289 0.383149 0.398179 0.413374 0.428728 0.444235 0.459891 0.475689 0.491626 0.507696 0.523895 0.540219 0.556663 0.573224 0.589898
0.111163 0.111788 0.112642 0.113701 0.114952 0.116384 0.117990 0.119760 0.121678 0.123717 0.125824 0.128106 0.130877 0.134302 0.138462 0.143403 0.149165 0.155788 0.163317 0.171800 0.181295 0.191855 0.203264 0.215176 0.227439 0.239992 0.252806 0.265867 0.279163 0.292685 0.306424 0.320374 0.334526 0.348873 0.363409 0.378126 0.393019 0.408081 0.423306 0.438688 0.454222 0.469903 0.485725 0.501684 0.517774 0.533992 0.550333 0.566793 0.583368 0.600055
0.111952 0.113236 0.114547 0.115933 0.117430 0.119059 0.120830 0.122746 0.124799 0.126958 0.129189 0.131718 0.134819 0.138620 0.143187 0.148567 0.154803 0.161939 0.170024 0.179116 0.189276 0.200401 0.212109 0.224201 0.236597 0.249262 0.262178 0.275333 0.288717 0.302323 0.316142 0.330165 0.344388 0.358801 0.373398 0.388173 0.403119 0.418231 0.433502 0.448927 0.464499 0.480216 0.496070 0.512057 0.528174 0.544414 0.560775 0.577251 0.593840 0.610537
0.116683 0.117167 0.117967 0.119036 0.120345 0.121875 0.123609 0.125530 0.127613 0.129812 0.132162 0.134970 0.138433 0.142649 0.147673 0.153554 0.160338 0.168075 0.176824 0.186645 0.197512 0.209056 0.221019 0.233300 0.245854 0.258660 0.271706 0.284982 0.298479 0.312188 0.326103 0.340216 0.354520 0.369008 0.383673 0.398510 0.413512 0.428673 0.443988 0.459450 0.475056 0.490800 0.506676 0.522681 0.538810 0.555059 0.571423 0.587898 0.604482 0.621169
0.117047 0.118250 0.119517 0.120898 0.122424 0.124115 0.125982 0.128020 0.130210 0.132514 0.135103 0.138273 0.142174 0.146886 0.152467 0.158969 0.166448 0.174961 0.184564 0.195243 0.206652 0.218497 0.230664 0.243103 0.255792 0.268718 0.281872 0.295243 0.308825 0.322611 0.336592 0.350763 0.365115 0.379644 0.394342 0.409204 0.424224 0.439396 0.454714 0.470174 0.485770 0.501498 0.517353 0.533331 0.549427 0.565637 0.581958 0.598385 0.614915 0.631545
0.121907 0.122258 0.122978 0.124019 0.125353 0.126959 0.128817 0.130908 0.133197 0.135669 0.138598 0.142233 0.146700 0.152077 0.158426 0.165805 0.174266 0.183842 0.194455 0.205723 0.217393 0.229369 0.241611 0.254100 0.266822 0.279769 0.292932 0.306304 0.319878 0.333646 0.347602 0.361739 0.376050 0.390529 0.405171 0.419969 0.434918 0.450013 0.465248 0.480618 0.496118 0.511745 0.527493 0.543358 0.559336 0.575423 0.591616 0.607911 0.624304 0.640792
0.121165 0.122467 0.123868 0.125421 0.127163 0.129121 0.131312 0.133739 0.136384 0.139312 0.142866 0.147272 0.152651 0.159083 0.166623 0.175293 0.185047 0.195608 0.206624 0.217971 0.229599 0.241485 0.253614 0.265978 0.278568 0.291375 0.304392 0.317611 0.331026 0.344629 0.358414 0.372374 0.386502 0.400794 0.415242 0.429842 0.444587 0.459474 0.474495 0.489647 0.504926 0.520326 0.535843 0.551473 0.567213 0.583058 0.599005 0.615050 0.631189 0.647421
0.125521 0.126131 0.127097 0.128412 0.130078 0.132104 0.134497 0.137260 0.140381 0.144048 0.148609 0.154248 0.161052 0.169012 0.178053 0.187842 0.198048 0.208575 0.219387 0.230468 0.241803 0.253385 0.265203 0.277250 0.289519 0.302001 0.314688 0.327575 0.340652 0.353915 0.367356 0.380968 0.394746 0.408683 0.422774 0.437014 0.451396 0.465917 0.480570 0.495351 0.510256 0.525280 0.540419 0.555669 0.571026 0.586487 0.602047 0.617704 0.633454 0.649294
0.127273 0.127927 0.128935 0.130350 0.132220 0.134594 0.137513 0.141010 0.145129 0.150186 0.156400 0.163790 0.172152 0.181032 0.190248 0.199767 0.209573 0.219652 0.229996 0.240596 0.251443 0.262530 0.273850 0.285395 0.297157 0.309130 0.321305 0.333677 0.346238 0.358981 0.371901 0.384991 0.398246 0.411658 0.425223 0.438936 0.452791 0.466782 0.480906 0.495158 0.509533 0.524027 0.538635 0.553354 0.568180 0.583109 0.598138 0.613264 0.628483 0.643791
0.130789 0.130669 0.131208 0.132462 0.134498 0.137393 0.141218 0.145985 0.151694 0.158446 0.165807 0.173522 0.181544 0.189866 0.198475 0.207363 0.216522 0.225946 0.235627 0.245559 0.255736 0.266149 0.276792 0.287659 0.298741 0.310032 0.321525 0.333214 0.345092 0.357153 0.369391 0.381799 0.394371 0.407103 0.419988 0.433021 0.446198 0.459513 0.472961 0.486538 0.500240 0.514061 0.527999 0.542050 0.556208 0.570471 0.584836 0.599299 0.613856 0.628505
0.134822 0.133815 0.133844 0.135018 0.137475 0.141329 0.146529 0.152454 0.158551 0.164865 0.171460 0.178351 0.185536 0.193013 0.200775 0.208819 0.217135 0.225719 0.234563 0.243659 0.253002 0.262584 0.272397 0.282435 0.292691 0.303158 0.313829 0.324698 0.335758 0.347003 0.358427 0.370024 0.381788 0.393714 0.405795 0.418027 0.430405 0.442924 0.455579 0.468365 0.481279 0.494315 0.507470 0.520740 0.534122 0.547610 0.561203 0.574896 0.588687 0.602572
0.137405 0.135747 0.135531 0.136994 0.140356 0.145120 0.150316 0.155498 0.160687 0.166062 0.171699 0.177625 0.183847 0.190362 0.197168 0.204258 0.211626 0.219264 0.227167 0.235326 0.243735 0.252387 0.261274 0.270390 0.279726 0.289277 0.299036 0.308996 0.319151 0.329493 0.340018 0.350720 0.361591 0.372628 0.383823 0.395173 0.406672 0.418315 0.430098 0.442015 0.454063 0.466237 0.478534 0.490948 0.503477 0.516117 0.528864 0.541715 0.554667 0.567716
0.141174 0.138288 0.137448 0.139008 0.142382 0.146463 0.150708 0.154849 0.159005 0.163360 0.167990 0.172916 0.178145 0.183673 0.189495 0.195606 0.201998 0.208663 0.215596 0.222788 0.230233 0.237923 0.245852 0.254011 0.262394 0.270995 0.279806 0.288821 0.298033 0.307437 0.317026 0.326794 0.336736 0.346846 0.357118 0.367548 0.378130 0.388860 0.399732 0.410743 0.421887 0.433161 0.444561 0.456082 0.467720 0.479474 0.491337 0.503308 0.515383 0.527559
0.143844 0.139768 0.138376 0.139662 0.142298 0.145431 0.148652 0.151772 0.154964 0.158379 0.162076 0.166070 0.170366 0.174959 0.179845 0.185017 0.190468 0.196192 0.202183 0.208432 0.214934 0.221681 0.228667 0.235884 0.243326 0.250986 0.258859 0.266936 0.275213 0.283683 0.292341 0.301179 0.310194 0.319379 0.328729 0.338239 0.347904 0.357720 0.367681 0.377782 0.388021 0.398392 0.408892 0.419516 0.430262 0.441124 0.452100 0.463187 0.474380 0.485678
0.142545 0.138292 0.137011 0.138124 0.140252 0.142704 0.145148 0.147460 0.149845 0.152444 0.155310 0.158463 0.161905 0.165635 0.169650 0.173945 0.178513 0.183351 0.188450 0.193806 0.199411 0.205261 0.211347 0.217664 0.224205 0.230964 0.237936 0.245113 0.252491 0.260062 0.267822 0.275764 0.283884 0.292176 0.300635 0.309255 0.318033 0.326963 0.336041 0.345262 0.354622 0.364117 0.373744 0.383497 0.393374 0.403371 0.413484 0.423710 0.434045 0.444488
0.143905 0.138807 0.137060 0.137514 0.138854 0.140466 0.142047 0.143501 0.145044 0.146809 0.148846 0.151169 0.153783 0.156684 0.159868 0.163331 0.167066 0.171068 0.175331 0.179849 0.184615 0.189624 0.194869 0.200344 0.206042 0.211959 0.218088 0.224422 0.230957 0.237686 0.244604 0.251705 0.258985 0.266438 0.274059 0.281843 0.289786 0.297883 0.306129 0.314520 0.323052 0.331720 0.340522 0.349453 0.358509 0.367687 0.376984 0.386396 0.395920 0.405553
0.146153 0.140374 0.138052 0.137702 0.138153 0.138861 0.139546 0.140150 0.140885 0.141863 0.143126 0.144684 0.146536 0.148678 0.151106 0.153813 0.156792 0.160037 0.163543 0.167302 0.171308 0.175555 0.180038 0.184749 0.189683 0.194834 0.200196 0.205764 0.211531 0.217492 0.223642 0.229976 0.236488 0.243174 0.250028 0.257046 0.264223 0.271555 0.279038 0.286666 0.294437 0.302346 0.310389 0.318562 0.326863 0.335286 0.343830 0.352491 0.361265 0.370150
0.146673 0.140315 0.137551 0.136714 0.136640 0.136792 0.136894 0.136924 0.137092 0.137497 0.138177 0.139141 0.140390 0.141920 0.143726 0.145804 0.148148 0.150752 0.153610 0.156717 0.160067 0.163653 0.167472 0.171515 0.175779 0.180257 0.184943 0.189834 0.194922 0.200203 0.205671 0.211323 0.217152 0.223154 0.229324 0.235658 0.242151 0.248798 0.255597 0.262542 0.269629 0.276855 0.284216 0.291709 0.299329 0.307073 0.314939 0.322922 0.331020 0.339229
0.146274 0.139875 0.137012 0.135946 0.135558 0.135338 0.135023 0.134627 0.134356 0.134308 0.134517 0.134995 0.135745 0.136765 0.138052 0.139602 0.141410 0.143471 0.145780 0.148332 0.151122 0.154144 0.157394 0.160865 0.164552 0.168451 0.172556 0.176861 0.181362 0.186054 0.190932 0.195991 0.201226 0.206633 0.212207 0.217944 0.223839 0.229888 0.236088 0.242434 0.248923 0.255550 0.262312 0.269206 0.276227 0.283374 0.290641 0.298027 0.305528 0.313142
0.150126 0.143050 0.139540 0.137805 0.136765 0.135922 0.135014 0.134059 0.133259 0.132701 0.132414 0.132407 0.132678 0.133224 0.134040 0.135119 0.136456 0.138045 0.139882 0.141959 0.144272 0.146815 0.149582 0.152569 0.155769 0.159178 0.162791 0.166602 0.170606 0.174799 0.179176 0.183732 0.188463 0.193364 0.198430 0.203658 0.209044 0.214583 0.220271 0.226105 0.232080 0.238194 0.244442 0.250822 0.257329 0.263960 0.270713 0.277585 0.284571 0.291670
0.152675 0.145082 0.141137 0.138982 0.137532 0.136282 0.134968 0.133623 0.132444 0.131514 0.130859 0.130485 0.130389 0.130567 0.131013 0.131721 0.132685 0.133899 0.135356 0.137052 0.138981 0.141136 0.143513 0.146106 0.148910 0.151920 0.155130 0.158536 0.162133 0.165916 0.169881 0.174023 0.178337 0.182819 0.187466 0.192272 0.197235 0.202349 0.207611 0.213018 0.218565 0.224250 0.230068 0.236017 0.242093 0.248292 0.254613 0.261051 0.267605 0.274270
0.150730 0.143729 0.140129 0.138126 0.136695 0.135371 0.133919 0.132435 0.131101 0.129995 0.129144 0.128556 0.128232 0.128170 0.128365 0.128814 0.129510 0.130449 0.131627 0.133037 0.134674 0.136533 0.138610 0.140898 0.143393 0.146091 0.148985 0.152072 0.155347 0.158805 0.162442 0.166253 0.170234 0.174381 0.178690 0.183157 0.187778 0.192550 0.197467 0.202528 0.207728 0.213063 0.218532 0.224129 0.229853 0.235700 0.241666 0.247750 0.253948 0.260257
0.153746 0.145704 0.141314 0.138681 0.136736 0.134972 0.133147 0.131371 0.129794 0.128470 0.127414 0.126627 0.126108 0.125849 0.125847 0.126095 0.126587 0.127319 0.128285 0.129479 0.130896 0.132532 0.134380 0.136437 0.138697 0.141156 0.143808 0.146650 0.149676 0.152883 0.156266 0.159820 0.163543 0.167428 0.171474 0.175675 0.180029 0.184531 0.189177 0.193965 0.198891 0.203951 0.209142 0.214461 0.219905 0.225471 0.231156 0.236958 0.242872 0.248897
0.150870 0.143354 0.139302 0.136855 0.134981 0.133204 0.131320 0.129482 0.127827 0.126410 0.125247 0.124343 0.123696 0.123303 0.123160 0.123262 0.123604 0.124181 0.124988 0.126019 0.127271 0.128738 0.130414 0.132296 0.134378 0.136656 0.139125 0.141781 0.144620 0.147636 0.150826 0.154186 0.157711 0.161398 0.165242 0.169241 0.173390 0.177686 0.182124 0.186703 0.191418 0.196266 0.201243 0.206348 0.211576 0.216925 0.222392 0.227974 0.233668 0.239471
0.149963 0.142357 0.138140 0.135481 0.133393 0.131409 0.129341 0.127349 0.125557 0.124010 0.122723 0.121697 0.120929 0.120416 0.120153 0.120134 0.120354 0.120808 0.121490 0.122397 0.123521 0.124859 0.126405 0.128155 0.130103 0.132246 0.134578 0.137095 0.139793 0.142667 0.145713 0.148927 0.152305 0.155843 0.159538 0.163385 0.167381 0.171522 0.175805 0.180226 0.184783 0.189471 0.194288 0.199230 0.204295 0.209480 0.214782 0.220197 0.225724 0.231360
0.147941 0.140271 0.135979 0.133222 0.131013 0.128891 0.126688 0.124573 0.122667 0.121013 0.119622 0.118497 0.117633 0.117026 0.116669 0.116558 0.116686 0.117049 0.117639 0.118453 0.119484 0.120727 0.122178 0.123831 0.125682 0.127725 0.129957 0.132372 0.134966 0.137736 0.140676 0.143783 0.147052 0.150480 0.154064 0.157798 0.161681 0.165707 0.169874 0.174178 0.178617 0.183186 0.187883 0.192704 0.197648 0.202710 0.207887 0.213178 0.218580 0.224089
0.145525 0.137582 0.133040 0.130059 0.127665 0.125389 0.123080 0.120900 0.118945 0.117249 0.115819 0.114653 0.113747 0.113094 0.112691 0.112529 0.112605 0.112912 0.113444 0.114197 0.115165 0.116344 0.117728 0.119312 0.121092 0.123062 0.125220 0.127559 0.130076 0.132767 0.135627 0.138652 0.141839 0.145184 0.148683 0.152332 0.156127 0.160066 0.164145 0.168360 0.172709 0.177187 0.181793 0.186522 0.191373 0.196341 0.201425 0.206622 0.211929 0.217343
0.138103 0.131163 0.127341 0.124871 0.122830 0.120791 0.118651 0.116594 0.114724 0.113082 0.111682 0.110528 0.109620 0.108954 0.108528 0.108337 0.108377 0.108643 0.109131 0.109835 0.110752 0.111876 0.113204 0.114729 0.116448 0.118357 0.120450 0.122725 0.125176 0.127799 0.130591 0.133548 0.136665 0.139939 0.143367 0.146944 0.150668 0.154534 0.158540 0.162682 0.166958 0.171363 0.175895 0.180550 0.185327 0.190222 0.195232 0.200354 0.205587 0.210927
0.139263 0.130949 0.126164 0.123010 0.120475 0.118074 0.115665 0.113406 0.111377 0.109607 0.108099 0.106852 0.105860 0.105118 0.104619 0.104358 0.104330 0.104529 0.104950 0.105589 0.106439 0.107497 0.108757 0.110215 0.111867 0.113708 0.115734 0.117941 0.120324 0.122880 0.125604 0.128493 0.131543 0.134751 0.138112 0.141623 0.145281 0.149082 0.153023 0.157101 0.161312 0.165654 0.170123 0.174716 0.179431 0.184265 0.189215 0.194277 0.199451 0.204732
0.132911 0.125822 0.121815 0.119140 0.116892 0.114647 0.112307 0.110058 0.108007 0.106191 0.104625 0.103310 0.102244 0.101425 0.100848 0.100508 0.100400 0.100519 0.100861 0.101421 0.102194 0.103174 0.104358 0.105741 0.107319 0.109087 0.111040 0.113176 0.115489 0.117976 0.120632 0.123455 0.126439 0.129583 0.132881 0.136331 0.139928 0.143670 0.147554 0.151575 0.155732 0.160020 0.164436 0.168979 0.173644 0.178429 0.183331 0.188347 0.193475 0.198713
0.133264 0.125172 0.120430 0.117200 0.114525 0.111943 0.109352 0.106914 0.104710 0.102766 0.101086 0.099668 0.098506 0.097596 0.096932 0.096508 0.096318 0.096358 0.096622 0.097106 0.097804 0.098711 0.099824 0.101137 0.102647 0.104348 0.106237 0.108309 0.110561 0.112988 0.115587 0.118353 0.121284 0.124375 0.127623 0.131024 0.134574 0.138271 0.142112 0.146091 0.150208 0.154457 0.158837 0.163345 0.167976 0.172729 0.177601 0.182588 0.187688 0.192899
0.127841 0.120257 0.115822 0.112762 0.110166 0.107606 0.105037 0.102618 0.100418 0.098465 0.096765 0.095319 0.094122 0.093173 0.092466 0.091997 0.091761 0.091754 0.091972 0.092408 0.093060 0.093922 0.094990 0.096260 0.097727 0.099388 0.101237 0.103272 0.105488 0.107880 0.110446 0.113181 0.116082 0.119145 0.122367 0.125743 0.129271 0.132946 0.136767 0.140728 0.144828 0.149062 0.153428 0.157923 0.162544 0.167287 0.172150 0.177130 0.182224 0.187429
0.122509 0.115103 0.110762 0.107744 0.105168 0.102621 0.100066 0.097657 0.095465 0.093515 0.091814 0.090365 0.089163 0.088208 0.087494 0.087017 0.086773 0.086758 0.086967 0.087396 0.088041 0.088897 0.089959 0.091223 0.092686 0.094343 0.096190 0.098223 0.100437 0.102830 0.105397 0.108134 0.111038 0.114104 0.117331 0.120713 0.124247 0.127930 0.131759 0.135730 0.139840 0.144085 0.148463 0.152970 0.157604 0.162361 0.167238 0.172233 0.177342 0.182564
0.117993 0.110554 0.106144 0.103049 0.100409 0.097815 0.095198 0.092731 0.090495 0.088516 0.086802 0.085349 0.084154 0.083211 0.082515 0.082060 0.081840 0.081852 0.082089 0.082547 0.083222 0.084108 0.085201 0.086497 0.087990 0.089679 0.091557 0.093620 0.095866 0.098290 0.100888 0.103657 0.106592 0.109690 0.112947 0.116360 0.119926 0.123640 0.127500 0.131502 0.135643 0.139920 0.144329 0.148867 0.153532 0.158320 0.163228 0.168254 0.173395 0.178647
0.112573 0.105265 0.100954 0.097940 0.095375 0.092857 0.090324 0.087943 0.085793 0.083899 0.082266 0.080891 0.079772 0.078902 0.078276 0.077889 0.077735 0.077810 0.078109 0.078627 0.079358 0.080300 0.081447 0.082795 0.084340 0.086078 0.088004 0.090116 0.092408 0.094877 0.097519 0.100331 0.103309 0.106448 0.109747 0.113201 0.116806 0.120559 0.124458 0.128498 0.132676 0.136989 0.141434 0.146008 0.150708 0.155531 0.160473 0.165533 0.170706 0.175991
0.106757 0.100060 0.096204 0.093541 0.091258 0.088976 0.086678 0.084517 0.082561 0.080836 0.079349 0.078103 0.077095 0.076324 0.075786 0.075477 0.075394 0.075534 0.075892 0.076464 0.077247 0.078237 0.079429 0.080819 0.082405 0.084181 0.086144 0.088291 0.090618 0.093120 0.095794 0.098637 0.101645 0.104814 0.108141 0.111623 0.115255 0.119035 0.122960 0.127025 0.131228 0.135566 0.140035 0.144632 0.149355 0.154200 0.159165 0.164246 0.169440 0.174746
