0.088582 0.090344 0.092308 0.094513 0.097010 0.099870 0.103195 0.106996 0.111066 0.115293 0.119637 0.124084 0.128629 0.133273 0.138015 0.142858 0.147802 0.152850 0.158002 0.163259 0.168619 0.174082 0.179644 0.185305 0.191062 0.196914 0.202859 0.208895 0.215021 0.221234 0.227533 0.233917 0.240383 0.246930 0.253557 0.260261 0.267042 0.273897 0.280826 0.287826 0.294897 0.302037 0.309243 0.316516 0.323854 0.331255 0.338719 0.346243 0.353827 0.361469
0.090005 0.091915 0.094015 0.096348 0.098972 0.101968 0.105442 0.109323 0.113425 0.117668 0.122023 0.126481 0.131041 0.135703 0.140468 0.145336 0.150309 0.155388 0.160573 0.165861 0.171253 0.176746 0.182338 0.188028 0.193814 0.199695 0.205668 0.211732 0.217886 0.224127 0.230455 0.236867 0.243361 0.249937 0.256592 0.263325 0.270134 0.277018 0.283975 0.291005 0.298104 0.305273 0.312509 0.319811 0.327178 0.334609 0.342101 0.349655 0.357268 0.364940
0.093034 0.095002 0.097139 0.099510 0.102192 0.105283 0.108876 0.112818 0.116956 0.121234 0.125631 0.130140 0.134759 0.139488 0.144326 0.149273 0.154327 0.159488 0.164753 0.170121 0.175591 0.181160 0.186828 0.192593 0.198453 0.204407 0.210453 0.216589 0.222814 0.229126 0.235523 0.242004 0.248567 0.255212 0.261935 0.268735 0.275612 0.282563 0.289588 0.296683 0.303849 0.311084 0.318386 0.325753 0.333186 0.340681 0.348239 0.355857 0.363535 0.371271
0.096858 0.098279 0.100096 0.102309 0.104955 0.108113 0.111831 0.115896 0.120170 0.124596 0.129151 0.133826 0.138613 0.143511 0.148515 0.153625 0.158839 0.164156 0.169574 0.175092 0.180709 0.186423 0.192232 0.198136 0.204132 0.210220 0.216398 0.222663 0.229016 0.235454 0.241976 0.248579 0.255264 0.262028 0.268869 0.275787 0.282780 0.289845 0.296983 0.304191 0.311468 0.318813 0.326225 0.333701 0.341241 0.348843 0.356507 0.364231 0.372013 0.379853
0.092404 0.095496 0.098543 0.101686 0.105066 0.108842 0.113092 0.117615 0.122288 0.127070 0.131947 0.136918 0.141982 0.147141 0.152396 0.157746 0.163192 0.168735 0.174372 0.180104 0.185929 0.191848 0.197858 0.203958 0.210147 0.216425 0.222789 0.229238 0.235771 0.242387 0.249084 0.255861 0.262716 0.269648 0.276656 0.283738 0.290893 0.298119 0.305415 0.312780 0.320213 0.327711 0.335275 0.342902 0.350591 0.358341 0.366152 0.374021 0.381948 0.389931
0.098238 0.099853 0.101926 0.104457 0.107489 0.111100 0.115304 0.119867 0.124643 0.129572 0.134628 0.139799 0.145079 0.150463 0.155948 0.161532 0.167214 0.172991 0.178863 0.184828 0.190885 0.197033 0.203269 0.209593 0.216004 0.222501 0.229081 0.235744 0.242489 0.249313 0.256217 0.263198 0.270255 0.277387 0.284593 0.291870 0.299219 0.306637 0.314124 0.321677 0.329296 0.336980 0.344727 0.352537 0.360407 0.368337 0.376325 0.384371 0.392473 0.400630
0.093101 0.096405 0.099736 0.103231 0.107020 0.111241 0.115950 0.120941 0.126092 0.131360 0.136728 0.142192 0.147749 0.153400 0.159144 0.164981 0.170910 0.176930 0.183042 0.189243 0.195533 0.201910 0.208375 0.214926 0.221561 0.228279 0.235080 0.241961 0.248923 0.255963 0.263080 0.270273 0.277541 0.284882 0.292296 0.299781 0.307335 0.314958 0.322647 0.330403 0.338223 0.346107 0.354053 0.362061 0.370128 0.378254 0.386437 0.394677 0.402973 0.411322
0.095086 0.097961 0.101088 0.104533 0.108376 0.112724 0.117596 0.122769 0.128115 0.133587 0.139165 0.144841 0.150613 0.156479 0.162439 0.168490 0.174633 0.180867 0.187191 0.193604 0.200106 0.206694 0.213368 0.220128 0.226971 0.233897 0.240905 0.247993 0.255160 0.262405 0.269727 0.277125 0.284597 0.292142 0.299759 0.307446 0.315203 0.323028 0.330919 0.338877 0.346898 0.354983 0.363130 0.371337 0.379604 0.387930 0.396313 0.404752 0.413247 0.421795
0.096329 0.099388 0.102662 0.106245 0.110234 0.114750 0.119785 0.125111 0.130612 0.136242 0.141984 0.147829 0.153774 0.159818 0.165959 0.172195 0.178524 0.184947 0.191461 0.198065 0.204758 0.211539 0.218406 0.225359 0.232396 0.239516 0.246718 0.254000 0.261361 0.268801 0.276318 0.283910 0.291576 0.299316 0.307128 0.315010 0.322962 0.330982 0.339069 0.347222 0.355440 0.363720 0.372063 0.380468 0.388931 0.397454 0.406034 0.414671 0.423363 0.432109
0.097186 0.100356 0.103777 0.107539 0.111741 0.116504 0.121757 0.127280 0.132970 0.138789 0.144720 0.150757 0.156895 0.163133 0.169468 0.175898 0.182422 0.189040 0.195749 0.202547 0.209435 0.216410 0.223472 0.230618 0.237849 0.245162 0.252557 0.260032 0.267586 0.275218 0.282927 0.290711 0.298570 0.306502 0.314506 0.322580 0.330725 0.338937 0.347217 0.355563 0.363974 0.372448 0.380985 0.389582 0.398241 0.406958 0.415732 0.424564 0.433451 0.442393
0.096533 0.100044 0.103808 0.107921 0.112488 0.117624 0.123191 0.128990 0.134936 0.140999 0.147166 0.153432 0.159795 0.166252 0.172804 0.179448 0.186183 0.193010 0.199926 0.206931 0.214023 0.221202 0.228467 0.235815 0.243247 0.250761 0.258356 0.266031 0.273784 0.281615 0.289522 0.297504 0.305561 0.313690 0.321891 0.330162 0.338503 0.346912 0.355388 0.363930 0.372537 0.381207 0.389940 0.398734 0.407588 0.416501 0.425472 0.434500 0.443583 0.452721
0.096043 0.099987 0.104119 0.108568 0.113468 0.118925 0.124749 0.130771 0.136926 0.143190 0.149555 0.156019 0.162579 0.169235 0.175986 0.182831 0.189769 0.196799 0.203920 0.211130 0.218429 0.225815 0.233287 0.240843 0.248483 0.256205 0.264008 0.271890 0.279851 0.287890 0.296004 0.304194 0.312457 0.320792 0.329199 0.337677 0.346223 0.354837 0.363517 0.372263 0.381074 0.389947 0.398883 0.407879 0.416935 0.426049 0.435222 0.444450 0.453734 0.463071
0.098882 0.102303 0.106103 0.110373 0.115228 0.120705 0.126559 0.132638 0.138879 0.145256 0.151755 0.158370 0.165095 0.171927 0.178863 0.185900 0.193036 0.200268 0.207594 0.215013 0.222523 0.230121 0.237806 0.245578 0.253433 0.261371 0.269391 0.277490 0.285668 0.293924 0.302255 0.310661 0.319141 0.327692 0.336315 0.345007 0.353767 0.362595 0.371489 0.380447 0.389470 0.398554 0.407700 0.416906 0.426171 0.435494 0.444873 0.454309 0.463798 0.473341
0.096541 0.100480 0.104751 0.109463 0.114748 0.120610 0.126798 0.133181 0.139707 0.146353 0.153111 0.159977 0.166946 0.174017 0.181188 0.188457 0.195822 0.203282 0.210835 0.218479 0.226214 0.234036 0.241946 0.249941 0.258021 0.266183 0.274426 0.282749 0.291150 0.299628 0.308182 0.316811 0.325512 0.334285 0.343129 0.352041 0.361022 0.370069 0.379181 0.388357 0.397597 0.406897 0.416259 0.425679 0.435157 0.444692 0.454283 0.463928 0.473627 0.483378
0.093385 0.098110 0.103014 0.108258 0.114017 0.120289 0.126832 0.133530 0.140341 0.147253 0.154261 0.161365 0.168565 0.175862 0.183254 0.190742 0.198325 0.206001 0.213770 0.221631 0.229581 0.237621 0.245747 0.253960 0.262257 0.270637 0.279099 0.287641 0.296262 0.304960 0.313734 0.322582 0.331503 0.340496 0.349559 0.358691 0.367890 0.377155 0.386485 0.395878 0.405333 0.414849 0.424424 0.434057 0.443748 0.453494 0.463295 0.473149 0.483056 0.493013
0.097745 0.101444 0.105631 0.110397 0.115869 0.121948 0.128370 0.135009 0.141814 0.148761 0.155837 0.163035 0.170350 0.177778 0.185315 0.192958 0.200706 0.208554 0.216502 0.224546 0.232685 0.240916 0.249238 0.257649 0.266147 0.274731 0.283397 0.292146 0.300974 0.309881 0.318864 0.327922 0.337053 0.346257 0.355530 0.364872 0.374282 0.383757 0.393296 0.402898 0.412561 0.422284 0.432066 0.441906 0.451801 0.461751 0.471754 0.481809 0.491916 0.502072
0.095459 0.099866 0.104598 0.109813 0.115671 0.122044 0.128699 0.135539 0.142523 0.149638 0.156877 0.164235 0.171710 0.179298 0.186998 0.194807 0.202723 0.210743 0.218865 0.227087 0.235406 0.243820 0.252328 0.260927 0.269614 0.278389 0.287248 0.296191 0.305214 0.314316 0.323496 0.332751 0.342080 0.351481 0.360952 0.370492 0.380098 0.389770 0.399505 0.409303 0.419161 0.429078 0.439053 0.449084 0.459171 0.469310 0.479503 0.489746 0.500039 0.510381
0.093918 0.098485 0.103425 0.108886 0.115012 0.121612 0.128472 0.135505 0.142677 0.149974 0.157391 0.164925 0.172573 0.180335 0.188208 0.196189 0.204278 0.212471 0.220767 0.229164 0.237659 0.246250 0.254936 0.263713 0.272580 0.281534 0.290574 0.299697 0.308902 0.318185 0.327547 0.336983 0.346493 0.356075 0.365726 0.375445 0.385231 0.395081 0.404995 0.414969 0.425003 0.435096 0.445245 0.455450 0.465708 0.476019 0.486382 0.496794 0.507255 0.517763
0.093498 0.098062 0.103023 0.108548 0.114767 0.121449 0.128393 0.135518 0.142792 0.150201 0.157738 0.165400 0.173182 0.181082 0.189098 0.197225 0.205463 0.213808 0.222258 0.230810 0.239461 0.248210 0.257054 0.265990 0.275016 0.284130 0.293330 0.302613 0.311978 0.321421 0.330942 0.340537 0.350206 0.359945 0.369754 0.379630 0.389572 0.399577 0.409645 0.419773 0.429960 0.440204 0.450504 0.460859 0.471266 0.481725 0.492234 0.502792 0.513398 0.524050
0.093446 0.097794 0.102664 0.108197 0.114473 0.121211 0.128221 0.135424 0.142784 0.150288 0.157927 0.165694 0.173587 0.181600 0.189732 0.197979 0.206337 0.214805 0.223379 0.232056 0.240834 0.249711 0.258683 0.267748 0.276904 0.286148 0.295478 0.304891 0.314386 0.323960 0.333610 0.343336 0.353134 0.363003 0.372940 0.382945 0.393014 0.403147 0.413341 0.423596 0.433908 0.444277 0.454702 0.465180 0.475710 0.486291 0.496922 0.507601 0.518327 0.529098
0.090340 0.095484 0.100957 0.106972 0.113610 0.120606 0.127809 0.135162 0.142648 0.150259 0.157993 0.165849 0.173827 0.181924 0.190138 0.198467 0.206909 0.215461 0.224121 0.232885 0.241752 0.250719 0.259782 0.268940 0.278190 0.287528 0.296954 0.306463 0.316055 0.325726 0.335474 0.345298 0.355194 0.365161 0.375197 0.385301 0.395469 0.405700 0.415993 0.426346 0.436757 0.447224 0.457746 0.468322 0.478950 0.489628 0.500356 0.511131 0.521953 0.532821
0.093656 0.097833 0.102643 0.108222 0.114532 0.121269 0.128277 0.135490 0.142876 0.150421 0.158115 0.165951 0.173923 0.182028 0.190260 0.198616 0.207091 0.215682 0.224386 0.233198 0.242117 0.251138 0.260259 0.269476 0.278787 0.288189 0.297680 0.307256 0.316915 0.326655 0.336473 0.346368 0.356336 0.366375 0.376484 0.386661 0.396903 0.407209 0.417577 0.428005 0.438491 0.449034 0.459632 0.470284 0.480988 0.491743 0.502547 0.513399 0.524298 0.535242
0.091065 0.095803 0.101047 0.106975 0.113514 0.120393 0.127493 0.134768 0.142201 0.149782 0.157505 0.165368 0.173366 0.181497 0.189755 0.198139 0.206644 0.215267 0.224004 0.232852 0.241809 0.250869 0.260032 0.269292 0.278649 0.288097 0.297636 0.307261 0.316971 0.326762 0.336633 0.346581 0.356604 0.366699 0.376865 0.387099 0.397398 0.407763 0.418189 0.428677 0.439223 0.449827 0.460486 0.471199 0.481965 0.492781 0.503648 0.514563 0.525524 0.536532
0.089227 0.094074 0.099428 0.105471 0.112096 0.119038 0.126183 0.133492 0.140949 0.148552 0.156298 0.164184 0.172206 0.180360 0.188644 0.197054 0.205587 0.214239 0.223008 0.231888 0.240878 0.249974 0.259173 0.268472 0.277867 0.287355 0.296935 0.306603 0.316356 0.326192 0.336108 0.346102 0.356172 0.366315 0.376529 0.386811 0.397161 0.407576 0.418053 0.428592 0.439190 0.449846 0.460558 0.471324 0.482143 0.493014 0.503934 0.514904 0.525920 0.536983
0.089605 0.093819 0.098735 0.104484 0.110918 0.117737 0.124805 0.132065 0.139493 0.147077 0.154812 0.162691 0.170712 0.178871 0.187165 0.195590 0.204141 0.212815 0.221608 0.230516 0.239535 0.248662 0.257893 0.267225 0.276656 0.286182 0.295799 0.305506 0.315299 0.325176 0.335135 0.345172 0.355285 0.365472 0.375730 0.386059 0.396454 0.406915 0.417440 0.428026 0.438672 0.449376 0.460137 0.470952 0.481821 0.492741 0.503712 0.514731 0.525799 0.536912
0.085049 0.090061 0.095547 0.101708 0.108439 0.115475 0.122703 0.130085 0.137605 0.145260 0.153049 0.160971 0.169025 0.177210 0.185525 0.193967 0.202535 0.211224 0.220034 0.228961 0.238002 0.247153 0.256411 0.265772 0.275233 0.284790 0.294441 0.304182 0.314012 0.323926 0.333922 0.343998 0.354151 0.364379 0.374679 0.385050 0.395488 0.405993 0.416562 0.427192 0.437883 0.448632 0.459439 0.470300 0.481215 0.492182 0.503199 0.514266 0.525380 0.536541
0.085505 0.089862 0.094888 0.100728 0.107236 0.114119 0.121243 0.128554 0.136028 0.143655 0.151428 0.159342 0.167395 0.175582 0.183901 0.192350 0.200924 0.209622 0.218440 0.227375 0.236425 0.245588 0.254861 0.264240 0.273722 0.283302 0.292979 0.302748 0.312606 0.322551 0.332579 0.342688 0.352876 0.363139 0.373476 0.383883 0.394360 0.404903 0.415511 0.426182 0.436913 0.447704 0.458552 0.469455 0.480412 0.491422 0.502482 0.513592 0.524750 0.535955
0.082990 0.087563 0.092749 0.098708 0.105292 0.112226 0.119388 0.126729 0.134228 0.141875 0.149667 0.157598 0.165666 0.173868 0.182201 0.190662 0.199249 0.207959 0.216789 0.225736 0.234797 0.243970 0.253253 0.262644 0.272139 0.281736 0.291431 0.301220 0.311100 0.321069 0.331122 0.341258 0.351473 0.361766 0.372132 0.382571 0.393080 0.403656 0.414297 0.425002 0.435769 0.446595 0.457478 0.468418 0.479412 0.490459 0.501558 0.512706 0.523902 0.535146
0.079699 0.084678 0.090151 0.096311 0.103047 0.110093 0.117337 0.124738 0.132282 0.139963 0.147781 0.155733 0.163819 0.172036 0.180384 0.188858 0.197458 0.206181 0.215023 0.223983 0.233057 0.242242 0.251536 0.260937 0.270445 0.280055 0.289764 0.299569 0.309466 0.319453 0.329526 0.339683 0.349920 0.360236 0.370626 0.381090 0.391624 0.402227 0.412896 0.423629 0.434424 0.445279 0.456192 0.467163 0.478188 0.489266 0.500396 0.511576 0.522806 0.534082
0.081079 0.085126 0.089916 0.095575 0.101952 0.108742 0.115803 0.123074 0.130525 0.138142 0.145915 0.153839 0.161906 0.170113 0.178457 0.186932 0.195535 0.204263 0.213113 0.222082 0.231166 0.240362 0.249667 0.259079 0.268597 0.278218 0.287939 0.297756 0.307668 0.317669 0.327757 0.337930 0.348184 0.358517 0.368927 0.379409 0.389963 0.400587 0.411277 0.422031 0.432849 0.443727 0.454664 0.465658 0.476708 0.487811 0.498967 0.510173 0.521429 0.532732
0.075710 0.080673 0.086112 0.092229 0.098943 0.105979 0.113220 0.120622 0.128169 0.135857 0.143683 0.151645 0.159743 0.167974 0.176335 0.184826 0.193442 0.202182 0.211042 0.220020 0.229112 0.238317 0.247630 0.257050 0.266574 0.276202 0.285931 0.295756 0.305676 0.315686 0.325785 0.335968 0.346233 0.356578 0.367000 0.377495 0.388063 0.398701 0.409406 0.420176 0.431010 0.441905 0.452860 0.463872 0.474940 0.486063 0.497238 0.508465 0.519741 0.531065
0.075406 0.079830 0.084899 0.090756 0.097281 0.104184 0.111330 0.118664 0.126162 0.133813 0.141612 0.149553 0.157632 0.165848 0.174196 0.182675 0.191281 0.200011 0.208862 0.217833 0.226919 0.236118 0.245427 0.254843 0.264364 0.273989 0.283715 0.293540 0.303459 0.313471 0.323572 0.333758 0.344028 0.354377 0.364805 0.375308 0.385883 0.396530 0.407244 0.418024 0.428869 0.439775 0.450742 0.461767 0.472848 0.483985 0.495175 0.506416 0.517708 0.529049
0.073304 0.077915 0.083070 0.088946 0.095470 0.102355 0.109469 0.116762 0.124213 0.131815 0.139565 0.147458 0.155493 0.163666 0.171975 0.180418 0.188991 0.197691 0.206515 0.215461 0.224526 0.233705 0.242997 0.252397 0.261904 0.271517 0.281232 0.291048 0.300960 0.310966 0.321062 0.331246 0.341513 0.351863 0.362291 0.372796 0.383375 0.394025 0.404744 0.415530 0.426381 0.437295 0.448269 0.459303 0.470394 0.481540 0.492741 0.503994 0.515297 0.526650
0.072618 0.076891 0.081773 0.087419 0.093752 0.100482 0.107467 0.114651 0.122010 0.129534 0.137214 0.145046 0.153027 0.161152 0.169418 0.177821 0.186359 0.195028 0.203824 0.212745 0.221786 0.230945 0.240218 0.249602 0.259094 0.268693 0.278396 0.288201 0.298104 0.308102 0.318193 0.328371 0.338636 0.348983 0.359410 0.369915 0.380494 0.391145 0.401867 0.412656 0.423512 0.434430 0.445410 0.456450 0.467548 0.478702 0.489910 0.501171 0.512484 0.523846
0.069376 0.073747 0.078675 0.084326 0.090670 0.097413 0.104409 0.111599 0.118960 0.126481 0.134155 0.141980 0.149951 0.158065 0.166320 0.174712 0.183237 0.191894 0.200678 0.209587 0.218617 0.227765 0.237028 0.246402 0.255885 0.265475 0.275170 0.284967 0.294863 0.304856 0.314941 0.325115 0.335377 0.345721 0.356147 0.366650 0.377229 0.387881 0.398604 0.409395 0.420253 0.431174 0.442158 0.453202 0.464305 0.475464 0.486678 0.497946 0.509265 0.520634
0.065723 0.070118 0.075058 0.080703 0.087065 0.093843 0.100874 0.108094 0.115477 0.123014 0.130699 0.138529 0.146502 0.154616 0.162867 0.171253 0.179772 0.188420 0.197195 0.206095 0.215115 0.224253 0.233506 0.242872 0.252346 0.261926 0.271611 0.281399 0.291287 0.301272 0.311350 0.321518 0.331774 0.342114 0.352535 0.363035 0.373611 0.384261 0.394982 0.405772 0.416629 0.427551 0.438536 0.449581 0.460685 0.471847 0.483064 0.494334 0.505657 0.517031
0.063076 0.067430 0.072313 0.077883 0.084162 0.090858 0.097812 0.104962 0.112282 0.119761 0.127393 0.135175 0.143104 0.151176 0.159389 0.167740 0.176225 0.184843 0.193589 0.202461 0.211455 0.220569 0.229799 0.239143 0.248597 0.258157 0.267824 0.277594 0.287465 0.297435 0.307498 0.317653 0.327896 0.338225 0.348635 0.359126 0.369693 0.380335 0.391049 0.401833 0.412685 0.423602 0.434583 0.445624 0.456726 0.467885 0.479101 0.490370 0.501693 0.513067
0.061392 0.065495 0.070162 0.075540 0.081648 0.088198 0.095023 0.102059 0.109277 0.116664 0.124212 0.131918 0.139776 0.147783 0.155936 0.164230 0.172662 0.181230 0.189930 0.198757 0.207710 0.216785 0.225978 0.235287 0.244707 0.254237 0.263873 0.273614 0.283458 0.293401 0.303441 0.313573 0.323795 0.334103 0.344495 0.354969 0.365520 0.376147 0.386847 0.397619 0.408459 0.419365 0.430335 0.441368 0.452462 0.463614 0.474823 0.486087 0.497404 0.508774
0.058187 0.062369 0.067068 0.072432 0.078519 0.085050 0.091851 0.098855 0.106034 0.113377 0.120877 0.128531 0.136337 0.144290 0.152388 0.160628 0.169008 0.177523 0.186171 0.194949 0.203854 0.212882 0.222030 0.231295 0.240674 0.250163 0.259761 0.269464 0.279272 0.289181 0.299188 0.309290 0.319483 0.329764 0.340131 0.350580 0.361109 0.371714 0.382395 0.393148 0.403970 0.414860 0.425816 0.436835 0.447916 0.459056 0.470254 0.481508 0.492816 0.504177
0.055486 0.059644 0.064282 0.069547 0.075536 0.081991 0.088724 0.095661 0.102774 0.110050 0.117484 0.125072 0.132811 0.140699 0.148732 0.156909 0.165227 0.173682 0.182271 0.190992 0.199841 0.208815 0.217912 0.227128 0.236459 0.245903 0.255456 0.265116 0.274882 0.284752 0.294721 0.304787 0.314946 0.325196 0.335532 0.345953 0.356455 0.367036 0.377693 0.388423 0.399225 0.410095 0.421033 0.432035 0.443099 0.454224 0.465408 0.476650 0.487946 0.499296
0.054089 0.057862 0.062172 0.067138 0.072871 0.079132 0.085708 0.092510 0.099502 0.106668 0.114000 0.121494 0.129145 0.136949 0.144904 0.153006 0.161252 0.169639 0.178163 0.186822 0.195611 0.204529 0.213571 0.222734 0.232015 0.241411 0.250919 0.260535 0.270258 0.280086 0.290016 0.300045 0.310169 0.320386 0.330691 0.341082 0.351556 0.362111 0.372743 0.383450 0.394230 0.405079 0.415997 0.426981 0.438028 0.449137 0.460306 0.471533 0.482817 0.494155
0.050397 0.054338 0.058718 0.063667 0.069333 0.075541 0.082064 0.088810 0.095741 0.102844 0.110112 0.117540 0.125125 0.132865 0.140756 0.148796 0.156981 0.165309 0.173776 0.182379 0.191115 0.199980 0.208972 0.218087 0.227322 0.236674 0.246139 0.255714 0.265397 0.275186 0.285079 0.295073 0.305163 0.315348 0.325623 0.335986 0.346433 0.356962 0.367570 0.378254 0.389012 0.399842 0.410740 0.421706 0.432736 0.443829 0.454983 0.466196 0.477466 0.488791
0.047732 0.051430 0.055580 0.060290 0.065714 0.071765 0.078181 0.084841 0.091700 0.098736 0.105940 0.113308 0.120836 0.128519 0.136356 0.144342 0.152475 0.160751 0.169168 0.177723 0.186411 0.195230 0.204178 0.213249 0.222442 0.231753 0.241179 0.250717 0.260362 0.270115 0.279973 0.289932 0.299991 0.310145 0.320391 0.330726 0.341147 0.351650 0.362235 0.372896 0.383633 0.394442 0.405321 0.416269 0.427282 0.438358 0.449497 0.460695 0.471952 0.483264
0.044752 0.048281 0.052256 0.056771 0.061968 0.067873 0.074203 0.080800 0.087601 0.094582 0.101731 0.109043 0.116515 0.124142 0.131923 0.139855 0.147934 0.156158 0.164523 0.173027 0.181666 0.190437 0.199337 0.208364 0.217513 0.226781 0.236166 0.245663 0.255270 0.264985 0.274806 0.284730 0.294754 0.304876 0.315091 0.325396 0.335789 0.346266 0.356825 0.367462 0.378176 0.388963 0.399821 0.410749 0.421743 0.432802 0.443924 0.455106 0.466347 0.477645
0.041582 0.045189 0.049159 0.053599 0.058653 0.064414 0.070633 0.077134 0.083846 0.090742 0.097808 0.105040 0.112434 0.119987 0.127695 0.135555 0.143566 0.151723 0.160024 0.168465 0.177044 0.185757 0.194601 0.203573 0.212669 0.221888 0.231224 0.240675 0.250237 0.259908 0.269687 0.279570 0.289556 0.299640 0.309820 0.320091 0.330452 0.340898 0.351428 0.362037 0.372724 0.383486 0.394320 0.405225 0.416197 0.427236 0.438337 0.449501 0.460724 0.472006
0.040118 0.043346 0.047006 0.051169 0.055951 0.061469 0.067514 0.073873 0.080461 0.087243 0.094202 0.101333 0.108631 0.116091 0.123711 0.131486 0.139415 0.147494 0.155719 0.164088 0.172597 0.181242 0.190022 0.198931 0.207968 0.217129 0.226409 0.235807 0.245319 0.254941 0.264672 0.274510 0.284452 0.294494 0.304634 0.314868 0.325192 0.335604 0.346100 0.356678 0.367336 0.378069 0.388876 0.399755 0.410703 0.421718 0.432797 0.443940 0.455143 0.466405
0.037108 0.040501 0.044217 0.048350 0.053024 0.058391 0.064323 0.070588 0.077087 0.083782 0.090656 0.097701 0.104914 0.112291 0.119829 0.127524 0.135375 0.143377 0.151529 0.159825 0.168265 0.176843 0.185557 0.194404 0.203380 0.212482 0.221706 0.231050 0.240509 0.250081 0.259763 0.269554 0.279451 0.289450 0.299549 0.309743 0.320030 0.330406 0.340868 0.351413 0.362039 0.372742 0.383521 0.394373 0.405295 0.416285 0.427341 0.438461 0.449643 0.460885
0.035628 0.038640 0.042044 0.045900 0.050300 0.055383 0.061132 0.067276 0.073681 0.080290 0.087084 0.094051 0.101188 0.108490 0.115955 0.123579 0.131359 0.139293 0.147377 0.155608 0.163984 0.172500 0.181154 0.189943 0.198862 0.207910 0.217081 0.226374 0.235784 0.245309 0.254945 0.264691 0.274546 0.284504 0.294563 0.304719 0.314970 0.325311 0.335740 0.346253 0.356849 0.367523 0.378274 0.389099 0.399996 0.410961 0.421994 0.433092 0.444252 0.455474
0.032840 0.035981 0.039417 0.043223 0.047497 0.052372 0.057942 0.063968 0.070279 0.076806 0.083522 0.090416 0.097480 0.104712 0.112108 0.119665 0.127380 0.135250 0.143273 0.151444 0.159761 0.168221 0.176820 0.185555 0.194423 0.203420 0.212543 0.221789 0.231154 0.240635 0.250229 0.259934 0.269749 0.279669 0.289692 0.299813 0.310030 0.320338 0.330736 0.341220 0.351786 0.362433 0.373158 0.383957 0.394830 0.405772 0.416782 0.427859 0.438999 0.450200
0.031398 0.034308 0.037521 0.041096 0.045113 0.049685 0.054957 0.060811 0.067009 0.073446 0.080083 0.086901 0.093894 0.101056 0.108384 0.115875 0.123526 0.131335 0.139297 0.147409 0.155669 0.164074 0.172619 0.181303 0.190120 0.199069 0.208145 0.217346 0.226668 0.236107 0.245660 0.255326 0.265102 0.274986 0.284974 0.295062 0.305246 0.315524 0.325892 0.336347 0.346886 0.357506 0.368206 0.378981 0.389830 0.400750 0.411738 0.422794 0.433914 0.445097
0.030314 0.032989 0.035972 0.039311 0.043073 0.047350 0.052282 0.057912 0.063976 0.070316 0.076870 0.083611 0.090530 0.097621 0.104880 0.112303 0.119888 0.127632 0.135531 0.143583 0.151784 0.160131 0.168622 0.177251 0.186018 0.194917 0.203945 0.213100 0.222377 0.231773 0.241286 0.250913 0.260652 0.270499 0.280452 0.290507 0.300659 0.310906 0.321245 0.331672 0.342184 0.352778 0.363453 0.374204 0.385030 0.395927 0.406895 0.417930 0.429031 0.440195
0.028526 0.031236 0.034199 0.037468 0.041110 0.045211 0.049895 0.055292 0.061215 0.067452 0.073917 0.080577 0.087418 0.094433 0.101617 0.108969 0.116484 0.124160 0.131993 0.139982 0.148122 0.156410 0.164844 0.173420 0.182133 0.190982 0.199963 0.209071 0.218304 0.227658 0.237130 0.246718 0.256420 0.266233 0.276152 0.286174 0.296295 0.306512 0.316822 0.327221 0.337707 0.348276 0.358926 0.369653 0.380456 0.391333 0.402279 0.413295 0.424376 0.435521
0.027411 0.030010 0.032851 0.035982 0.039459 0.043362 0.047797 0.052915 0.058658 0.064771 0.071137 0.077709 0.084467 0.091404 0.098514 0.105794 0.113241 0.120852 0.128623 0.136552 0.144635 0.152868 0.161250 0.169775 0.178440 0.187243 0.196179 0.205245 0.214437 0.223752 0.233187 0.242740 0.252409 0.262190 0.272078 0.282070 0.292162 0.302351 0.312634 0.323007 0.333468 0.344013 0.354640 0.365345 0.376127 0.386982 0.397909 0.408905 0.419968 0.431095
0.026740 0.029108 0.031737 0.034660 0.037927 0.041601 0.045774 0.050577 0.056093 0.062072 0.068344 0.074840 0.081531 0.088406 0.095458 0.102683 0.110077 0.117637 0.125360 0.133241 0.141279 0.149469 0.157808 0.166292 0.174918 0.183683 0.192582 0.201613 0.210770 0.220052 0.229457 0.238981 0.248621 0.258373 0.268234 0.278200 0.288266 0.298431 0.308689 0.319039 0.329477 0.340000 0.350605 0.361289 0.372051 0.382887 0.393795 0.404772 0.415817 0.426928
0.024738 0.027185 0.029842 0.032750 0.035957 0.039527 0.043544 0.048123 0.053413 0.059289 0.065509 0.071970 0.078630 0.085474 0.092493 0.099684 0.107044 0.114568 0.122255 0.130101 0.138104 0.146259 0.154563 0.163014 0.171607 0.180339 0.189207 0.198206 0.207334 0.216587 0.225964 0.235461 0.245075 0.254802 0.264638 0.274580 0.284622 0.294764 0.305000 0.315327 0.325743 0.336245 0.346830 0.357495 0.368237 0.379054 0.389944 0.400904 0.411932 0.423026
0.023990 0.026309 0.028843 0.031624 0.034694 0.038110 0.041943 0.046295 0.051313 0.057014 0.063132 0.069520 0.076121 0.082912 0.089881 0.097024 0.104337 0.111817 0.119460 0.127264 0.135225 0.143340 0.151606 0.160018 0.168575 0.177272 0.186105 0.195071 0.204167 0.213390 0.222738 0.232208 0.241795 0.251496 0.261306 0.271222 0.281241 0.291358 0.301571 0.311876 0.322271 0.332752 0.343316 0.353961 0.364684 0.375483 0.386355 0.397297 0.408309 0.419386
0.023558 0.025796 0.028241 0.030921 0.033876 0.037156 0.040827 0.044980 0.049743 0.055231 0.061219 0.067514 0.074036 0.080755 0.087658 0.094737 0.101989 0.109410 0.116998 0.124748 0.132657 0.140723 0.148942 0.157309 0.165823 0.174478 0.183272 0.192200 0.201261 0.210451 0.219768 0.229208 0.238766 0.248438 0.258222 0.268112 0.278105 0.288199 0.298388 0.308671 0.319044 0.329504 0.340049 0.350675 0.361379 0.372160 0.383015 0.393942 0.404938 0.416001
0.023207 0.025411 0.027794 0.030391 0.033242 0.036395 0.039914 0.043881 0.048411 0.053656 0.059498 0.065693 0.072135 0.078782 0.085617 0.092632 0.099822 0.107185 0.114715 0.122411 0.130269 0.138286 0.146458 0.154781 0.163252 0.171867 0.180622 0.189515 0.198542 0.207702 0.216989 0.226401 0.235932 0.245579 0.255337 0.265204 0.275175 0.285247 0.295416 0.305680 0.316034 0.326477 0.337004 0.347614 0.358304 0.369071 0.379912 0.390826 0.401809 0.412860
0.023245 0.025242 0.027448 0.029885 0.032583 0.035583 0.038937 0.042718 0.047026 0.052010 0.057684 0.063778 0.070148 0.076735 0.083515 0.090480 0.097623 0.104940 0.112427 0.120082 0.127901 0.135881 0.144018 0.152308 0.160747 0.169333 0.178060 0.186928 0.195932 0.205070 0.214337 0.223729 0.233242 0.242872 0.252614 0.262465 0.272421 0.282479 0.292635 0.302886 0.313229 0.323660 0.334177 0.344778 0.355458 0.366216 0.377050 0.387956 0.398932 0.409977
0.021793 0.023903 0.026171 0.028629 0.031314 0.034268 0.037545 0.041212 0.045363 0.050130 0.055632 0.061642 0.067964 0.074516 0.081268 0.088206 0.095324 0.102617 0.110082 0.117716 0.125515 0.133476 0.141596 0.149870 0.158295 0.166867 0.175582 0.184440 0.193436 0.202566 0.211826 0.221211 0.230717 0.240341 0.250077 0.259923 0.269875 0.279928 0.290081 0.300328 0.310668 0.321097 0.331612 0.342210 0.352889 0.363646 0.374478 0.385384 0.396360 0.407404
0.021342 0.023296 0.025432 0.027772 0.030343 0.033181 0.036333 0.039858 0.043839 0.048392 0.053672 0.059570 0.065834 0.072353 0.079082 0.086004 0.093108 0.100391 0.107848 0.115475 0.123269 0.131226 0.139343 0.147614 0.156038 0.164609 0.173327 0.182187 0.191186 0.200319 0.209582 0.218971 0.228481 0.238108 0.247848 0.257698 0.267653 0.277710 0.287867 0.298118 0.308462 0.318895 0.329414 0.340017 0.350701 0.361462 0.372299 0.383209 0.394190 0.405239
0.020287 0.022300 0.024461 0.026800 0.029348 0.032141 0.035225 0.038659 0.042520 0.046913 0.051994 0.057787 0.064014 0.070521 0.077248 0.084169 0.091275 0.098559 0.106017 0.113646 0.121442 0.129402 0.137521 0.145797 0.154224 0.162802 0.171526 0.180394 0.189400 0.198541 0.207811 0.217207 0.226725 0.236359 0.246107 0.255964 0.265927 0.275992 0.286155 0.296414 0.306766 0.317206 0.327732 0.338342 0.349033 0.359801 0.370645 0.381562 0.392550 0.403606
0.020568 0.022452 0.024501 0.026736 0.029185 0.031881 0.034867 0.038197 0.041943 0.046206 0.051128 0.056807 0.062979 0.069455 0.076162 0.083069 0.090163 0.097438 0.104890 0.112513 0.120305 0.128263 0.136381 0.144656 0.153086 0.161667 0.170397 0.179270 0.188282 0.197429 0.206705 0.216108 0.225631 0.235272 0.245027 0.254890 0.264860 0.274931 0.285102 0.295367 0.305725 0.316172 0.326705 0.337321 0.348018 0.358793 0.369643 0.380567 0.391561 0.402623
0.020985 0.022799 0.024780 0.026952 0.029341 0.031981 0.034912 0.038190 0.041884 0.046093 0.050960 0.056590 0.062724 0.069173 0.075857 0.082747 0.089827 0.097091 0.104534 0.112151 0.119939 0.127893 0.136010 0.144286 0.152718 0.161303 0.170037 0.178914 0.187931 0.197082 0.206364 0.215771 0.225299 0.234945 0.244704 0.254572 0.264546 0.274622 0.284797 0.295067 0.305429 0.315880 0.326417 0.337038 0.347739 0.358517 0.369371 0.380299 0.391296 0.402362
0.020371 0.022289 0.024359 0.026607 0.029062 0.031761 0.034749 0.038081 0.041833 0.046107 0.051053 0.056749 0.062923 0.069398 0.076103 0.083009 0.090104 0.097381 0.104836 0.112465 0.120263 0.128227 0.136354 0.144640 0.153082 0.161677 0.170420 0.179306 0.188331 0.197489 0.206777 0.216190 0.225724 0.235375 0.245138 0.255010 0.264988 0.275068 0.285246 0.295519 0.305883 0.316337 0.326876 0.337499 0.348201 0.358982 0.369837 0.380766 0.391765 0.402832
0.020267 0.022174 0.024250 0.026516 0.029003 0.031748 0.034795 0.038203 0.042052 0.046452 0.051564 0.057383 0.063626 0.070147 0.076887 0.083824 0.090947 0.098251 0.105730 0.113380 0.121199 0.129183 0.137328 0.145632 0.154092 0.162703 0.171460 0.180359 0.189396 0.198564 0.207862 0.217283 0.226824 0.236481 0.246251 0.256128 0.266110 0.276194 0.286375 0.296651 0.307018 0.317474 0.328015 0.338639 0.349342 0.360124 0.370980 0.381908 0.392907 0.403974
0.020190 0.022151 0.024281 0.026608 0.029164 0.031990 0.035135 0.038663 0.042664 0.047261 0.052610 0.058563 0.064873 0.071434 0.078205 0.085168 0.092315 0.099641 0.107142 0.114814 0.122653 0.130657 0.138822 0.147147 0.155625 0.164254 0.173027 0.181941 0.190991 0.200172 0.209481 0.218913 0.228464 0.238130 0.247907 0.257792 0.267781 0.277870 0.288057 0.298337 0.308708 0.319168 0.329712 0.340339 0.351045 0.361828 0.372686 0.383616 0.394617 0.405685
0.020376 0.022340 0.024503 0.026886 0.029521 0.032446 0.035716 0.039400 0.043598 0.048453 0.054046 0.060111 0.066476 0.073071 0.079867 0.086852 0.094021 0.101368 0.108890 0.116582 0.124442 0.132467 0.140655 0.149001 0.157501 0.166149 0.174941 0.183874 0.192941 0.202139 0.211463 0.220910 0.230475 0.240154 0.249943 0.259840 0.269840 0.279939 0.290136 0.300425 0.310805 0.321272 0.331824 0.342458 0.353170 0.363960 0.374823 0.385759 0.396764 0.407836
0.019905 0.022113 0.024474 0.027029 0.029820 0.032901 0.036334 0.040205 0.044628 0.049765 0.055541 0.061697 0.068114 0.074746 0.081575 0.088591 0.095789 0.103165 0.110716 0.118438 0.126329 0.134387 0.142606 0.150983 0.159513 0.168190 0.177011 0.185971 0.195064 0.204287 0.213636 0.223106 0.232693 0.242394 0.252204 0.262120 0.272139 0.282257 0.292470 0.302776 0.313172 0.323654 0.334220 0.344867 0.355593 0.366395 0.377271 0.388218 0.399234 0.410317
0.021006 0.023003 0.025229 0.027707 0.030472 0.033569 0.037062 0.041041 0.045632 0.050974 0.056864 0.063088 0.069556 0.076235 0.083109 0.090171 0.097415 0.104838 0.112437 0.120209 0.128151 0.136259 0.144527 0.152952 0.161527 0.170249 0.179112 0.188113 0.197246 0.206507 0.215893 0.225398 0.235019 0.244752 0.254594 0.264540 0.274587 0.284733 0.294973 0.305304 0.315724 0.326230 0.336819 0.347488 0.358235 0.369057 0.379952 0.390918 0.401952 0.413052
0.020390 0.022579 0.024957 0.027565 0.030451 0.033674 0.037309 0.041459 0.046272 0.051823 0.057847 0.064171 0.070726 0.077484 0.084435 0.091570 0.098888 0.106384 0.114057 0.121903 0.129916 0.138092 0.146426 0.154913 0.163549 0.172328 0.181247 0.190301 0.199486 0.208796 0.218229 0.227780 0.237444 0.247220 0.257102 0.267087 0.277172 0.287353 0.297628 0.307994 0.318446 0.328984 0.339603 0.350301 0.361077 0.371926 0.382848 0.393839 0.404898 0.416023
0.020212 0.022376 0.024780 0.027453 0.030436 0.033786 0.037581 0.041934 0.047009 0.052758 0.058909 0.065330 0.071970 0.078810 0.085840 0.093056 0.100456 0.108034 0.115787 0.123710 0.131797 0.140044 0.148447 0.157001 0.165701 0.174542 0.183521 0.192632 0.201872 0.211236 0.220721 0.230321 0.240035 0.249857 0.259784 0.269813 0.279941 0.290164 0.300479 0.310883 0.321374 0.331948 0.342603 0.353336 0.364145 0.375028 0.385982 0.397005 0.408095 0.419249
0.019828 0.022236 0.024838 0.027685 0.030832 0.034353 0.038342 0.042934 0.048275 0.054170 0.060404 0.066888 0.073588 0.080491 0.087588 0.094874 0.102343 0.109990 0.117810 0.125799 0.133951 0.142262 0.150727 0.159342 0.168101 0.177001 0.186036 0.195203 0.204497 0.213914 0.223449 0.233100 0.242863 0.252733 0.262707 0.272782 0.282955 0.293221 0.303580 0.314026 0.324558 0.335172 0.345867 0.356639 0.367486 0.378406 0.389397 0.400456 0.411581 0.422771
0.020462 0.022842 0.025462 0.028362 0.031595 0.035236 0.039389 0.044211 0.049770 0.055796 0.062125 0.068691 0.075469 0.082445 0.089612 0.096966 0.104502 0.112214 0.120098 0.128149 0.136363 0.144735 0.153260 0.161933 0.170751 0.179707 0.188798 0.198020 0.207368 0.216839 0.226427 0.236130 0.245943 0.255864 0.265887 0.276011 0.286231 0.296545 0.306949 0.317441 0.328017 0.338676 0.349414 0.360229 0.371119 0.382081 0.393112 0.404212 0.415377 0.426606
0.021180 0.023638 0.026325 0.029292 0.032604 0.036350 0.040652 0.045687 0.051399 0.057521 0.063926 0.070564 0.077411 0.084458 0.091697 0.099122 0.106729 0.114512 0.122467 0.130588 0.138871 0.147311 0.155902 0.164642 0.173524 0.182544 0.191698 0.200981 0.210390 0.219919 0.229566 0.239327 0.249196 0.259172 0.269250 0.279428 0.289701 0.300067 0.310522 0.321065 0.331691 0.342399 0.353185 0.364048 0.374984 0.385992 0.397070 0.408214 0.419424 0.430697
0.021132 0.023704 0.026503 0.029586 0.033027 0.036929 0.041425 0.046679 0.052562 0.058823 0.065352 0.072104 0.079061 0.086213 0.093554 0.101077 0.108779 0.116655 0.124699 0.132907 0.141275 0.149797 0.158469 0.167286 0.176244 0.185338 0.194565 0.203919 0.213396 0.222993 0.232706 0.242530 0.252463 0.262501 0.272640 0.282876 0.293208 0.303631 0.314143 0.324741 0.335422 0.346183 0.357022 0.367937 0.378925 0.389984 0.401111 0.412305 0.423563 0.434884
0.020775 0.023427 0.026334 0.029548 0.033149 0.037236 0.041939 0.047408 0.053463 0.059871 0.066533 0.073411 0.080486 0.087752 0.095202 0.102830 0.110633 0.118607 0.126746 0.135045 0.143501 0.152110 0.160865 0.169763 0.178800 0.187971 0.197272 0.206699 0.216248 0.225915 0.235696 0.245587 0.255585 0.265686 0.275888 0.286186 0.296577 0.307060 0.317630 0.328285 0.339022 0.349838 0.360732 0.371700 0.382741 0.393852 0.405031 0.416275 0.427584 0.438954
0.019984 0.023003 0.026208 0.029679 0.033517 0.037829 0.042759 0.048425 0.054605 0.061106 0.067852 0.074809 0.081964 0.089309 0.096837 0.104545 0.112426 0.120477 0.128692 0.137067 0.145597 0.154279 0.163106 0.172075 0.181181 0.190420 0.199788 0.209281 0.218894 0.228624 0.238467 0.248419 0.258477 0.268637 0.278897 0.289252 0.299700 0.310238 0.320863 0.331571 0.342362 0.353231 0.364177 0.375196 0.386288 0.397448 0.408677 0.419970 0.431327 0.442746
0.021227 0.024070 0.027181 0.030626 0.034487 0.038864 0.043894 0.049657 0.055904 0.062463 0.069265 0.076279 0.083491 0.090895 0.098483 0.106250 0.114191 0.122301 0.130576 0.139010 0.147599 0.156338 0.165222 0.174248 0.183410 0.192704 0.202126 0.211673 0.221339 0.231121 0.241016 0.251019 0.261128 0.271338 0.281647 0.292051 0.302547 0.313133 0.323805 0.334561 0.345398 0.356313 0.367305 0.378370 0.389506 0.400712 0.411985 0.423322 0.434723 0.446185
0.021002 0.024096 0.027412 0.031035 0.035059 0.039589 0.044772 0.050669 0.057024 0.063675 0.070559 0.077648 0.084930 0.092398 0.100048 0.107873 0.115871 0.124035 0.132362 0.140847 0.149486 0.158273 0.167205 0.176277 0.185484 0.194823 0.204289 0.213879 0.223587 0.233412 0.243348 0.253393 0.263542 0.273793 0.284142 0.294586 0.305122 0.315747 0.326458 0.337252 0.348128 0.359081 0.370111 0.381214 0.392388 0.403632 0.414942 0.426317 0.437756 0.449255
0.021607 0.024718 0.028077 0.031765 0.035870 0.040497 0.045791 0.051776 0.058192 0.064896 0.071830 0.078968 0.086299 0.093816 0.101514 0.109386 0.117430 0.125639 0.134010 0.142538 0.151218 0.160046 0.169017 0.178128 0.187373 0.196749 0.206251 0.215876 0.225620 0.235479 0.245449 0.255527 0.265710 0.275993 0.286374 0.296850 0.307418 0.318074 0.328817 0.339643 0.350549 0.361534 0.372594 0.383728 0.394933 0.406207 0.417548 0.428954 0.440423 0.451952
0.021775 0.024985 0.028446 0.032241 0.036457 0.041202 0.046622 0.052702 0.059187 0.065948 0.072933 0.080120 0.087499 0.095062 0.102804 0.110720 0.118806 0.127056 0.135467 0.144034 0.152751 0.161616 0.170622 0.179767 0.189046 0.198454 0.207988 0.217644 0.227418 0.237306 0.247304 0.257410 0.267620 0.277930 0.288338 0.298840 0.309433 0.320115 0.330883 0.341734 0.352665 0.363674 0.374759 0.385917 0.397146 0.408444 0.419809 0.431239 0.442732 0.454286
0.021727 0.025071 0.028653 0.032560 0.036885 0.041740 0.047272 0.053435 0.059984 0.066800 0.073837 0.081074 0.088500 0.096110 0.103896 0.111856 0.119984 0.128275 0.136724 0.145328 0.154082 0.162981 0.172020 0.181197 0.190506 0.199944 0.209506 0.219189 0.228989 0.238902 0.248926 0.259055 0.269288 0.279620 0.290050 0.300573 0.311187 0.321889 0.332676 0.343546 0.354496 0.365524 0.376628 0.387804 0.399052 0.410368 0.421751 0.433199 0.444709 0.456281
0.022118 0.025455 0.029047 0.032979 0.037343 0.042247 0.047840 0.054061 0.060662 0.067529 0.074615 0.081899 0.089371 0.097025 0.104855 0.112855 0.121022 0.129350 0.137836 0.146473 0.155259 0.164189 0.173258 0.182462 0.191798 0.201260 0.210846 0.220552 0.230373 0.240307 0.250350 0.260498 0.270748 0.281098 0.291544 0.302082 0.312711 0.323428 0.334230 0.345114 0.356077 0.367119 0.378235 0.389424 0.400684 0.412013 0.423408 0.434868 0.446391 0.457975
0.022371 0.025733 0.029360 0.033338 0.037755 0.042724 0.048392 0.054677 0.061334 0.068250 0.075380 0.082706 0.090217 0.097908 0.105772 0.113804 0.122002 0.130359 0.138871 0.147535 0.156345 0.165297 0.174387 0.183612 0.192966 0.202446 0.212049 0.221770 0.231606 0.241554 0.251609 0.261770 0.272032 0.282392 0.292848 0.303397 0.314035 0.324761 0.335571 0.346463 0.357434 0.368483 0.379607 0.390804 0.402071 0.413406 0.424809 0.436276 0.447805 0.459396
0.022552 0.026007 0.029721 0.033783 0.038290 0.043358 0.049128 0.055465 0.062150 0.069086 0.076234 0.083576 0.091104 0.098811 0.106691 0.114740 0.122953 0.131325 0.139851 0.148528 0.157351 0.166315 0.175416 0.184651 0.194015 0.203504 0.213115 0.222844 0.232688 0.242642 0.252704 0.262870 0.273137 0.283502 0.293963 0.304515 0.315158 0.325887 0.336700 0.347596 0.358570 0.369622 0.380749 0.391948 0.403217 0.414556 0.425960 0.437430 0.448962 0.460555
0.022705 0.026228 0.030016 0.034160 0.038757 0.043929 0.049802 0.056195 0.062909 0.069863 0.077025 0.084378 0.091915 0.099630 0.107518 0.115574 0.123793 0.132171 0.140703 0.149385 0.158213 0.167182 0.176287 0.185526 0.194893 0.204386 0.214000 0.223731 0.233577 0.243533 0.253596 0.263764 0.274032 0.284398 0.294859 0.305412 0.316055 0.326784 0.337598 0.348493 0.359468 0.370519 0.381645 0.392844 0.404113 0.415451 0.426856 0.438325 0.449857 0.461450
0.023111 0.026618 0.030405 0.034564 0.039195 0.044423 0.050349 0.056762 0.063483 0.070441 0.077606 0.084963 0.092504 0.100224 0.108117 0.116178 0.124402 0.132785 0.141321 0.150008 0.158839 0.167811 0.176920 0.186161 0.195531 0.205026 0.214641 0.224374 0.234220 0.244177 0.254241 0.264408 0.274676 0.285042 0.295503 0.306055 0.316697 0.327425 0.338238 0.349131 0.360105 0.371155 0.382279 0.393477 0.404744 0.416081 0.427484 0.438951 0.450481 0.462073
0.022897 0.026454 0.030292 0.034505 0.039193 0.044487 0.050473 0.056924 0.063673 0.070654 0.077839 0.085214 0.092772 0.100506 0.108411 0.116484 0.124718 0.133110 0.141655 0.150349 0.159187 0.168165 0.177278 0.186524 0.195897 0.205395 0.215013 0.224748 0.234596 0.244553 0.254618 0.264786 0.275054 0.285420 0.295880 0.306432 0.317073 0.327800 0.338611 0.349504 0.360475 0.371524 0.382647 0.393842 0.405108 0.416443 0.427843 0.439309 0.450837 0.462427
0.022527 0.026122 0.030000 0.034257 0.038996 0.044350 0.050390 0.056877 0.063655 0.070659 0.077862 0.085253 0.092825 0.100571 0.108487 0.116569 0.124812 0.133211 0.141762 0.150461 0.159304 0.168286 0.177403 0.186651 0.196027 0.205527 0.215146 0.224882 0.234731 0.244689 0.254753 0.264921 0.275189 0.285554 0.296013 0.306563 0.317203 0.327929 0.338738 0.349629 0.360598 0.371645 0.382766 0.393959 0.405222 0.416554 0.427953 0.439416 0.450942 0.462529
0.022485 0.026075 0.029960 0.034234 0.038999 0.044391 0.050449 0.056931 0.063697 0.070689 0.077882 0.085264 0.092829 0.100569 0.108481 0.116558 0.124798 0.133194 0.141743 0.150439 0.159280 0.168259 0.177374 0.186620 0.195994 0.205491 0.215108 0.224841 0.234687 0.244642 0.254704 0.264869 0.275133 0.285495 0.295950 0.306497 0.317133 0.327855 0.338661 0.349548 0.360513 0.371556 0.382673 0.393862 0.405122 0.416450 0.427844 0.439303 0.450825 0.462408
0.022172 0.025835 0.029779 0.034103 0.038914 0.044352 0.050436 0.056925 0.063689 0.070675 0.077861 0.085235 0.092791 0.100523 0.108426 0.116496 0.124727 0.133116 0.141657 0.150346 0.159179 0.168151 0.177258 0.186497 0.195863 0.205353 0.214962 0.224688 0.234527 0.244474 0.254528 0.264685 0.274942 0.285296 0.295744 0.306284 0.316912 0.327627 0.338425 0.349304 0.360263 0.371298 0.382408 0.393590 0.404843 0.416164 0.427552 0.439005 0.450520 0.462097
0.022422 0.026010 0.029896 0.034176 0.038955 0.044372 0.050438 0.056911 0.063661 0.070636 0.077812 0.085178 0.092726 0.100449 0.108344 0.116405 0.124628 0.133006 0.141537 0.150216 0.159038 0.167999 0.177094 0.186321 0.195675 0.205152 0.214748 0.224461 0.234287 0.244221 0.254262 0.264407 0.274651 0.284992 0.295427 0.305954 0.316570 0.327273 0.338059 0.348927 0.359874 0.370899 0.381998 0.393169 0.404412 0.415723 0.427102 0.438545 0.450052 0.461620
0.022157 0.025765 0.029671 0.033970 0.038770 0.044207 0.050298 0.056796 0.063566 0.070555 0.077739 0.085108 0.092654 0.100374 0.108261 0.116312 0.124522 0.132887 0.141402 0.150064 0.158869 0.167812 0.176889 0.186097 0.195432 0.204889 0.214467 0.224160 0.233967 0.243883 0.253905 0.264031 0.274257 0.284581 0.294999 0.305509 0.316109 0.326796 0.337567 0.348420 0.359352 0.370362 0.381448 0.392607 0.403837 0.415136 0.426503 0.437935 0.449431 0.460989
0.022048 0.025728 0.029689 0.034034 0.038874 0.044351 0.050453 0.056939 0.063687 0.070648 0.077803 0.085141 0.092657 0.100345 0.108201 0.116221 0.124400 0.132735 0.141221 0.149854 0.158630 0.167545 0.176595 0.185776 0.195085 0.204518 0.214071 0.223740 0.233524 0.243417 0.253418 0.263523 0.273728 0.284032 0.294432 0.304924 0.315506 0.326175 0.336930 0.347767 0.358685 0.369681 0.380753 0.391898 0.403116 0.414403 0.425759 0.437180 0.448666 0.460215
0.022710 0.026260 0.030129 0.034410 0.039211 0.044667 0.050713 0.057124 0.063796 0.070687 0.077777 0.085058 0.092521 0.100161 0.107973 0.115953 0.124095 0.132395 0.140848 0.149450 0.158196 0.167083 0.176107 0.185263 0.194547 0.203957 0.213487 0.223136 0.232899 0.242773 0.252754 0.262841 0.273029 0.283317 0.293700 0.304177 0.314745 0.325401 0.336142 0.346967 0.357873 0.368858 0.379919 0.391055 0.402263 0.413542 0.424889 0.436303 0.447781 0.459323
0.021866 0.025502 0.029434 0.033760 0.038594 0.044072 0.050126 0.056538 0.063208 0.070094 0.077179 0.084452 0.091906 0.099537 0.107339 0.115307 0.123438 0.131725 0.140166 0.148755 0.157489 0.166363 0.175374 0.184517 0.193789 0.203186 0.212705 0.222341 0.232093 0.241955 0.251927 0.262003 0.272181 0.282459 0.292834 0.303303 0.313862 0.324511 0.335245 0.346064 0.356963 0.367943 0.378999 0.390130 0.401334 0.412608 0.423952 0.435363 0.446839 0.458378
0.020581 0.024261 0.028227 0.032579 0.037426 0.042912 0.049007 0.055473 0.062194 0.069124 0.076244 0.083545 0.091021 0.098667 0.106481 0.114458 0.122593 0.130884 0.139326 0.147915 0.156648 0.165520 0.174528 0.183667 0.192936 0.202329 0.211844 0.221476 0.231224 0.241083 0.251051 0.261124 0.271299 0.281575 0.291947 0.302413 0.312971 0.323617 0.334350 0.345168 0.356067 0.367045 0.378101 0.389232 0.400436 0.411711 0.423056 0.434467 0.445944 0.457485
0.020747 0.024277 0.028127 0.032388 0.037164 0.042591 0.048630 0.055045 0.061721 0.068613 0.075701 0.082974 0.090427 0.098054 0.105850 0.113812 0.121934 0.130213 0.138645 0.147225 0.155950 0.164815 0.173817 0.182952 0.192215 0.201605 0.211116 0.220746 0.230492 0.240349 0.250315 0.260388 0.270563 0.280838 0.291210 0.301677 0.312235 0.322883 0.333617 0.344436 0.355337 0.366317 0.377375 0.388508 0.399715 0.410993 0.422340 0.433754 0.445234 0.456777
0.020438 0.024083 0.028018 0.032344 0.037171 0.042636 0.048661 0.055036 0.061666 0.068511 0.075556 0.082791 0.090210 0.097806 0.105576 0.113514 0.121617 0.129878 0.138295 0.146862 0.155576 0.164432 0.173425 0.182553 0.191812 0.201196 0.210704 0.220331 0.230074 0.239930 0.249895 0.259967 0.270142 0.280417 0.290789 0.301256 0.311816 0.322465 0.333200 0.344020 0.354923 0.365905 0.376964 0.388099 0.399308 0.410588 0.421937 0.433353 0.444835 0.456381
