0.053038 0.053524 0.053729 0.053613 0.053118 0.052181 0.050931 0.049507 0.047957 0.046290 0.044501 0.042583 0.040526 0.038322 0.035963 0.033446 0.030767 0.027923 0.024914 0.021738 0.018397 0.014901 0.011265 0.007506 0.003718 0.001361 0.000498 0.000182 0.000067 0.000024 0.000009 0.000003 0.000001 0.000000 0.000000 0.000000 0.000000 0.000000 0.000000 0.000000 0.000000 0.000000 0.000000 0.000000 0.000000 0.000000 0.000000 0.000000 0.000000 0.000000
0.055031 0.055123 0.054936 0.054407 0.053458 0.052038 0.050299 0.048356 0.046250 0.043997 0.041602 0.039067 0.036396 0.033602 0.030702 0.027709 0.024630 0.021469 0.018226 0.014902 0.011562 0.008293 0.005110 0.002167 0.000793 0.000290 0.000106 0.000039 0.000014 0.000005 0.000002 0.000001 0.000000 0.000000 0.000000 0.000000 0.000000 0.000000 0.000000 0.000000 0.000000 0.000000 0.000000 0.000000 0.000000 0.000000 0.000000 0.000000 0.000000 0.000000
0.055335 0.054739 0.053664 0.052070 0.049899 0.047149 0.044020 0.040661 0.037162 0.033578 0.029940 0.026267 0.022657 0.019232 0.016004 0.012948 0.010027 0.007211 0.004471 0.001914 0.000701 0.000256 0.000094 0.000034 0.000013 0.000005 0.000002 0.000001 0.000000 0.000000 0.000000 0.000000 0.000000 0.000000 0.000000 0.000000 0.000000 0.000000 0.000000 0.000000 0.000000 0.000000 0.000000 0.000000 0.000000 0.000000 0.000000 0.000000 0.000000 0.000000
0.054994 0.051565 0.047536 0.042894 0.037613 0.031795 0.025912 0.020407 0.015374 0.010779 0.006554 0.002795 0.001023 0.000375 0.000137 0.000050 0.000018 0.000007 0.000002 0.000001 0.000000 0.000000 0.000000 0.000000 0.000000 0.000000 0.000000 0.000000 0.000000 0.000000 0.000000 0.000000 0.000000 0.000000 0.000000 0.000000 0.000000 0.000000 0.000000 0.000000 0.000000 0.000000 0.000000 0.000000 0.000000 0.000000 0.000000 0.000000 0.000000 0.000000
0.056397 0.046691 0.036728 0.026446 0.016281 0.007020 0.002570 0.000941 0.000344 0.000126 0.000046 0.000017 0.000006 0.000002 0.000001 0.000000 0.000000 0.000000 0.000000 0.000000 0.000000 0.000000 0.000000 0.000000 0.000000 0.000000 0.000000 0.000000 0.000000 0.000000 0.000000 0.000000 0.000000 0.000000 0.000000 0.000000 0.000000 0.000000 0.000000 0.000000 0.000000 0.000000 0.000000 0.000000 0.000000 0.000000 0.000000 0.000000 0.000000 0.000000
0.056421 0.040256 0.023919 0.009569 0.003503 0.001282 0.000469 0.000172 0.000063 0.000023 0.000008 0.000003 0.000001 0.000000 0.000000 0.000000 0.000000 0.000000 0.000000 0.000000 0.000000 0.000000 0.000000 0.000000 0.000000 0.000000 0.000000 0.000000 0.000000 0.000000 0.000000 0.000000 0.000000 0.000000 0.000000 0.000000 0.000000 0.000000 0.000000 0.000000 0.000000 0.000000 0.000000 0.000000 0.000000 0.000000 0.000000 0.000000 0.000000 0.000000
0.057886 0.035831 0.015134 0.005540 0.002028 0.000742 0.000272 0.000099 0.000036 0.000013 0.000005 0.000002 0.000001 0.000000 0.000000 0.000000 0.000000 0.000000 0.000000 0.000000 0.000000 0.000000 0.000000 0.000000 0.000000 0.000000 0.000000 0.000000 0.000000 0.000000 0.000000 0.000000 0.000000 0.000000 0.000000 0.000000 0.000000 0.000000 0.000000 0.000000 0.000000 0.000000 0.000000 0.000000 0.000000 0.000000 0.000000 0.000000 0.000000 0.000000
0.058065 0.032001 0.011993 0.004390 0.001607 0.000588 0.000215 0.000079 0.000029 0.000011 0.000004 0.000001 0.000001 0.000000 0.000000 0.000000 0.000000 0.000000 0.000000 0.000000 0.000000 0.000000 0.000000 0.000000 0.000000 0.000000 0.000000 0.000000 0.000000 0.000000 0.000000 0.000000 0.000000 0.000000 0.000000 0.000000 0.000000 0.000000 0.000000 0.000000 0.000000 0.000000 0.000000 0.000000 0.000000 0.000000 0.000000 0.000000 0.000000 0.000000
0.057882 0.029131 0.010664 0.003903 0.001429 0.000523 0.000191 0.000070 0.000026 0.000009 0.000003 0.000001 0.000000 0.000000 0.000000 0.000000 0.000000 0.000000 0.000000 0.000000 0.000000 0.000000 0.000000 0.000000 0.000000 0.000000 0.000000 0.000000 0.000000 0.000000 0.000000 0.000000 0.000000 0.000000 0.000000 0.000000 0.000000 0.000000 0.000000 0.000000 0.000000 0.000000 0.000000 0.000000 0.000000 0.000000 0.000000 0.000000 0.000000 0.000000
0.059757 0.028787 0.010537 0.003857 0.001412 0.000517 0.000189 0.000069 0.000025 0.000009 0.000003 0.000001 0.000000 0.000000 0.000000 0.000000 0.000000 0.000000 0.000000 0.000000 0.000000 0.000000 0.000000 0.000000 0.000000 0.000000 0.000000 0.000000 0.000000 0.000000 0.000000 0.000000 0.000000 0.000000 0.000000 0.000000 0.000000 0.000000 0.000000 0.000000 0.000000 0.000000 0.000000 0.000000 0.000000 0.000000 0.000000 0.000000 0.000000 0.000000
0.060529 0.028528 0.010442 0.003822 0.001399 0.000512 0.000187 0.000069 0.000025 0.000009 0.000003 0.000001 0.000000 0.000000 0.000000 0.000000 0.000000 0.000000 0.000000 0.000000 0.000000 0.000000 0.000000 0.000000 0.000000 0.000000 0.000000 0.000000 0.000000 0.000000 0.000000 0.000000 0.000000 0.000000 0.000000 0.000000 0.000000 0.000000 0.000000 0.000000 0.000000 0.000000 0.000000 0.000000 0.000000 0.000000 0.000000 0.000000 0.000000 0.000000
0.063464 0.029946 0.010961 0.004012 0.001469 0.000538 0.000197 0.000072 0.000026 0.000010 0.000004 0.000001 0.000000 0.000000 0.000000 0.000000 0.000000 0.000000 0.000000 0.000000 0.000000 0.000000 0.000000 0.000000 0.000000 0.000000 0.000000 0.000000 0.000000 0.000000 0.000000 0.000000 0.000000 0.000000 0.000000 0.000000 0.000000 0.000000 0.000000 0.000000 0.000000 0.000000 0.000000 0.000000 0.000000 0.000000 0.000000 0.000000 0.000000 0.000000
0.061934 0.028506 0.010434 0.003819 0.001398 0.000512 0.000187 0.000069 0.000025 0.000009 0.000003 0.000001 0.000000 0.000000 0.000000 0.000000 0.000000 0.000000 0.000000 0.000000 0.000000 0.000000 0.000000 0.000000 0.000000 0.000000 0.000000 0.000000 0.000000 0.000000 0.000000 0.000000 0.000000 0.000000 0.000000 0.000000 0.000000 0.000000 0.000000 0.000000 0.000000 0.000000 0.000000 0.000000 0.000000 0.000000 0.000000 0.000000 0.000000 0.000000
0.060422 0.027362 0.010016 0.003666 0.001342 0.000491 0.000180 0.000066 0.000024 0.000009 0.000003 0.000001 0.000000 0.000000 0.000000 0.000000 0.000000 0.000000 0.000000 0.000000 0.000000 0.000000 0.000000 0.000000 0.000000 0.000000 0.000000 0.000000 0.000000 0.000000 0.000000 0.000000 0.000000 0.000000 0.000000 0.000000 0.000000 0.000000 0.000000 0.000000 0.000000 0.000000 0.000000 0.000000 0.000000 0.000000 0.000000 0.000000 0.000000 0.000000
0.063077 0.029297 0.010724 0.003925 0.001437 0.000526 0.000192 0.000070 0.000026 0.000009 0.000003 0.000001 0.000000 0.000000 0.000000 0.000000 0.000000 0.000000 0.000000 0.000000 0.000000 0.000000 0.000000 0.000000 0.000000 0.000000 0.000000 0.000000 0.000000 0.000000 0.000000 0.000000 0.000000 0.000000 0.000000 0.000000 0.000000 0.000000 0.000000 0.000000 0.000000 0.000000 0.000000 0.000000 0.000000 0.000000 0.000000 0.000000 0.000000 0.000000
0.063341 0.030132 0.011029 0.004037 0.001478 0.000541 0.000198 0.000072 0.000027 0.000010 0.000004 0.000001 0.000000 0.000000 0.000000 0.000000 0.000000 0.000000 0.000000 0.000000 0.000000 0.000000 0.000000 0.000000 0.000000 0.000000 0.000000 0.000000 0.000000 0.000000 0.000000 0.000000 0.000000 0.000000 0.000000 0.000000 0.000000 0.000000 0.000000 0.000000 0.000000 0.000000 0.000000 0.000000 0.000000 0.000000 0.000000 0.000000 0.000000 0.000000
0.062796 0.030869 0.011299 0.004136 0.001514 0.000554 0.000203 0.000074 0.000027 0.000010 0.000004 0.000001 0.000000 0.000000 0.000000 0.000000 0.000000 0.000000 0.000000 0.000000 0.000000 0.000000 0.000000 0.000000 0.000000 0.000000 0.000000 0.000000 0.000000 0.000000 0.000000 0.000000 0.000000 0.000000 0.000000 0.000000 0.000000 0.000000 0.000000 0.000000 0.000000 0.000000 0.000000 0.000000 0.000000 0.000000 0.000000 0.000000 0.000000 0.000000
0.064150 0.033805 0.012450 0.004557 0.001668 0.000611 0.000223 0.000082 0.000030 0.000011 0.000004 0.000001 0.000001 0.000000 0.000000 0.000000 0.000000 0.000000 0.000000 0.000000 0.000000 0.000000 0.000000 0.000000 0.000000 0.000000 0.000000 0.000000 0.000000 0.000000 0.000000 0.000000 0.000000 0.000000 0.000000 0.000000 0.000000 0.000000 0.000000 0.000000 0.000000 0.000000 0.000000 0.000000 0.000000 0.000000 0.000000 0.000000 0.000000 0.000000
0.066247 0.038043 0.014645 0.005360 0.001962 0.000718 0.000263 0.000096 0.000035 0.000013 0.000005 0.000002 0.000001 0.000000 0.000000 0.000000 0.000000 0.000000 0.000000 0.000000 0.000000 0.000000 0.000000 0.000000 0.000000 0.000000 0.000000 0.000000 0.000000 0.000000 0.000000 0.000000 0.000000 0.000000 0.000000 0.000000 0.000000 0.000000 0.000000 0.000000 0.000000 0.000000 0.000000 0.000000 0.000000 0.000000 0.000000 0.000000 0.000000 0.000000
0.064213 0.040116 0.017080 0.006252 0.002288 0.000838 0.000307 0.000112 0.000041 0.000015 0.000006 0.000002 0.000001 0.000000 0.000000 0.000000 0.000000 0.000000 0.000000 0.000000 0.000000 0.000000 0.000000 0.000000 0.000000 0.000000 0.000000 0.000000 0.000000 0.000000 0.000000 0.000000 0.000000 0.000000 0.000000 0.000000 0.000000 0.000000 0.000000 0.000000 0.000000 0.000000 0.000000 0.000000 0.000000 0.000000 0.000000 0.000000 0.000000 0.000000
0.064153 0.044527 0.024576 0.009210 0.003371 0.001234 0.000452 0.000165 0.000061 0.000022 0.000008 0.000003 0.000001 0.000000 0.000000 0.000000 0.000000 0.000000 0.000000 0.000000 0.000000 0.000000 0.000000 0.000000 0.000000 0.000000 0.000000 0.000000 0.000000 0.000000 0.000000 0.000000 0.000000 0.000000 0.000000 0.000000 0.000000 0.000000 0.000000 0.000000 0.000000 0.000000 0.000000 0.000000 0.000000 0.000000 0.000000 0.000000 0.000000 0.000000
0.064977 0.050775 0.036069 0.020868 0.008134 0.002977 0.001090 0.000399 0.000146 0.000053 0.000020 0.000007 0.000003 0.000001 0.000000 0.000000 0.000000 0.000000 0.000000 0.000000 0.000000 0.000000 0.000000 0.000000 0.000000 0.000000 0.000000 0.000000 0.000000 0.000000 0.000000 0.000000 0.000000 0.000000 0.000000 0.000000 0.000000 0.000000 0.000000 0.000000 0.000000 0.000000 0.000000 0.000000 0.000000 0.000000 0.000000 0.000000 0.000000 0.000000
0.067649 0.058484 0.048795 0.038468 0.027767 0.017409 0.007932 0.002903 0.001063 0.000389 0.000142 0.000052 0.000019 0.000007 0.000003 0.000001 0.000000 0.000000 0.000000 0.000000 0.000000 0.000000 0.000000 0.000000 0.000000 0.000000 0.000000 0.000000 0.000000 0.000000 0.000000 0.000000 0.000000 0.000000 0.000000 0.000000 0.000000 0.000000 0.000000 0.000000 0.000000 0.000000 0.000000 0.000000 0.000000 0.000000 0.000000 0.000000 0.000000 0.000000
0.067378 0.063120 0.058172 0.052467 0.046236 0.039682 0.032939 0.026247 0.019966 0.014177 0.008838 0.003962 0.001450 0.000531 0.000194 0.000071 0.000026 0.000010 0.000003 0.000001 0.000000 0.000000 0.000000 0.000000 0.000000 0.000000 0.000000 0.000000 0.000000 0.000000 0.000000 0.000000 0.000000 0.000000 0.000000 0.000000 0.000000 0.000000 0.000000 0.000000 0.000000 0.000000 0.000000 0.000000 0.000000 0.000000 0.000000 0.000000 0.000000 0.000000
0.067661 0.066444 0.064577 0.061978 0.058876 0.055449 0.051762 0.047847 0.043743 0.039500 0.035157 0.030742 0.026362 0.022191 0.018263 0.014553 0.011024 0.007639 0.004367 0.001688 0.000618 0.000226 0.000083 0.000030 0.000011 0.000004 0.000001 0.000001 0.000000 0.000000 0.000000 0.000000 0.000000 0.000000 0.000000 0.000000 0.000000 0.000000 0.000000 0.000000 0.000000 0.000000 0.000000 0.000000 0.000000 0.000000 0.000000 0.000000 0.000000 0.000000
0.066117 0.066956 0.067079 0.066431 0.065259 0.063757 0.062002 0.060020 0.057821 0.055410 0.052793 0.049978 0.046974 0.043804 0.040496 0.037076 0.033559 0.029960 0.026285 0.022551 0.018871 0.015325 0.011916 0.008625 0.005431 0.002399 0.000878 0.000321 0.000118 0.000043 0.000016 0.000006 0.000002 0.000001 0.000000 0.000000 0.000000 0.000000 0.000000 0.000000 0.000000 0.000000 0.000000 0.000000 0.000000 0.000000 0.000000 0.000000 0.000000 0.000000
0.068655 0.069551 0.069892 0.069604 0.068917 0.068013 0.066954 0.065755 0.064415 0.062926 0.061280 0.059470 0.057488 0.055331 0.052997 0.050487 0.047804 0.044952 0.041934 0.038754 0.035423 0.031958 0.028378 0.024699 0.020933 0.017087 0.013236 0.009495 0.005887 0.002542 0.000930 0.000341 0.000125 0.000046 0.000017 0.000006 0.000002 0.000001 0.000000 0.000000 0.000000 0.000000 0.000000 0.000000 0.000000 0.000000 0.000000 0.000000 0.000000 0.000000
0.068191 0.069286 0.069879 0.069885 0.069529 0.068981 0.068302 0.067508 0.066597 0.065566 0.064405 0.063108 0.061668 0.060077 0.058331 0.056424 0.054352 0.052113 0.049702 0.047120 0.044365 0.041438 0.038340 0.035077 0.031651 0.028068 0.024334 0.020466 0.016483 0.012403 0.008322 0.004364 0.001610 0.000589 0.000216 0.000079 0.000029 0.000011 0.000004 0.000001 0.000001 0.000000 0.000000 0.000000 0.000000 0.000000 0.000000 0.000000 0.000000 0.000000
0.066826 0.068479 0.069488 0.069809 0.069698 0.069355 0.068860 0.068240 0.067505 0.066655 0.065687 0.064598 0.063382 0.062035 0.060552 0.058929 0.057160 0.055242 0.053170 0.050941 0.048552 0.045999 0.043282 0.040398 0.037346 0.034126 0.030738 0.027183 0.023463 0.019582 0.015549 0.011380 0.007130 0.003105 0.001136 0.000416 0.000152 0.000056 0.000020 0.000007 0.000003 0.000001 0.000000 0.000000 0.000000 0.000000 0.000000 0.000000 0.000000 0.000000
0.070192 0.071157 0.071655 0.071599 0.071208 0.070661 0.070022 0.069307 0.068517 0.067644 0.066681 0.065621 0.064456 0.063179 0.061786 0.060269 0.058623 0.056844 0.054927 0.052868 0.050664 0.048310 0.045804 0.043143 0.040324 0.037345 0.034205 0.030901 0.027433 0.023800 0.020002 0.016039 0.011916 0.007646 0.003434 0.001257 0.000460 0.000168 0.000062 0.000023 0.000008 0.000003 0.000001 0.000000 0.000000 0.000000 0.000000 0.000000 0.000000 0.000000
0.069437 0.070650 0.071357 0.071473 0.071217 0.070781 0.070237 0.069607 0.068894 0.068093 0.067201 0.066210 0.065116 0.063911 0.062592 0.061153 0.059590 0.057898 0.056074 0.054114 0.052015 0.049774 0.047387 0.044852 0.042167 0.039330 0.036338 0.033189 0.029883 0.026417 0.022790 0.019001 0.015049 0.010935 0.006663 0.002720 0.000996 0.000364 0.000133 0.000049 0.000018 0.000007 0.000002 0.000001 0.000000 0.000000 0.000000 0.000000 0.000000 0.000000
0.068323 0.069829 0.070770 0.071084 0.070999 0.070712 0.070297 0.069781 0.069170 0.068462 0.067656 0.066745 0.065726 0.064595 0.063346 0.061976 0.060481 0.058857 0.057102 0.055212 0.053184 0.051016 0.048705 0.046249 0.043646 0.040895 0.037993 0.034938 0.031730 0.028367 0.024847 0.021170 0.017334 0.013338 0.009182 0.004873 0.001797 0.000658 0.000241 0.000088 0.000032 0.000012 0.000004 0.000002 0.000001 0.000000 0.000000 0.000000 0.000000 0.000000
0.069448 0.070796 0.071647 0.071909 0.071787 0.071479 0.071058 0.070547 0.069949 0.069261 0.068478 0.067595 0.066606 0.065507 0.064292 0.062958 0.061501 0.059917 0.058203 0.056355 0.054372 0.052250 0.049988 0.047583 0.045033 0.042337 0.039493 0.036499 0.033354 0.030058 0.026608 0.023003 0.019243 0.015327 0.011253 0.007021 0.002953 0.001081 0.000396 0.000145 0.000053 0.000019 0.000007 0.000003 0.000001 0.000000 0.000000 0.000000 0.000000 0.000000
0.070449 0.071791 0.072632 0.072885 0.072753 0.072432 0.071999 0.071477 0.070872 0.070180 0.069397 0.068518 0.067536 0.066448 0.065248 0.063933 0.062497 0.060937 0.059250 0.057433 0.055483 0.053396 0.051171 0.048806 0.046299 0.043647 0.040849 0.037904 0.034810 0.031567 0.028172 0.024625 0.020925 0.017072 0.013063 0.008898 0.004580 0.001679 0.000614 0.000225 0.000082 0.000030 0.000011 0.000004 0.000001 0.000001 0.000000 0.000000 0.000000 0.000000
0.070210 0.071777 0.072789 0.073170 0.073113 0.072840 0.072439 0.071942 0.071358 0.070686 0.069924 0.069067 0.068109 0.067048 0.065877 0.064592 0.063190 0.061666 0.060018 0.058241 0.056332 0.054290 0.052111 0.049794 0.047335 0.044734 0.041989 0.039097 0.036059 0.032872 0.029535 0.026047 0.022408 0.018616 0.014670 0.010570 0.006314 0.002505 0.000917 0.000336 0.000123 0.000045 0.000016 0.000006 0.000002 0.000001 0.000000 0.000000 0.000000 0.000000
0.071918 0.072944 0.073595 0.073738 0.073505 0.073108 0.072628 0.072085 0.071481 0.070809 0.070061 0.069229 0.068304 0.067282 0.066155 0.064918 0.063567 0.062096 0.060502 0.058782 0.056932 0.054948 0.052830 0.050573 0.048176 0.045637 0.042955 0.040127 0.037153 0.034031 0.030759 0.027338 0.023765 0.020041 0.016163 0.012132 0.007946 0.003673 0.001345 0.000492 0.000180 0.000066 0.000024 0.000009 0.000003 0.000001 0.000000 0.000000 0.000000 0.000000
0.069381 0.071035 0.072148 0.072641 0.072674 0.072482 0.072161 0.071748 0.071251 0.070670 0.070003 0.069245 0.068390 0.067434 0.066372 0.065199 0.063910 0.062503 0.060972 0.059315 0.057528 0.055609 0.053555 0.051363 0.049032 0.046559 0.043943 0.041182 0.038275 0.035220 0.032017 0.028664 0.025160 0.021505 0.017697 0.013736 0.009621 0.005351 0.002007 0.000735 0.000269 0.000098 0.000036 0.000013 0.000005 0.000002 0.000001 0.000000 0.000000 0.000000
0.070901 0.072169 0.073022 0.073346 0.073270 0.073009 0.072650 0.072218 0.071717 0.071144 0.070494 0.069758 0.068932 0.068008 0.066982 0.065848 0.064602 0.063239 0.061755 0.060147 0.058411 0.056544 0.054544 0.052407 0.050133 0.047718 0.045161 0.042461 0.039615 0.036623 0.033483 0.030194 0.026755 0.023165 0.019424 0.015530 0.011483 0.007282 0.003148 0.001152 0.000422 0.000154 0.000057 0.000021 0.000008 0.000003 0.000001 0.000000 0.000000 0.000000
0.071374 0.072794 0.073761 0.074175 0.074147 0.073912 0.073566 0.073143 0.072650 0.072085 0.071445 0.070722 0.069911 0.069007 0.068003 0.066895 0.065678 0.064347 0.062898 0.061328 0.059632 0.057809 0.055854 0.053765 0.051539 0.049176 0.046672 0.044025 0.041235 0.038300 0.035218 0.031988 0.028610 0.025081 0.021402 0.017571 0.013588 0.009451 0.005163 0.001921 0.000703 0.000257 0.000094 0.000034 0.000013 0.000005 0.000002 0.000001 0.000000 0.000000
0.072763 0.074102 0.075014 0.075399 0.075337 0.075066 0.074691 0.074248 0.073745 0.073178 0.072542 0.071830 0.071036 0.070154 0.069176 0.068098 0.066915 0.065621 0.064211 0.062683 0.061031 0.059254 0.057347 0.055308 0.053134 0.050823 0.048372 0.045781 0.043047 0.040169 0.037146 0.033975 0.030656 0.027189 0.023571 0.019802 0.015882 0.011809 0.007582 0.003363 0.001231 0.000451 0.000165 0.000060 0.000022 0.000008 0.000003 0.000001 0.000000 0.000000
0.073408 0.074708 0.075631 0.076065 0.076043 0.075804 0.075462 0.075053 0.074585 0.074057 0.073461 0.072791 0.072041 0.071203 0.070271 0.069241 0.068106 0.066862 0.065504 0.064028 0.062430 0.060707 0.058856 0.056873 0.054756 0.052503 0.050112 0.047581 0.044907 0.042089 0.039127 0.036018 0.032761 0.029356 0.025802 0.022096 0.018240 0.014231 0.010069 0.005755 0.002198 0.000804 0.000294 0.000108 0.000039 0.000014 0.000005 0.000002 0.000001 0.000000
0.073530 0.075023 0.076097 0.076668 0.076740 0.076559 0.076255 0.075878 0.075438 0.074937 0.074370 0.073730 0.073013 0.072210 0.071317 0.070327 0.069236 0.068037 0.066727 0.065300 0.063754 0.062084 0.060287 0.058360 0.056300 0.054105 0.051773 0.049301 0.046687 0.043931 0.041030 0.037983 0.034789 0.031447 0.027956 0.024314 0.020522 0.016577 0.012480 0.008229 0.003877 0.001419 0.000519 0.000190 0.000070 0.000025 0.000009 0.000003 0.000001 0.000000
0.075061 0.076338 0.077291 0.077819 0.077861 0.077631 0.077283 0.076869 0.076404 0.075888 0.075314 0.074677 0.073967 0.073179 0.072306 0.071341 0.070278 0.069111 0.067837 0.066450 0.064946 0.063320 0.061570 0.059692 0.057683 0.055540 0.053262 0.050845 0.048288 0.045589 0.042747 0.039759 0.036625 0.033344 0.029914 0.026334 0.022604 0.018722 0.014689 0.010502 0.006162 0.002403 0.000880 0.000322 0.000118 0.000043 0.000016 0.000006 0.000002 0.000001
0.075141 0.076661 0.077796 0.078483 0.078644 0.078449 0.078102 0.077680 0.077205 0.076681 0.076103 0.075466 0.074761 0.073982 0.073122 0.072174 0.071133 0.069992 0.068746 0.067390 0.065921 0.064333 0.062623 0.060788 0.058824 0.056728 0.054498 0.052132 0.049627 0.046981 0.044193 0.041262 0.038184 0.034961 0.031589 0.028069 0.024399 0.020578 0.016606 0.012481 0.008202 0.003829 0.001401 0.000513 0.000188 0.000069 0.000025 0.000009 0.000003 0.000001
0.076861 0.078018 0.078916 0.079463 0.079550 0.079283 0.078869 0.078389 0.077868 0.077309 0.076705 0.076051 0.075337 0.074555 0.073698 0.072760 0.071732 0.070610 0.069388 0.068059 0.066620 0.065066 0.063393 0.061597 0.059675 0.057623 0.055439 0.053121 0.050665 0.048071 0.045335 0.042456 0.039433 0.036265 0.032950 0.029486 0.025874 0.022111 0.018197 0.014131 0.009912 0.005540 0.002083 0.000762 0.000279 0.000102 0.000037 0.000014 0.000005 0.000002
0.076530 0.077884 0.078915 0.079567 0.079750 0.079526 0.079124 0.078646 0.078123 0.077562 0.076959 0.076307 0.075600 0.074829 0.073986 0.073065 0.072058 0.070960 0.069765 0.068467 0.067060 0.065542 0.063906 0.062149 0.060269 0.058260 0.056121 0.053849 0.051440 0.048894 0.046208 0.043380 0.040408 0.037291 0.034028 0.030617 0.027058 0.023349 0.019489 0.015477 0.011312 0.006994 0.002899 0.001061 0.000388 0.000142 0.000052 0.000019 0.000007 0.000003
0.076169 0.077560 0.078654 0.079392 0.079683 0.079533 0.079170 0.078714 0.078207 0.077659 0.077069 0.076431 0.075737 0.074982 0.074157 0.073256 0.072272 0.071198 0.070029 0.068759 0.067382 0.065896 0.064293 0.062572 0.060728 0.058757 0.056656 0.054424 0.052056 0.049551 0.046907 0.044122 0.041193 0.038121 0.034902 0.031535 0.028021 0.024356 0.020542 0.016575 0.012456 0.008184 0.003812 0.001395 0.000511 0.000187 0.000068 0.000025 0.000009 0.000003
0.077587 0.078709 0.079613 0.080229 0.080469 0.080265 0.079821 0.079285 0.078711 0.078110 0.077478 0.076809 0.076094 0.075323 0.074489 0.073584 0.072601 0.071531 0.070370 0.069111 0.067749 0.066278 0.064694 0.062993 0.061171 0.059223 0.057148 0.054941 0.052601 0.050124 0.047509 0.044753 0.041855 0.038813 0.035625 0.032291 0.028808 0.025176 0.021394 0.017460 0.013374 0.009134 0.004741 0.001739 0.000637 0.000233 0.000085 0.000031 0.000011 0.000004
0.077315 0.078695 0.079787 0.080556 0.080938 0.080853 0.080447 0.079911 0.079318 0.078689 0.078028 0.077329 0.076587 0.075792 0.074937 0.074014 0.073015 0.071935 0.070766 0.069502 0.068137 0.066667 0.065086 0.063390 0.061574 0.059635 0.057570 0.055375 0.053047 0.050584 0.047984 0.045244 0.042362 0.039337 0.036167 0.032851 0.029386 0.025773 0.022010 0.018096 0.014030 0.009810 0.005436 0.002034 0.000744 0.000272 0.000100 0.000037 0.000013 0.000005
0.078776 0.079775 0.080629 0.081268 0.081609 0.081545 0.081106 0.080507 0.079849 0.079161 0.078450 0.077709 0.076930 0.076104 0.075223 0.074279 0.073262 0.072167 0.070986 0.069713 0.068342 0.066866 0.065282 0.063584 0.061769 0.059831 0.057769 0.055577 0.053254 0.050796 0.048202 0.045469 0.042594 0.039576 0.036414 0.033106 0.029650 0.026046 0.022291 0.018386 0.014328 0.010118 0.005753 0.002184 0.000799 0.000293 0.000107 0.000039 0.000014 0.000005
0.076568 0.078109 0.079367 0.080325 0.080939 0.081135 0.080864 0.080336 0.079707 0.079030 0.078320 0.077576 0.076793 0.075963 0.075076 0.074127 0.073106 0.072006 0.070821 0.069545 0.068171 0.066694 0.065108 0.063409 0.061593 0.059656 0.057593 0.055403 0.053080 0.050624 0.048031 0.045298 0.042425 0.039409 0.036248 0.032941 0.029487 0.025883 0.022130 0.018225 0.014168 0.009958 0.005593 0.002107 0.000771 0.000282 0.000103 0.000038 0.000014 0.000005
0.075975 0.077414 0.078643 0.079622 0.080299 0.080601 0.080439 0.079949 0.079324 0.078639 0.077917 0.077159 0.076361 0.075516 0.074616 0.073653 0.072619 0.071508 0.070312 0.069025 0.067641 0.066155 0.064561 0.062854 0.061031 0.059086 0.057017 0.054820 0.052491 0.050029 0.047429 0.044691 0.041812 0.038789 0.035622 0.032309 0.028847 0.025237 0.021476 0.017563 0.013498 0.009279 0.004906 0.001806 0.000661 0.000242 0.000089 0.000032 0.000012 0.000004
0.076880 0.078020 0.079018 0.079827 0.080393 0.080642 0.080474 0.079928 0.079221 0.078451 0.077649 0.076819 0.075955 0.075052 0.074098 0.073087 0.072010 0.070858 0.069626 0.068305 0.066891 0.065375 0.063754 0.062023 0.060175 0.058208 0.056118 0.053900 0.051551 0.049070 0.046451 0.043695 0.040797 0.037757 0.034572 0.031240 0.027760 0.024132 0.020352 0.016421 0.012337 0.008098 0.003765 0.001378 0.000504 0.000185 0.000068 0.000025 0.000009 0.000003
0.075894 0.077259 0.078415 0.079340 0.080001 0.080343 0.080285 0.079782 0.079047 0.078220 0.077351 0.076450 0.075518 0.074547 0.073529 0.072457 0.071321 0.070115 0.068830 0.067460 0.065998 0.064438 0.062775 0.061002 0.059115 0.057110 0.054983 0.052729 0.050346 0.047831 0.045179 0.042390 0.039460 0.036387 0.033170 0.029807 0.026296 0.022636 0.018824 0.014861 0.010744 0.006474 0.002594 0.000950 0.000348 0.000127 0.000047 0.000017 0.000006 0.000002
0.075598 0.076911 0.078041 0.078963 0.079642 0.080028 0.080046 0.079608 0.078844 0.077952 0.077006 0.076029 0.075021 0.073978 0.072891 0.071752 0.070553 0.069285 0.067940 0.066512 0.064994 0.063380 0.061663 0.059838 0.057901 0.055846 0.053670 0.051368 0.048937 0.046375 0.043677 0.040841 0.037866 0.034748 0.031485 0.028077 0.024520 0.020815 0.016958 0.012949 0.008786 0.004478 0.001640 0.000600 0.000220 0.000080 0.000029 0.000011 0.000004 0.000001
0.076031 0.077097 0.078049 0.078847 0.079446 0.079794 0.079817 0.079417 0.078627 0.077667 0.076641 0.075582 0.074493 0.073371 0.072208 0.070995 0.069723 0.068386 0.066973 0.065479 0.063895 0.062217 0.060437 0.058550 0.056552 0.054437 0.052201 0.049840 0.047351 0.044730 0.041974 0.039081 0.036048 0.032873 0.029553 0.026087 0.022473 0.018709 0.014795 0.010728 0.006507 0.002633 0.000964 0.000353 0.000129 0.000047 0.000017 0.000006 0.000002 0.000001
0.074911 0.076228 0.077345 0.078250 0.078922 0.079326 0.079405 0.079076 0.078300 0.077297 0.076203 0.075065 0.073895 0.072692 0.071447 0.070154 0.068804 0.067389 0.065900 0.064331 0.062674 0.060923 0.059072 0.057115 0.055047 0.052863 0.050559 0.048131 0.045574 0.042886 0.040064 0.037104 0.034004 0.030762 0.027375 0.023842 0.020161 0.016330 0.012348 0.008212 0.003959 0.001449 0.000530 0.000194 0.000071 0.000026 0.000010 0.000003 0.000001 0.000000
0.075597 0.076558 0.077412 0.078126 0.078661 0.078971 0.078998 0.078658 0.077869 0.076795 0.075612 0.074381 0.073120 0.071827 0.070496 0.069120 0.067688 0.066193 0.064627 0.062982 0.061250 0.059425 0.057501 0.055471 0.053331 0.051076 0.048700 0.046200 0.043572 0.040812 0.037918 0.034886 0.031714 0.028400 0.024940 0.021333 0.017578 0.013672 0.009614 0.005410 0.002047 0.000749 0.000274 0.000100 0.000037 0.000013 0.000005 0.000002 0.000001 0.000000
0.073553 0.074754 0.075781 0.076623 0.077259 0.077656 0.077766 0.077521 0.076823 0.075762 0.074547 0.073268 0.071950 0.070597 0.069205 0.067765 0.066270 0.064710 0.063079 0.061367 0.059569 0.057676 0.055684 0.053586 0.051376 0.049050 0.046604 0.044032 0.041332 0.038499 0.035531 0.032424 0.029177 0.025785 0.022248 0.018563 0.014728 0.010741 0.006604 0.002728 0.000999 0.000366 0.000134 0.000049 0.000018 0.000007 0.000002 0.000001 0.000000 0.000000
0.072249 0.073323 0.074279 0.075089 0.075722 0.076140 0.076295 0.076121 0.075523 0.074493 0.073259 0.071938 0.070571 0.069165 0.067718 0.066221 0.064667 0.063047 0.061353 0.059578 0.057714 0.055755 0.053694 0.051526 0.049245 0.046847 0.044326 0.041679 0.038902 0.035992 0.032944 0.029757 0.026427 0.022953 0.019332 0.015561 0.011639 0.007565 0.003458 0.001266 0.000463 0.000170 0.000062 0.000023 0.000008 0.000003 0.000001 0.000000 0.000000 0.000000
0.069754 0.071085 0.072242 0.073214 0.073980 0.074513 0.074775 0.074710 0.074235 0.073283 0.072049 0.070693 0.069275 0.067808 0.066295 0.064729 0.063102 0.061408 0.059638 0.057785 0.055842 0.053802 0.051660 0.049409 0.047044 0.044560 0.041954 0.039219 0.036354 0.033354 0.030216 0.026937 0.023515 0.019947 0.016231 0.012364 0.008345 0.004210 0.001541 0.000564 0.000207 0.000076 0.000028 0.000010 0.000004 0.000001 0.000000 0.000000 0.000000 0.000000
0.069682 0.070886 0.071933 0.072810 0.073496 0.073966 0.074182 0.074090 0.073616 0.072662 0.071349 0.069883 0.068345 0.066760 0.065129 0.063449 0.061711 0.059907 0.058030 0.056071 0.054022 0.051878 0.049632 0.047278 0.044810 0.042223 0.039514 0.036676 0.033707 0.030603 0.027361 0.023978 0.020450 0.016776 0.012953 0.008979 0.004876 0.001814 0.000664 0.000243 0.000089 0.000033 0.000012 0.000004 0.000002 0.000001 0.000000 0.000000 0.000000 0.000000
0.070597 0.071528 0.072343 0.073021 0.073536 0.073857 0.073945 0.073746 0.073189 0.072168 0.070745 0.069146 0.067470 0.065747 0.063982 0.062172 0.060306 0.058378 0.056379 0.054300 0.052134 0.049873 0.047511 0.045043 0.042461 0.039761 0.036938 0.033987 0.030905 0.027688 0.024333 0.020835 0.017193 0.013404 0.009465 0.005392 0.002061 0.000755 0.000276 0.000101 0.000037 0.000014 0.000005 0.000002 0.000001 0.000000 0.000000 0.000000 0.000000 0.000000
0.070430 0.071263 0.071982 0.072565 0.072986 0.073215 0.073213 0.072929 0.072289 0.071192 0.069682 0.067985 0.066207 0.064379 0.062508 0.060590 0.058616 0.056580 0.054471 0.052282 0.050006 0.047635 0.045163 0.042583 0.039889 0.037077 0.034141 0.031076 0.027880 0.024547 0.021075 0.017459 0.013698 0.009789 0.005743 0.002253 0.000825 0.000302 0.000110 0.000040 0.000015 0.000005 0.000002 0.000001 0.000000 0.000000 0.000000 0.000000 0.000000 0.000000
0.068453 0.069583 0.070495 0.071195 0.071679 0.071931 0.071922 0.071605 0.070914 0.069748 0.068166 0.066398 0.064544 0.062638 0.060684 0.058680 0.056618 0.054490 0.052287 0.050001 0.047626 0.045154 0.042577 0.039891 0.037090 0.034167 0.031119 0.027940 0.024627 0.021175 0.017581 0.013842 0.009956 0.005933 0.002368 0.000867 0.000317 0.000116 0.000042 0.000016 0.000006 0.000002 0.000001 0.000000 0.000000 0.000000 0.000000 0.000000 0.000000 0.000000
0.070017 0.070417 0.070794 0.071095 0.071271 0.071274 0.071054 0.070549 0.069677 0.068331 0.066615 0.064741 0.062793 0.060796 0.058753 0.056659 0.054505 0.052282 0.049982 0.047596 0.045118 0.042539 0.039854 0.037055 0.034137 0.031095 0.027923 0.024617 0.021173 0.017587 0.013856 0.009978 0.005968 0.002394 0.000876 0.000321 0.000117 0.000043 0.000016 0.000006 0.000002 0.000001 0.000000 0.000000 0.000000 0.000000 0.000000 0.000000 0.000000 0.000000
0.067480 0.068516 0.069286 0.069812 0.070096 0.070126 0.069871 0.069280 0.068275 0.066775 0.064961 0.063012 0.060991 0.058918 0.056792 0.054609 0.052359 0.050034 0.047626 0.045127 0.042529 0.039826 0.037009 0.034074 0.031014 0.027824 0.024499 0.021035 0.017428 0.013675 0.009778 0.005767 0.002283 0.000836 0.000306 0.000112 0.000041 0.000015 0.000005 0.000002 0.000001 0.000000 0.000000 0.000000 0.000000 0.000000 0.000000 0.000000 0.000000 0.000000
0.069307 0.069599 0.069834 0.069957 0.069921 0.069678 0.069173 0.068335 0.067065 0.065341 0.063385 0.061323 0.059197 0.057016 0.054777 0.052473 0.050094 0.047633 0.045079 0.042427 0.039666 0.036792 0.033796 0.030674 0.027418 0.024026 0.020493 0.016817 0.012999 0.009051 0.005054 0.001916 0.000701 0.000257 0.000094 0.000034 0.000013 0.000005 0.000002 0.000001 0.000000 0.000000 0.000000 0.000000 0.000000 0.000000 0.000000 0.000000 0.000000 0.000000
0.068312 0.068902 0.069258 0.069387 0.069277 0.068901 0.068216 0.067154 0.065616 0.063679 0.061558 0.059343 0.057060 0.054713 0.052298 0.049806 0.047228 0.044554 0.041778 0.038890 0.035883 0.032751 0.029489 0.026092 0.022558 0.018887 0.015086 0.011170 0.007202 0.003359 0.001229 0.000450 0.000165 0.000060 0.000022 0.000008 0.000003 0.000001 0.000000 0.000000 0.000000 0.000000 0.000000 0.000000 0.000000 0.000000 0.000000 0.000000 0.000000 0.000000
0.069528 0.069456 0.069297 0.069003 0.068523 0.067804 0.066781 0.065367 0.063469 0.061234 0.058842 0.056358 0.053801 0.051167 0.048450 0.045641 0.042731 0.039712 0.036575 0.033316 0.029931 0.026419 0.022781 0.019029 0.015178 0.011254 0.007380 0.003651 0.001337 0.000489 0.000179 0.000066 0.000024 0.000009 0.000003 0.000001 0.000000 0.000000 0.000000 0.000000 0.000000 0.000000 0.000000 0.000000 0.000000 0.000000 0.000000 0.000000 0.000000 0.000000
0.067293 0.067380 0.067220 0.066808 0.066123 0.065129 0.063769 0.061957 0.059626 0.056976 0.054163 0.051240 0.048220 0.045101 0.041878 0.038546 0.035102 0.031544 0.027875 0.024110 0.020265 0.016356 0.012435 0.008637 0.005004 0.001969 0.000721 0.000264 0.000097 0.000035 0.000013 0.000005 0.000002 0.000001 0.000000 0.000000 0.000000 0.000000 0.000000 0.000000 0.000000 0.000000 0.000000 0.000000 0.000000 0.000000 0.000000 0.000000 0.000000 0.000000
0.066734 0.066076 0.065235 0.064167 0.062825 0.061152 0.059076 0.056497 0.053393 0.049989 0.046411 0.042703 0.038882 0.034954 0.030939 0.026858 0.022731 0.018572 0.014486 0.010588 0.006892 0.003373 0.001235 0.000452 0.000165 0.000061 0.000022 0.000008 0.000003 0.000001 0.000000 0.000000 0.000000 0.000000 0.000000 0.000000 0.000000 0.000000 0.000000 0.000000 0.000000 0.000000 0.000000 0.000000 0.000000 0.000000 0.000000 0.000000 0.000000 0.000000
0.065873 0.064439 0.062671 0.060560 0.058080 0.055189 0.051817 0.047867 0.043420 0.038702 0.033840 0.028909 0.023951 0.019077 0.014470 0.010164 0.006128 0.002554 0.000935 0.000342 0.000125 0.000046 0.000017 0.000006 0.000002 0.000001 0.000000 0.000000 0.000000 0.000000 0.000000 0.000000 0.000000 0.000000 0.000000 0.000000 0.000000 0.000000 0.000000 0.000000 0.000000 0.000000 0.000000 0.000000 0.000000 0.000000 0.000000 0.000000 0.000000 0.000000
0.069361 0.065254 0.060949 0.056395 0.051529 0.046282 0.040565 0.034312 0.027724 0.021190 0.015062 0.009411 0.004262 0.001560 0.000571 0.000209 0.000077 0.000028 0.000010 0.000004 0.000001 0.000001 0.000000 0.000000 0.000000 0.000000 0.000000 0.000000 0.000000 0.000000 0.000000 0.000000 0.000000 0.000000 0.000000 0.000000 0.000000 0.000000 0.000000 0.000000 0.000000 0.000000 0.000000 0.000000 0.000000 0.000000 0.000000 0.000000 0.000000 0.000000
0.068542 0.061614 0.054430 0.046949 0.039119 0.030892 0.022352 0.013912 0.006130 0.002244 0.000821 0.000301 0.000110 0.000040 0.000015 0.000005 0.000002 0.000001 0.000000 0.000000 0.000000 0.000000 0.000000 0.000000 0.000000 0.000000 0.000000 0.000000 0.000000 0.000000 0.000000 0.000000 0.000000 0.000000 0.000000 0.000000 0.000000 0.000000 0.000000 0.000000 0.000000 0.000000 0.000000 0.000000 0.000000 0.000000 0.000000 0.000000 0.000000 0.000000
0.067493 0.056731 0.045747 0.034488 0.022949 0.011598 0.004251 0.001556 0.000569 0.000208 0.000076 0.000028 0.000010 0.000004 0.000001 0.000001 0.000000 0.000000 0.000000 0.000000 0.000000 0.000000 0.000000 0.000000 0.000000 0.000000 0.000000 0.000000 0.000000 0.000000 0.000000 0.000000 0.000000 0.000000 0.000000 0.000000 0.000000 0.000000 0.000000 0.000000 0.000000 0.000000 0.000000 0.000000 0.000000 0.000000 0.000000 0.000000 0.000000 0.000000
0.068005 0.052767 0.037421 0.021923 0.008644 0.003164 0.001158 0.000424 0.000155 0.000057 0.000021 0.000008 0.000003 0.000001 0.000000 0.000000 0.000000 0.000000 0.000000 0.000000 0.000000 0.000000 0.000000 0.000000 0.000000 0.000000 0.000000 0.000000 0.000000 0.000000 0.000000 0.000000 0.000000 0.000000 0.000000 0.000000 0.000000 0.000000 0.000000 0.000000 0.000000 0.000000 0.000000 0.000000 0.000000 0.000000 0.000000 0.000000 0.000000 0.000000
0.067428 0.048294 0.029046 0.011741 0.004298 0.001573 0.000576 0.000211 0.000077 0.000028 0.000010 0.000004 0.000001 0.000001 0.000000 0.000000 0.000000 0.000000 0.000000 0.000000 0.000000 0.000000 0.000000 0.000000 0.000000 0.000000 0.000000 0.000000 0.000000 0.000000 0.000000 0.000000 0.000000 0.000000 0.000000 0.000000 0.000000 0.000000 0.000000 0.000000 0.000000 0.000000 0.000000 0.000000 0.000000 0.000000 0.000000 0.000000 0.000000 0.000000
0.067494 0.044732 0.021866 0.008004 0.002930 0.001072 0.000393 0.000144 0.000053 0.000019 0.000007 0.000003 0.000001 0.000000 0.000000 0.000000 0.000000 0.000000 0.000000 0.000000 0.000000 0.000000 0.000000 0.000000 0.000000 0.000000 0.000000 0.000000 0.000000 0.000000 0.000000 0.000000 0.000000 0.000000 0.000000 0.000000 0.000000 0.000000 0.000000 0.000000 0.000000 0.000000 0.000000 0.000000 0.000000 0.000000 0.000000 0.000000 0.000000 0.000000
0.067544 0.041205 0.016994 0.006220 0.002277 0.000833 0.000305 0.000112 0.000041 0.000015 0.000005 0.000002 0.000001 0.000000 0.000000 0.000000 0.000000 0.000000 0.000000 0.000000 0.000000 0.000000 0.000000 0.000000 0.000000 0.000000 0.000000 0.000000 0.000000 0.000000 0.000000 0.000000 0.000000 0.000000 0.000000 0.000000 0.000000 0.000000 0.000000 0.000000 0.000000 0.000000 0.000000 0.000000 0.000000 0.000000 0.000000 0.000000 0.000000 0.000000
0.065295 0.036352 0.013691 0.005011 0.001834 0.000671 0.000246 0.000090 0.000033 0.000012 0.000004 0.000002 0.000001 0.000000 0.000000 0.000000 0.000000 0.000000 0.000000 0.000000 0.000000 0.000000 0.000000 0.000000 0.000000 0.000000 0.000000 0.000000 0.000000 0.000000 0.000000 0.000000 0.000000 0.000000 0.000000 0.000000 0.000000 0.000000 0.000000 0.000000 0.000000 0.000000 0.000000 0.000000 0.000000 0.000000 0.000000 0.000000 0.000000 0.000000
0.066982 0.034969 0.012857 0.004706 0.001723 0.000631 0.000231 0.000084 0.000031 0.000011 0.000004 0.000002 0.000001 0.000000 0.000000 0.000000 0.000000 0.000000 0.000000 0.000000 0.000000 0.000000 0.000000 0.000000 0.000000 0.000000 0.000000 0.000000 0.000000 0.000000 0.000000 0.000000 0.000000 0.000000 0.000000 0.000000 0.000000 0.000000 0.000000 0.000000 0.000000 0.000000 0.000000 0.000000 0.000000 0.000000 0.000000 0.000000 0.000000 0.000000
0.067398 0.033222 0.012160 0.004451 0.001629 0.000596 0.000218 0.000080 0.000029 0.000011 0.000004 0.000001 0.000001 0.000000 0.000000 0.000000 0.000000 0.000000 0.000000 0.000000 0.000000 0.000000 0.000000 0.000000 0.000000 0.000000 0.000000 0.000000 0.000000 0.000000 0.000000 0.000000 0.000000 0.000000 0.000000 0.000000 0.000000 0.000000 0.000000 0.000000 0.000000 0.000000 0.000000 0.000000 0.000000 0.000000 0.000000 0.000000 0.000000 0.000000
0.066178 0.030865 0.011298 0.004135 0.001514 0.000554 0.000203 0.000074 0.000027 0.000010 0.000004 0.000001 0.000000 0.000000 0.000000 0.000000 0.000000 0.000000 0.000000 0.000000 0.000000 0.000000 0.000000 0.000000 0.000000 0.000000 0.000000 0.000000 0.000000 0.000000 0.000000 0.000000 0.000000 0.000000 0.000000 0.000000 0.000000 0.000000 0.000000 0.000000 0.000000 0.000000 0.000000 0.000000 0.000000 0.000000 0.000000 0.000000 0.000000 0.000000
0.066628 0.030139 0.011032 0.004038 0.001478 0.000541 0.000198 0.000072 0.000027 0.000010 0.000004 0.000001 0.000000 0.000000 0.000000 0.000000 0.000000 0.000000 0.000000 0.000000 0.000000 0.000000 0.000000 0.000000 0.000000 0.000000 0.000000 0.000000 0.000000 0.000000 0.000000 0.000000 0.000000 0.000000 0.000000 0.000000 0.000000 0.000000 0.000000 0.000000 0.000000 0.000000 0.000000 0.000000 0.000000 0.000000 0.000000 0.000000 0.000000 0.000000
0.066072 0.029150 0.010670 0.003906 0.001430 0.000523 0.000192 0.000070 0.000026 0.000009 0.000003 0.000001 0.000000 0.000000 0.000000 0.000000 0.000000 0.000000 0.000000 0.000000 0.000000 0.000000 0.000000 0.000000 0.000000 0.000000 0.000000 0.000000 0.000000 0.000000 0.000000 0.000000 0.000000 0.000000 0.000000 0.000000 0.000000 0.000000 0.000000 0.000000 0.000000 0.000000 0.000000 0.000000 0.000000 0.000000 0.000000 0.000000 0.000000 0.000000
0.065991 0.028637 0.010482 0.003837 0.001404 0.000514 0.000188 0.000069 0.000025 0.000009 0.000003 0.000001 0.000000 0.000000 0.000000 0.000000 0.000000 0.000000 0.000000 0.000000 0.000000 0.000000 0.000000 0.000000 0.000000 0.000000 0.000000 0.000000 0.000000 0.000000 0.000000 0.000000 0.000000 0.000000 0.000000 0.000000 0.000000 0.000000 0.000000 0.000000 0.000000 0.000000 0.000000 0.000000 0.000000 0.000000 0.000000 0.000000 0.000000 0.000000
0.066173 0.028357 0.010379 0.003799 0.001391 0.000509 0.000186 0.000068 0.000025 0.000009 0.000003 0.000001 0.000000 0.000000 0.000000 0.000000 0.000000 0.000000 0.000000 0.000000 0.000000 0.000000 0.000000 0.000000 0.000000 0.000000 0.000000 0.000000 0.000000 0.000000 0.000000 0.000000 0.000000 0.000000 0.000000 0.000000 0.000000 0.000000 0.000000 0.000000 0.000000 0.000000 0.000000 0.000000 0.000000 0.000000 0.000000 0.000000 0.000000 0.000000
0.062982 0.026263 0.009613 0.003519 0.001288 0.000471 0.000173 0.000063 0.000023 0.000008 0.000003 0.000001 0.000000 0.000000 0.000000 0.000000 0.000000 0.000000 0.000000 0.000000 0.000000 0.000000 0.000000 0.000000 0.000000 0.000000 0.000000 0.000000 0.000000 0.000000 0.000000 0.000000 0.000000 0.000000 0.000000 0.000000 0.000000 0.000000 0.000000 0.000000 0.000000 0.000000 0.000000 0.000000 0.000000 0.000000 0.000000 0.000000 0.000000 0.000000
0.063493 0.026280 0.009619 0.003521 0.001289 0.000472 0.000173 0.000063 0.000023 0.000008 0.000003 0.000001 0.000000 0.000000 0.000000 0.000000 0.000000 0.000000 0.000000 0.000000 0.000000 0.000000 0.000000 0.000000 0.000000 0.000000 0.000000 0.000000 0.000000 0.000000 0.000000 0.000000 0.000000 0.000000 0.000000 0.000000 0.000000 0.000000 0.000000 0.000000 0.000000 0.000000 0.000000 0.000000 0.000000 0.000000 0.000000 0.000000 0.000000 0.000000
0.061077 0.024861 0.009100 0.003331 0.001219 0.000446 0.000163 0.000060 0.000022 0.000008 0.000003 0.000001 0.000000 0.000000 0.000000 0.000000 0.000000 0.000000 0.000000 0.000000 0.000000 0.000000 0.000000 0.000000 0.000000 0.000000 0.000000 0.000000 0.000000 0.000000 0.000000 0.000000 0.000000 0.000000 0.000000 0.000000 0.000000 0.000000 0.000000 0.000000 0.000000 0.000000 0.000000 0.000000 0.000000 0.000000 0.000000 0.000000 0.000000 0.000000
0.061622 0.025102 0.009188 0.003363 0.001231 0.000451 0.000165 0.000060 0.000022 0.000008 0.000003 0.000001 0.000000 0.000000 0.000000 0.000000 0.000000 0.000000 0.000000 0.000000 0.000000 0.000000 0.000000 0.000000 0.000000 0.000000 0.000000 0.000000 0.000000 0.000000 0.000000 0.000000 0.000000 0.000000 0.000000 0.000000 0.000000 0.000000 0.000000 0.000000 0.000000 0.000000 0.000000 0.000000 0.000000 0.000000 0.000000 0.000000 0.000000 0.000000
0.061824 0.025161 0.009210 0.003371 0.001234 0.000452 0.000165 0.000061 0.000022 0.000008 0.000003 0.000001 0.000000 0.000000 0.000000 0.000000 0.000000 0.000000 0.000000 0.000000 0.000000 0.000000 0.000000 0.000000 0.000000 0.000000 0.000000 0.000000 0.000000 0.000000 0.000000 0.000000 0.000000 0.000000 0.000000 0.000000 0.000000 0.000000 0.000000 0.000000 0.000000 0.000000 0.000000 0.000000 0.000000 0.000000 0.000000 0.000000 0.000000 0.000000
0.060609 0.024496 0.008966 0.003282 0.001201 0.000440 0.000161 0.000059 0.000022 0.000008 0.000003 0.000001 0.000000 0.000000 0.000000 0.000000 0.000000 0.000000 0.000000 0.000000 0.000000 0.000000 0.000000 0.000000 0.000000 0.000000 0.000000 0.000000 0.000000 0.000000 0.000000 0.000000 0.000000 0.000000 0.000000 0.000000 0.000000 0.000000 0.000000 0.000000 0.000000 0.000000 0.000000 0.000000 0.000000 0.000000 0.000000 0.000000 0.000000 0.000000
0.059791 0.023981 0.008778 0.003213 0.001176 0.000430 0.000158 0.000058 0.000021 0.000008 0.000003 0.000001 0.000000 0.000000 0.000000 0.000000 0.000000 0.000000 0.000000 0.000000 0.000000 0.000000 0.000000 0.000000 0.000000 0.000000 0.000000 0.000000 0.000000 0.000000 0.000000 0.000000 0.000000 0.000000 0.000000 0.000000 0.000000 0.000000 0.000000 0.000000 0.000000 0.000000 0.000000 0.000000 0.000000 0.000000 0.000000 0.000000 0.000000 0.000000
0.059003 0.023504 0.008603 0.003149 0.001153 0.000422 0.000154 0.000057 0.000021 0.000008 0.000003 0.000001 0.000000 0.000000 0.000000 0.000000 0.000000 0.000000 0.000000 0.000000 0.000000 0.000000 0.000000 0.000000 0.000000 0.000000 0.000000 0.000000 0.000000 0.000000 0.000000 0.000000 0.000000 0.000000 0.000000 0.000000 0.000000 0.000000 0.000000 0.000000 0.000000 0.000000 0.000000 0.000000 0.000000 0.000000 0.000000 0.000000 0.000000 0.000000
0.056730 0.022294 0.008160 0.002987 0.001093 0.000400 0.000146 0.000054 0.000020 0.000007 0.000003 0.000001 0.000000 0.000000 0.000000 0.000000 0.000000 0.000000 0.000000 0.000000 0.000000 0.000000 0.000000 0.000000 0.000000 0.000000 0.000000 0.000000 0.000000 0.000000 0.000000 0.000000 0.000000 0.000000 0.000000 0.000000 0.000000 0.000000 0.000000 0.000000 0.000000 0.000000 0.000000 0.000000 0.000000 0.000000 0.000000 0.000000 0.000000 0.000000
0.055148 0.021479 0.007862 0.002878 0.001053 0.000386 0.000141 0.000052 0.000019 0.000007 0.000003 0.000001 0.000000 0.000000 0.000000 0.000000 0.000000 0.000000 0.000000 0.000000 0.000000 0.000000 0.000000 0.000000 0.000000 0.000000 0.000000 0.000000 0.000000 0.000000 0.000000 0.000000 0.000000 0.000000 0.000000 0.000000 0.000000 0.000000 0.000000 0.000000 0.000000 0.000000 0.000000 0.000000 0.000000 0.000000 0.000000 0.000000 0.000000 0.000000
0.054080 0.020942 0.007665 0.002806 0.001027 0.000376 0.000138 0.000050 0.000018 0.000007 0.000002 0.000001 0.000000 0.000000 0.000000 0.000000 0.000000 0.000000 0.000000 0.000000 0.000000 0.000000 0.000000 0.000000 0.000000 0.000000 0.000000 0.000000 0.000000 0.000000 0.000000 0.000000 0.000000 0.000000 0.000000 0.000000 0.000000 0.000000 0.000000 0.000000 0.000000 0.000000 0.000000 0.000000 0.000000 0.000000 0.000000 0.000000 0.000000 0.000000
0.052497 0.020200 0.007394 0.002706 0.000991 0.000363 0.000133 0.000049 0.000018 0.000007 0.000002 0.000001 0.000000 0.000000 0.000000 0.000000 0.000000 0.000000 0.000000 0.000000 0.000000 0.000000 0.000000 0.000000 0.000000 0.000000 0.000000 0.000000 0.000000 0.000000 0.000000 0.000000 0.000000 0.000000 0.000000 0.000000 0.000000 0.000000 0.000000 0.000000 0.000000 0.000000 0.000000 0.000000 0.000000 0.000000 0.000000 0.000000 0.000000 0.000000
