0.037672 0.037399 0.037098 0.036761 0.036372 0.035879 0.035110 0.034004 0.032658 0.031191 0.029679 0.028157 0.026642 0.025144 0.023674 0.022243 0.020867 0.019571 0.018395 0.017366 0.016410 0.015476 0.014541 0.013598 0.012645 0.011681 0.010707 0.009723 0.008731 0.007732 0.006727 0.005717 0.004703 0.003688 0.002675 0.001671 0.000727 0.000266 0.000097 0.000036 0.000013 0.000005 0.000002 0.000001 0.000000 0.000000 0.000000 0.000000 0.000000 0.000000
0.037116 0.036896 0.036645 0.036354 0.036007 0.035565 0.034873 0.033831 0.032522 0.031071 0.029560 0.028033 0.026508 0.024998 0.023513 0.022065 0.020671 0.019355 0.018156 0.017107 0.016139 0.015195 0.014252 0.013300 0.012339 0.011366 0.010384 0.009393 0.008393 0.007387 0.006375 0.005358 0.004338 0.003319 0.002303 0.001303 0.000502 0.000184 0.000067 0.000025 0.000009 0.000003 0.000001 0.000000 0.000000 0.000000 0.000000 0.000000 0.000000 0.000000
0.036726 0.036538 0.036304 0.036021 0.035680 0.035255 0.034634 0.033659 0.032375 0.030909 0.029365 0.027796 0.026229 0.024676 0.023149 0.021661 0.020227 0.018870 0.017628 0.016541 0.015543 0.014575 0.013609 0.012638 0.011657 0.010667 0.009668 0.008661 0.007647 0.006626 0.005601 0.004573 0.003544 0.002518 0.001503 0.000612 0.000224 0.000082 0.000030 0.000011 0.000004 0.000001 0.000001 0.000000 0.000000 0.000000 0.000000 0.000000 0.000000 0.000000
0.037346 0.037008 0.036649 0.036261 0.035832 0.035339 0.034695 0.033717 0.032409 0.030897 0.029294 0.027664 0.026038 0.024429 0.022850 0.021312 0.019829 0.018423 0.017131 0.015997 0.014964 0.013966 0.012975 0.011979 0.010977 0.009966 0.008947 0.007921 0.006889 0.005852 0.004812 0.003771 0.002731 0.001700 0.000736 0.000269 0.000099 0.000036 0.000013 0.000005 0.000002 0.000001 0.000000 0.000000 0.000000 0.000000 0.000000 0.000000 0.000000 0.000000
0.037634 0.037279 0.036887 0.036456 0.035979 0.035433 0.034725 0.033685 0.032335 0.030796 0.029172 0.027521 0.025871 0.024237 0.022630 0.021062 0.019547 0.018108 0.016778 0.015606 0.014545 0.013526 0.012516 0.011503 0.010483 0.009456 0.008421 0.007380 0.006334 0.005284 0.004231 0.003179 0.002133 0.001102 0.000405 0.000148 0.000054 0.000020 0.000007 0.000003 0.000001 0.000000 0.000000 0.000000 0.000000 0.000000 0.000000 0.000000 0.000000 0.000000
0.038017 0.037494 0.036989 0.036482 0.035955 0.035378 0.034658 0.033612 0.032247 0.030685 0.029038 0.027366 0.025699 0.024050 0.022429 0.020847 0.019318 0.017862 0.016512 0.015317 0.014241 0.013210 0.012191 0.011169 0.010140 0.009104 0.008061 0.007011 0.005957 0.004898 0.003838 0.002780 0.001729 0.000745 0.000273 0.000100 0.000037 0.000013 0.000005 0.000002 0.000001 0.000000 0.000000 0.000000 0.000000 0.000000 0.000000 0.000000 0.000000 0.000000
0.036303 0.036179 0.035969 0.035681 0.035315 0.034853 0.034190 0.033174 0.031844 0.030327 0.028724 0.027091 0.025454 0.023827 0.022221 0.020649 0.019124 0.017667 0.016311 0.015104 0.014021 0.012986 0.011963 0.010938 0.009905 0.008865 0.007818 0.006764 0.005705 0.004642 0.003578 0.002516 0.001465 0.000575 0.000211 0.000077 0.000028 0.000010 0.000004 0.000001 0.000001 0.000000 0.000000 0.000000 0.000000 0.000000 0.000000 0.000000 0.000000 0.000000
0.037244 0.036874 0.036486 0.036069 0.035608 0.035074 0.034354 0.033291 0.031923 0.030377 0.028752 0.027101 0.025448 0.023808 0.022190 0.020605 0.019067 0.017596 0.016222 0.014995 0.013899 0.012857 0.011828 0.010799 0.009762 0.008718 0.007667 0.006609 0.005545 0.004479 0.003411 0.002347 0.001295 0.000488 0.000179 0.000065 0.000024 0.000009 0.000003 0.000001 0.000000 0.000000 0.000000 0.000000 0.000000 0.000000 0.000000 0.000000 0.000000 0.000000
0.038009 0.037558 0.037091 0.036601 0.036075 0.035486 0.034729 0.033637 0.032236 0.030651 0.028985 0.027296 0.025609 0.023938 0.022292 0.020681 0.019119 0.017624 0.016226 0.014971 0.013856 0.012802 0.011765 0.010728 0.009686 0.008636 0.007579 0.006517 0.005449 0.004379 0.003308 0.002241 0.001188 0.000439 0.000161 0.000059 0.000022 0.000008 0.000003 0.000001 0.000000 0.000000 0.000000 0.000000 0.000000 0.000000 0.000000 0.000000 0.000000 0.000000
0.037835 0.037461 0.037054 0.036608 0.036113 0.035547 0.034810 0.033735 0.032341 0.030755 0.029085 0.027388 0.025692 0.024011 0.022355 0.020733 0.019159 0.017650 0.016235 0.014961 0.013832 0.012768 0.011724 0.010682 0.009635 0.008581 0.007521 0.006455 0.005385 0.004311 0.003238 0.002170 0.001116 0.000410 0.000150 0.000055 0.000020 0.000007 0.000003 0.000001 0.000000 0.000000 0.000000 0.000000 0.000000 0.000000 0.000000 0.000000 0.000000 0.000000
0.037646 0.037304 0.036923 0.036500 0.036023 0.035470 0.034735 0.033657 0.032270 0.030697 0.029042 0.027358 0.025672 0.023998 0.022346 0.020725 0.019150 0.017637 0.016214 0.014927 0.013789 0.012721 0.011676 0.010633 0.009585 0.008531 0.007470 0.006404 0.005333 0.004260 0.003187 0.002119 0.001066 0.000391 0.000143 0.000052 0.000019 0.000007 0.000003 0.000001 0.000000 0.000000 0.000000 0.000000 0.000000 0.000000 0.000000 0.000000 0.000000 0.000000
0.037818 0.037431 0.037018 0.036573 0.036082 0.035522 0.034790 0.033718 0.032329 0.030749 0.029084 0.027391 0.025697 0.024016 0.022358 0.020732 0.019150 0.017630 0.016197 0.014895 0.013747 0.012677 0.011633 0.010592 0.009547 0.008495 0.007437 0.006372 0.005303 0.004232 0.003160 0.002093 0.001042 0.000381 0.000140 0.000051 0.000019 0.000007 0.000003 0.000001 0.000000 0.000000 0.000000 0.000000 0.000000 0.000000 0.000000 0.000000 0.000000 0.000000
0.037960 0.037579 0.037170 0.036726 0.036236 0.035674 0.034933 0.033846 0.032442 0.030850 0.029175 0.027475 0.025774 0.024087 0.022423 0.020791 0.019203 0.017675 0.016232 0.014915 0.013756 0.012684 0.011640 0.010600 0.009557 0.008506 0.007449 0.006386 0.005317 0.004246 0.003175 0.002108 0.001056 0.000387 0.000142 0.000052 0.000019 0.000007 0.000003 0.000001 0.000000 0.000000 0.000000 0.000000 0.000000 0.000000 0.000000 0.000000 0.000000 0.000000
0.038145 0.037802 0.037420 0.036993 0.036510 0.035939 0.035143 0.033994 0.032555 0.030955 0.029284 0.027591 0.025898 0.024216 0.022554 0.020922 0.019331 0.017799 0.016349 0.015022 0.013854 0.012775 0.011727 0.010685 0.009638 0.008585 0.007525 0.006459 0.005388 0.004314 0.003239 0.002169 0.001114 0.000409 0.000150 0.000055 0.000020 0.000007 0.000003 0.000001 0.000000 0.000000 0.000000 0.000000 0.000000 0.000000 0.000000 0.000000 0.000000 0.000000
0.038791 0.038430 0.038022 0.037566 0.037048 0.036430 0.035556 0.034335 0.032852 0.031229 0.029546 0.027844 0.026142 0.024451 0.022780 0.021139 0.019539 0.017997 0.016537 0.015198 0.014019 0.012931 0.011874 0.010823 0.009769 0.008709 0.007643 0.006570 0.005494 0.004414 0.003335 0.002259 0.001198 0.000443 0.000162 0.000059 0.000022 0.000008 0.000003 0.000001 0.000000 0.000000 0.000000 0.000000 0.000000 0.000000 0.000000 0.000000 0.000000 0.000000
0.039969 0.039414 0.038860 0.038292 0.037690 0.037011 0.036103 0.034846 0.033317 0.031644 0.029914 0.028171 0.026434 0.024714 0.023019 0.021358 0.019741 0.018184 0.016710 0.015359 0.014168 0.013070 0.012005 0.010947 0.009887 0.008821 0.007749 0.006672 0.005591 0.004508 0.003424 0.002345 0.001278 0.000478 0.000175 0.000064 0.000023 0.000009 0.000003 0.000001 0.000000 0.000000 0.000000 0.000000 0.000000 0.000000 0.000000 0.000000 0.000000 0.000000
0.039408 0.039037 0.038618 0.038149 0.037619 0.036989 0.036100 0.034854 0.033334 0.031671 0.029951 0.028216 0.026485 0.024769 0.023077 0.021418 0.019801 0.018244 0.016769 0.015415 0.014221 0.013122 0.012058 0.011001 0.009941 0.008876 0.007805 0.006729 0.005648 0.004565 0.003481 0.002401 0.001333 0.000504 0.000185 0.000068 0.000025 0.000009 0.000003 0.000001 0.000000 0.000000 0.000000 0.000000 0.000000 0.000000 0.000000 0.000000 0.000000 0.000000
0.039119 0.038781 0.038398 0.037963 0.037460 0.036832 0.035903 0.034628 0.033111 0.031471 0.029782 0.028077 0.026373 0.024680 0.023007 0.021363 0.019759 0.018211 0.016743 0.015393 0.014203 0.013111 0.012053 0.011003 0.009949 0.008890 0.007823 0.006751 0.005674 0.004594 0.003513 0.002435 0.001369 0.000522 0.000191 0.000070 0.000026 0.000009 0.000003 0.000001 0.000000 0.000000 0.000000 0.000000 0.000000 0.000000 0.000000 0.000000 0.000000 0.000000
0.039644 0.039229 0.038786 0.038301 0.037753 0.037067 0.036064 0.034728 0.033174 0.031514 0.029814 0.028103 0.026395 0.024700 0.023026 0.021381 0.019777 0.018228 0.016760 0.015409 0.014220 0.013130 0.012075 0.011027 0.009976 0.008919 0.007855 0.006784 0.005709 0.004630 0.003550 0.002474 0.001408 0.000542 0.000198 0.000073 0.000027 0.000010 0.000004 0.000001 0.000000 0.000000 0.000000 0.000000 0.000000 0.000000 0.000000 0.000000 0.000000 0.000000
0.040352 0.039901 0.039416 0.038887 0.038292 0.037546 0.036472 0.035074 0.033470 0.031771 0.030038 0.028300 0.026569 0.024854 0.023163 0.021504 0.019888 0.018331 0.016857 0.015505 0.014314 0.013221 0.012161 0.011109 0.010053 0.008992 0.007925 0.006852 0.005775 0.004694 0.003613 0.002534 0.001467 0.000573 0.000210 0.000077 0.000028 0.000010 0.000004 0.000001 0.000001 0.000000 0.000000 0.000000 0.000000 0.000000 0.000000 0.000000 0.000000 0.000000
0.040784 0.040316 0.039805 0.039245 0.038616 0.037820 0.036691 0.035252 0.033623 0.031907 0.030162 0.028412 0.026671 0.024947 0.023249 0.021584 0.019966 0.018410 0.016940 0.015599 0.014419 0.013325 0.012262 0.011205 0.010146 0.009081 0.008011 0.006936 0.005857 0.004775 0.003692 0.002613 0.001544 0.000617 0.000226 0.000083 0.000030 0.000011 0.000004 0.000001 0.000001 0.000000 0.000000 0.000000 0.000000 0.000000 0.000000 0.000000 0.000000 0.000000
0.040835 0.040260 0.039686 0.039095 0.038454 0.037668 0.036556 0.035123 0.033493 0.031776 0.030032 0.028287 0.026555 0.024843 0.023158 0.021510 0.019909 0.018373 0.016928 0.015618 0.014461 0.013380 0.012324 0.011273 0.010217 0.009157 0.008090 0.007019 0.005943 0.004865 0.003787 0.002711 0.001644 0.000679 0.000249 0.000091 0.000033 0.000012 0.000004 0.000002 0.000001 0.000000 0.000000 0.000000 0.000000 0.000000 0.000000 0.000000 0.000000 0.000000
0.039051 0.038813 0.038505 0.038122 0.037641 0.036949 0.035895 0.034524 0.032964 0.031319 0.029640 0.027955 0.026274 0.024609 0.022966 0.021356 0.019791 0.018291 0.016882 0.015613 0.014487 0.013426 0.012386 0.011348 0.010304 0.009255 0.008199 0.007137 0.006071 0.005002 0.003931 0.002863 0.001802 0.000794 0.000291 0.000106 0.000039 0.000014 0.000005 0.000002 0.000001 0.000000 0.000000 0.000000 0.000000 0.000000 0.000000 0.000000 0.000000 0.000000
0.039287 0.039026 0.038696 0.038291 0.037777 0.037004 0.035870 0.034457 0.032890 0.031254 0.029592 0.027924 0.026263 0.024615 0.022991 0.021399 0.019853 0.018372 0.016984 0.015738 0.014631 0.013585 0.012558 0.011532 0.010501 0.009463 0.008418 0.007368 0.006313 0.005254 0.004194 0.003135 0.002082 0.001046 0.000383 0.000140 0.000051 0.000019 0.000007 0.000003 0.000001 0.000000 0.000000 0.000000 0.000000 0.000000 0.000000 0.000000 0.000000 0.000000
0.041392 0.040778 0.040175 0.039554 0.038857 0.037908 0.036622 0.035090 0.033434 0.031733 0.030022 0.028319 0.026631 0.024965 0.023328 0.021727 0.020177 0.018694 0.017306 0.016061 0.014960 0.013922 0.012904 0.011887 0.010867 0.009840 0.008807 0.007768 0.006725 0.005678 0.004629 0.003580 0.002534 0.001500 0.000601 0.000220 0.000081 0.000029 0.000011 0.000004 0.000001 0.000001 0.000000 0.000000 0.000000 0.000000 0.000000 0.000000 0.000000 0.000000
0.041209 0.040847 0.040410 0.039892 0.039231 0.038252 0.036937 0.035400 0.033755 0.032069 0.030374 0.028684 0.027007 0.025350 0.023721 0.022129 0.020586 0.019109 0.017727 0.016485 0.015391 0.014366 0.013362 0.012362 0.011357 0.010346 0.009328 0.008305 0.007276 0.006244 0.005209 0.004172 0.003137 0.002109 0.001098 0.000405 0.000148 0.000054 0.000020 0.000007 0.000003 0.000001 0.000000 0.000000 0.000000 0.000000 0.000000 0.000000 0.000000 0.000000
0.041578 0.041067 0.040551 0.039994 0.039297 0.038280 0.036945 0.035411 0.033786 0.032129 0.030465 0.028807 0.027163 0.025537 0.023937 0.022372 0.020855 0.019402 0.018042 0.016819 0.015746 0.014744 0.013764 0.012786 0.011803 0.010813 0.009816 0.008812 0.007802 0.006787 0.005769 0.004748 0.003727 0.002708 0.001699 0.000747 0.000273 0.000100 0.000037 0.000013 0.000005 0.000002 0.000001 0.000000 0.000000 0.000000 0.000000 0.000000 0.000000 0.000000
0.040168 0.040004 0.039742 0.039366 0.038764 0.037793 0.036506 0.035031 0.033469 0.031872 0.030263 0.028655 0.027055 0.025470 0.023909 0.022380 0.020897 0.019478 0.018152 0.016965 0.015923 0.014947 0.013991 0.013034 0.012072 0.011101 0.010123 0.009137 0.008145 0.007147 0.006144 0.005138 0.004131 0.003125 0.002124 0.001139 0.000424 0.000155 0.000057 0.000021 0.000008 0.000003 0.000001 0.000000 0.000000 0.000000 0.000000 0.000000 0.000000 0.000000
0.041057 0.040642 0.040197 0.039676 0.038920 0.037819 0.036450 0.034934 0.033354 0.031752 0.030146 0.028545 0.026956 0.025386 0.023841 0.022332 0.020872 0.019480 0.018187 0.017042 0.016030 0.015073 0.014130 0.013186 0.012235 0.011276 0.010309 0.009334 0.008353 0.007366 0.006374 0.005378 0.004380 0.003383 0.002389 0.001407 0.000560 0.000205 0.000075 0.000027 0.000010 0.000004 0.000001 0.000000 0.000000 0.000000 0.000000 0.000000 0.000000 0.000000
0.041282 0.040896 0.040452 0.039907 0.039093 0.037929 0.036507 0.034953 0.033348 0.031728 0.030111 0.028505 0.026916 0.025349 0.023813 0.022317 0.020875 0.019510 0.018254 0.017156 0.016168 0.015222 0.014284 0.013344 0.012396 0.011440 0.010476 0.009505 0.008528 0.007545 0.006557 0.005565 0.004571 0.003577 0.002586 0.001605 0.000689 0.000252 0.000092 0.000034 0.000012 0.000005 0.000002 0.000001 0.000000 0.000000 0.000000 0.000000 0.000000 0.000000
0.041313 0.040911 0.040460 0.039883 0.038998 0.037784 0.036351 0.034809 0.033225 0.031627 0.030030 0.028442 0.026871 0.025322 0.023804 0.022330 0.020916 0.019586 0.018381 0.017332 0.016365 0.015425 0.014489 0.013547 0.012597 0.011640 0.010674 0.009701 0.008722 0.007738 0.006749 0.005756 0.004761 0.003766 0.002774 0.001789 0.000833 0.000305 0.000112 0.000041 0.000015 0.000005 0.000002 0.000001 0.000000 0.000000 0.000000 0.000000 0.000000 0.000000
0.041094 0.040820 0.040445 0.039894 0.039000 0.037770 0.036328 0.034786 0.033205 0.031613 0.030024 0.028446 0.026886 0.025351 0.023852 0.022400 0.021016 0.019728 0.018584 0.017574 0.016620 0.015681 0.014740 0.013793 0.012838 0.011874 0.010903 0.009925 0.008941 0.007952 0.006958 0.005961 0.004962 0.003962 0.002965 0.001975 0.001003 0.000368 0.000135 0.000049 0.000018 0.000007 0.000002 0.000001 0.000000 0.000000 0.000000 0.000000 0.000000 0.000000
0.042082 0.041537 0.040972 0.040269 0.039249 0.037934 0.036439 0.034867 0.033269 0.031669 0.030078 0.028502 0.026948 0.025424 0.023940 0.022510 0.021156 0.019914 0.018827 0.017841 0.016890 0.015946 0.014999 0.014044 0.013080 0.012109 0.011131 0.010146 0.009156 0.008160 0.007161 0.006158 0.005153 0.004148 0.003145 0.002148 0.001168 0.000437 0.000160 0.000058 0.000021 0.000008 0.000003 0.000001 0.000000 0.000000 0.000000 0.000000 0.000000 0.000000
0.041148 0.040920 0.040575 0.040003 0.039058 0.037793 0.036339 0.034799 0.033227 0.031649 0.030075 0.028515 0.026976 0.025468 0.024002 0.022595 0.021272 0.020076 0.019028 0.018054 0.017103 0.016155 0.015201 0.014239 0.013270 0.012293 0.011309 0.010319 0.009323 0.008323 0.007318 0.006311 0.005302 0.004293 0.003286 0.002285 0.001298 0.000499 0.000183 0.000067 0.000024 0.000009 0.000003 0.000001 0.000000 0.000000 0.000000 0.000000 0.000000 0.000000
0.041869 0.041512 0.041050 0.040326 0.039245 0.037890 0.036389 0.034825 0.033240 0.031653 0.030075 0.028512 0.026974 0.025468 0.024009 0.022614 0.021310 0.020146 0.019118 0.018152 0.017202 0.016253 0.015297 0.014334 0.013363 0.012385 0.011400 0.010409 0.009412 0.008411 0.007406 0.006398 0.005388 0.004378 0.003370 0.002367 0.001378 0.000542 0.000198 0.000073 0.000027 0.000010 0.000004 0.000001 0.000000 0.000000 0.000000 0.000000 0.000000 0.000000
0.043012 0.042407 0.041723 0.040772 0.039507 0.038026 0.036443 0.034826 0.033205 0.031593 0.029997 0.028423 0.026878 0.025371 0.023914 0.022526 0.021236 0.020093 0.019082 0.018125 0.017182 0.016239 0.015289 0.014330 0.013364 0.012390 0.011409 0.010422 0.009429 0.008431 0.007429 0.006425 0.005418 0.004411 0.003405 0.002404 0.001417 0.000564 0.000207 0.000076 0.000028 0.000010 0.000004 0.000001 0.000000 0.000000 0.000000 0.000000 0.000000 0.000000
0.042106 0.041702 0.041137 0.040239 0.039010 0.037571 0.036030 0.034452 0.032865 0.031281 0.029710 0.028159 0.026634 0.025147 0.023711 0.022345 0.021081 0.019970 0.018981 0.018040 0.017110 0.016177 0.015236 0.014287 0.013328 0.012362 0.011388 0.010407 0.009421 0.008429 0.007433 0.006433 0.005432 0.004429 0.003428 0.002431 0.001447 0.000583 0.000213 0.000078 0.000029 0.000010 0.000004 0.000001 0.000001 0.000000 0.000000 0.000000 0.000000 0.000000
0.041607 0.041232 0.040682 0.039785 0.038565 0.037145 0.035633 0.034086 0.032529 0.030975 0.029433 0.027909 0.026412 0.024952 0.023544 0.022210 0.020984 0.019913 0.018948 0.018021 0.017100 0.016175 0.015242 0.014299 0.013346 0.012386 0.011417 0.010442 0.009460 0.008473 0.007482 0.006487 0.005489 0.004490 0.003492 0.002499 0.001516 0.000628 0.000230 0.000084 0.000031 0.000011 0.000004 0.000002 0.000001 0.000000 0.000000 0.000000 0.000000 0.000000
0.041750 0.041330 0.040713 0.039748 0.038486 0.037053 0.035541 0.034002 0.032456 0.030915 0.029386 0.027876 0.026395 0.024953 0.023566 0.022258 0.021069 0.020034 0.019085 0.018163 0.017245 0.016321 0.015387 0.014445 0.013494 0.012534 0.011566 0.010592 0.009612 0.008626 0.007635 0.006641 0.005644 0.004646 0.003649 0.002655 0.001671 0.000737 0.000270 0.000099 0.000036 0.000013 0.000005 0.000002 0.000001 0.000000 0.000000 0.000000 0.000000 0.000000
0.042252 0.041848 0.041185 0.040157 0.038844 0.037376 0.035841 0.034283 0.032722 0.031170 0.029633 0.028119 0.026638 0.025199 0.023822 0.022530 0.021369 0.020355 0.019412 0.018489 0.017567 0.016638 0.015701 0.014755 0.013800 0.012836 0.011866 0.010888 0.009905 0.008917 0.007923 0.006927 0.005927 0.004926 0.003926 0.002928 0.001938 0.000967 0.000354 0.000130 0.000047 0.000017 0.000006 0.000002 0.000001 0.000000 0.000000 0.000000 0.000000 0.000000
0.043570 0.042925 0.042067 0.040890 0.039472 0.037932 0.036348 0.034757 0.033175 0.031608 0.030063 0.028545 0.027063 0.025628 0.024258 0.022980 0.021841 0.020840 0.019899 0.018973 0.018047 0.017112 0.016169 0.015217 0.014256 0.013287 0.012310 0.011327 0.010338 0.009344 0.008345 0.007343 0.006338 0.005331 0.004324 0.003318 0.002319 0.001333 0.000519 0.000190 0.000069 0.000025 0.000009 0.000003 0.000001 0.000000 0.000000 0.000000 0.000000 0.000000
0.043164 0.042772 0.042070 0.041009 0.039692 0.038242 0.036732 0.035200 0.033661 0.032128 0.030607 0.029107 0.027638 0.026214 0.024854 0.023588 0.022465 0.021469 0.020525 0.019593 0.018658 0.017715 0.016763 0.015802 0.014833 0.013855 0.012870 0.011879 0.010882 0.009879 0.008873 0.007863 0.006850 0.005835 0.004820 0.003806 0.002796 0.001796 0.000829 0.000303 0.000111 0.000041 0.000015 0.000005 0.000002 0.000001 0.000000 0.000000 0.000000 0.000000
0.044170 0.043840 0.043130 0.042037 0.040689 0.039210 0.037674 0.036115 0.034551 0.032993 0.031449 0.029927 0.028439 0.026997 0.025622 0.024343 0.023210 0.022201 0.021243 0.020296 0.019347 0.018391 0.017427 0.016455 0.015474 0.014486 0.013492 0.012491 0.011485 0.010475 0.009460 0.008442 0.007422 0.006400 0.005377 0.004354 0.003335 0.002322 0.001324 0.000512 0.000187 0.000069 0.000025 0.000009 0.000003 0.000001 0.000000 0.000000 0.000000 0.000000
0.047793 0.046741 0.045476 0.043974 0.042331 0.040639 0.038944 0.037265 0.035608 0.033977 0.032374 0.030805 0.029276 0.027800 0.026395 0.025088 0.023928 0.022900 0.021926 0.020968 0.020009 0.019044 0.018072 0.017092 0.016104 0.015110 0.014110 0.013104 0.012093 0.011078 0.010059 0.009037 0.008012 0.006985 0.005957 0.004929 0.003903 0.002882 0.001870 0.000887 0.000325 0.000119 0.000044 0.000016 0.000006 0.000002 0.000001 0.000000 0.000000 0.000000
0.046210 0.045822 0.044997 0.043804 0.042387 0.040861 0.039286 0.037693 0.036097 0.034508 0.032934 0.031384 0.029867 0.028395 0.026988 0.025673 0.024496 0.023460 0.022486 0.021531 0.020576 0.019615 0.018646 0.017669 0.016685 0.015694 0.014696 0.013692 0.012683 0.011669 0.010651 0.009630 0.008606 0.007579 0.006551 0.005522 0.004494 0.003469 0.002451 0.001446 0.000579 0.000212 0.000078 0.000028 0.000010 0.000004 0.000001 0.000001 0.000000 0.000000
0.047907 0.047039 0.045904 0.044519 0.042991 0.041405 0.039802 0.038200 0.036605 0.035024 0.033459 0.031917 0.030407 0.028940 0.027532 0.026209 0.025014 0.023970 0.023001 0.022056 0.021113 0.020163 0.019206 0.018239 0.017265 0.016282 0.015292 0.014296 0.013294 0.012286 0.011274 0.010257 0.009237 0.008214 0.007188 0.006162 0.005135 0.004109 0.003087 0.002073 0.001080 0.000398 0.000146 0.000053 0.000020 0.000007 0.000003 0.000001 0.000000 0.000000
0.047069 0.046736 0.045941 0.044779 0.043402 0.041918 0.040383 0.038825 0.037260 0.035697 0.034144 0.032609 0.031101 0.029632 0.028218 0.026882 0.025663 0.024601 0.023633 0.022696 0.021763 0.020824 0.019877 0.018920 0.017954 0.016979 0.015997 0.015007 0.014010 0.013008 0.012000 0.010988 0.009971 0.008950 0.007927 0.006901 0.005875 0.004848 0.003823 0.002802 0.001792 0.000823 0.000301 0.000110 0.000040 0.000015 0.000005 0.000002 0.000001 0.000000
0.050720 0.049578 0.048216 0.046661 0.045013 0.043342 0.041678 0.040030 0.038401 0.036793 0.035207 0.033647 0.032119 0.030632 0.029200 0.027844 0.026599 0.025512 0.024533 0.023593 0.022661 0.021723 0.020777 0.019821 0.018856 0.017881 0.016899 0.015909 0.014911 0.013908 0.012899 0.011885 0.010866 0.009843 0.008817 0.007788 0.006758 0.005726 0.004695 0.003666 0.002642 0.001631 0.000700 0.000256 0.000094 0.000034 0.000013 0.000005 0.000002 0.000001
0.049596 0.049183 0.048325 0.047131 0.045743 0.044257 0.042724 0.041168 0.039602 0.038035 0.036474 0.034929 0.033407 0.031919 0.030481 0.029114 0.027851 0.026742 0.025747 0.024793 0.023848 0.022899 0.021942 0.020975 0.019999 0.019014 0.018021 0.017021 0.016015 0.015002 0.013983 0.012960 0.011932 0.010901 0.009866 0.008828 0.007788 0.006747 0.005706 0.004665 0.003627 0.002596 0.001578 0.000662 0.000242 0.000089 0.000032 0.000012 0.000004 0.000002
0.052678 0.051896 0.050772 0.049385 0.047855 0.046263 0.044648 0.043025 0.041403 0.039789 0.038187 0.036605 0.035048 0.033528 0.032058 0.030659 0.029363 0.028218 0.027192 0.026211 0.025241 0.024268 0.023289 0.022302 0.021307 0.020304 0.019294 0.018277 0.017255 0.016227 0.015194 0.014157 0.013116 0.012072 0.011024 0.009974 0.008922 0.007868 0.006814 0.005760 0.004707 0.003658 0.002615 0.001588 0.000666 0.000244 0.000089 0.000033 0.000012 0.000004
0.055830 0.054793 0.053446 0.051871 0.050185 0.048462 0.046736 0.045021 0.043320 0.041638 0.039977 0.038342 0.036739 0.035176 0.033665 0.032225 0.030885 0.029694 0.028632 0.027624 0.026631 0.025638 0.024640 0.023635 0.022623 0.021605 0.020579 0.019548 0.018512 0.017470 0.016424 0.015374 0.014321 0.013264 0.012204 0.011142 0.010078 0.009013 0.007946 0.006880 0.005814 0.004750 0.003690 0.002637 0.001600 0.000670 0.000245 0.000090 0.000033 0.000012
0.056393 0.055569 0.054378 0.052925 0.051333 0.049683 0.048012 0.046336 0.044663 0.042999 0.041349 0.039718 0.038113 0.036542 0.035018 0.033558 0.032187 0.030952 0.029863 0.028842 0.027842 0.026844 0.025841 0.024831 0.023813 0.022788 0.021757 0.020719 0.019675 0.018627 0.017573 0.016516 0.015455 0.014390 0.013323 0.012253 0.011181 0.010107 0.009033 0.007957 0.006882 0.005808 0.004736 0.003667 0.002607 0.001563 0.000643 0.000235 0.000086 0.000032
0.057245 0.056404 0.055230 0.053814 0.052269 0.050667 0.049041 0.047405 0.045766 0.044129 0.042500 0.040883 0.039286 0.037716 0.036185 0.034708 0.033309 0.032024 0.030896 0.029862 0.028860 0.027864 0.026863 0.025855 0.024839 0.023815 0.022783 0.021745 0.020700 0.019650 0.018595 0.017535 0.016472 0.015404 0.014334 0.013260 0.012185 0.011107 0.010028 0.008948 0.007867 0.006787 0.005708 0.004631 0.003558 0.002494 0.001448 0.000572 0.000209 0.000077
0.058202 0.057537 0.056463 0.055098 0.053576 0.051980 0.050349 0.048701 0.047047 0.045394 0.043746 0.042109 0.040489 0.038895 0.037335 0.035823 0.034379 0.033032 0.031833 0.030765 0.029751 0.028751 0.027750 0.026743 0.025728 0.024705 0.023675 0.022638 0.021595 0.020545 0.019491 0.018432 0.017368 0.016301 0.015230 0.014156 0.013080 0.012001 0.010921 0.009839 0.008756 0.007673 0.006591 0.005509 0.004431 0.003357 0.002293 0.001250 0.000470 0.000172
0.061531 0.060313 0.058835 0.057178 0.055442 0.053685 0.051931 0.050188 0.048457 0.046740 0.045038 0.043353 0.041691 0.040055 0.038453 0.036897 0.035402 0.033991 0.032705 0.031578 0.030539 0.029531 0.028528 0.027522 0.026509 0.025488 0.024460 0.023425 0.022384 0.021337 0.020285 0.019228 0.018166 0.017101 0.016031 0.014959 0.013883 0.012806 0.011726 0.010644 0.009561 0.008478 0.007394 0.006311 0.005229 0.004151 0.003078 0.002016 0.000984 0.000360
0.061255 0.060446 0.059250 0.057791 0.056194 0.054535 0.052847 0.051148 0.049445 0.047744 0.046049 0.044365 0.042697 0.041049 0.039431 0.037851 0.036322 0.034866 0.033513 0.032313 0.031243 0.030226 0.029224 0.028221 0.027212 0.026197 0.025173 0.024143 0.023106 0.022062 0.021014 0.019960 0.018901 0.017838 0.016771 0.015700 0.014627 0.013550 0.012472 0.011391 0.010309 0.009225 0.008141 0.007057 0.005974 0.004893 0.003816 0.002745 0.001687 0.000717
0.062533 0.061564 0.060271 0.058757 0.057132 0.055460 0.053769 0.052072 0.050373 0.048677 0.046985 0.045302 0.043632 0.041980 0.040353 0.038759 0.037209 0.035721 0.034320 0.033050 0.031936 0.030906 0.029902 0.028902 0.027899 0.026887 0.025869 0.024842 0.023809 0.022769 0.021723 0.020671 0.019614 0.018553 0.017488 0.016419 0.015346 0.014270 0.013192 0.012111 0.011029 0.009945 0.008860 0.007774 0.006689 0.005605 0.004523 0.003446 0.002377 0.001326
0.063544 0.062588 0.061300 0.059788 0.058163 0.056490 0.054797 0.053098 0.051396 0.049696 0.048001 0.046313 0.044636 0.042976 0.041337 0.039728 0.038159 0.036644 0.035204 0.033874 0.032703 0.031646 0.030633 0.029631 0.028627 0.027616 0.026598 0.025572 0.024538 0.023498 0.022451 0.021399 0.020342 0.019279 0.018212 0.017141 0.016067 0.014989 0.013909 0.012825 0.011740 0.010653 0.009565 0.008476 0.007387 0.006298 0.005211 0.004127 0.003048 0.001981
0.064522 0.063658 0.062424 0.060940 0.059327 0.057658 0.055964 0.054260 0.052552 0.050845 0.049141 0.047443 0.045755 0.044082 0.042429 0.040802 0.039210 0.037667 0.036189 0.034806 0.033565 0.032468 0.031436 0.030424 0.029412 0.028396 0.027372 0.026341 0.025302 0.024257 0.023205 0.022147 0.021084 0.020017 0.018944 0.017868 0.016787 0.015704 0.014618 0.013529 0.012437 0.011344 0.010250 0.009155 0.008059 0.006963 0.005868 0.004776 0.003687 0.002606
0.066630 0.065467 0.064034 0.062421 0.060727 0.059005 0.057276 0.055547 0.053821 0.052098 0.050380 0.048669 0.046966 0.045276 0.043604 0.041955 0.040337 0.038761 0.037243 0.035806 0.034488 0.033329 0.032264 0.031233 0.030208 0.029181 0.028147 0.027105 0.026057 0.025002 0.023940 0.022873 0.021800 0.020723 0.019641 0.018556 0.017466 0.016374 0.015278 0.014180 0.013080 0.011978 0.010875 0.009771 0.008666 0.007561 0.006457 0.005355 0.004255 0.003162
0.066507 0.065800 0.064683 0.063290 0.061747 0.060127 0.058465 0.056777 0.055073 0.053360 0.051640 0.049920 0.048203 0.046494 0.044797 0.043119 0.041468 0.039853 0.038287 0.036789 0.035390 0.034137 0.033020 0.031959 0.030915 0.029873 0.028825 0.027770 0.026709 0.025642 0.024568 0.023489 0.022405 0.021316 0.020223 0.019126 0.018025 0.016922 0.015816 0.014707 0.013597 0.012485 0.011371 0.010257 0.009142 0.008027 0.006913 0.005800 0.004691 0.003585
0.069730 0.068551 0.067075 0.065413 0.063665 0.061885 0.060096 0.058306 0.056517 0.054732 0.052951 0.051176 0.049409 0.047652 0.045910 0.044186 0.042488 0.040822 0.039199 0.037634 0.036150 0.034783 0.033576 0.032470 0.031401 0.030340 0.029278 0.028211 0.027138 0.026058 0.024973 0.023883 0.022787 0.021688 0.020584 0.019476 0.018366 0.017252 0.016136 0.015018 0.013898 0.012776 0.011654 0.010530 0.009406 0.008282 0.007159 0.006038 0.004919 0.003805
0.071195 0.069898 0.068334 0.066601 0.064795 0.062968 0.061138 0.059311 0.057489 0.055672 0.053861 0.052055 0.050257 0.048468 0.046692 0.044932 0.043194 0.041483 0.039809 0.038182 0.036621 0.035152 0.033818 0.032637 0.031532 0.030454 0.029380 0.028304 0.027223 0.026135 0.025043 0.023945 0.022842 0.021735 0.020624 0.019509 0.018392 0.017271 0.016148 0.015023 0.013897 0.012769 0.011640 0.010510 0.009380 0.008250 0.007121 0.005994 0.004870 0.003750
0.069669 0.068949 0.067798 0.066357 0.064757 0.063074 0.061345 0.059586 0.057809 0.056019 0.054221 0.052418 0.050615 0.048815 0.047022 0.045239 0.043473 0.041728 0.040012 0.038335 0.036710 0.035156 0.033702 0.032397 0.031233 0.030129 0.029045 0.027964 0.026880 0.025791 0.024696 0.023596 0.022491 0.021382 0.020269 0.019153 0.018033 0.016910 0.015786 0.014659 0.013530 0.012400 0.011269 0.010137 0.009005 0.007874 0.006744 0.005615 0.004491 0.003372
0.071764 0.070453 0.068880 0.067139 0.065324 0.063483 0.061637 0.059790 0.057945 0.056101 0.054258 0.052417 0.050581 0.048749 0.046925 0.045112 0.043314 0.041534 0.039780 0.038058 0.036379 0.034756 0.033210 0.031774 0.030497 0.029347 0.028247 0.027163 0.026080 0.024994 0.023903 0.022807 0.021706 0.020600 0.019491 0.018378 0.017261 0.016142 0.015020 0.013897 0.012771 0.011644 0.010516 0.009387 0.008259 0.007131 0.006004 0.004880 0.003761 0.002651
0.070780 0.069677 0.068231 0.066563 0.064788 0.062965 0.061123 0.059271 0.057416 0.055559 0.053702 0.051846 0.049993 0.048145 0.046304 0.044472 0.042654 0.040852 0.039071 0.037318 0.035600 0.033929 0.032318 0.030792 0.029386 0.028144 0.027012 0.025922 0.024843 0.023765 0.022683 0.021596 0.020504 0.019408 0.018307 0.017202 0.016094 0.014983 0.013869 0.012753 0.011635 0.010515 0.009395 0.008273 0.007152 0.006033 0.004915 0.003802 0.002698 0.001616
0.069464 0.068352 0.066910 0.065254 0.063494 0.061689 0.059864 0.058030 0.056191 0.054349 0.052505 0.050662 0.048819 0.046980 0.045145 0.043317 0.041499 0.039695 0.037908 0.036143 0.034407 0.032709 0.031060 0.029476 0.027984 0.026624 0.025428 0.024320 0.023244 0.022175 0.021106 0.020032 0.018953 0.017869 0.016780 0.015687 0.014590 0.013490 0.012386 0.011280 0.010172 0.009062 0.007951 0.006840 0.005730 0.004623 0.003521 0.002431 0.001379 0.000537
0.067565 0.066422 0.064980 0.063345 0.061617 0.059852 0.058070 0.056280 0.054484 0.052683 0.050877 0.049068 0.047256 0.045443 0.043631 0.041822 0.040019 0.038225 0.036443 0.034679 0.032937 0.031225 0.029553 0.027934 0.026385 0.024937 0.023638 0.022486 0.021401 0.020338 0.019279 0.018216 0.017149 0.016076 0.014998 0.013915 0.012828 0.011737 0.010643 0.009546 0.008447 0.007346 0.006246 0.005146 0.004051 0.002964 0.001902 0.000911 0.000333 0.000122
0.064681 0.063854 0.062649 0.061195 0.059607 0.057950 0.056254 0.054531 0.052789 0.051030 0.049258 0.047476 0.045685 0.043889 0.042088 0.040287 0.038487 0.036693 0.034907 0.033135 0.031381 0.029651 0.027954 0.026301 0.024705 0.023189 0.021789 0.020552 0.019433 0.018360 0.017299 0.016240 0.015176 0.014107 0.013033 0.011954 0.010870 0.009783 0.008693 0.007601 0.006507 0.005414 0.004324 0.003242 0.002182 0.001185 0.000448 0.000164 0.000060 0.000022
0.064509 0.063427 0.062038 0.060444 0.058747 0.057003 0.055235 0.053452 0.051657 0.049853 0.048039 0.046218 0.044392 0.042561 0.040728 0.038895 0.037065 0.035240 0.033423 0.031619 0.029832 0.028068 0.026332 0.024635 0.022988 0.021408 0.019922 0.018575 0.017387 0.016280 0.015203 0.014133 0.013061 0.011986 0.010906 0.009822 0.008734 0.007644 0.006552 0.005460 0.004371 0.003292 0.002236 0.001247 0.000480 0.000176 0.000064 0.000024 0.000009 0.000003
0.064088 0.063057 0.061645 0.059988 0.058208 0.056371 0.054509 0.052633 0.050751 0.048864 0.046974 0.045082 0.043190 0.041299 0.039410 0.037524 0.035643 0.033771 0.031909 0.030060 0.028228 0.026419 0.024637 0.022890 0.021189 0.019547 0.017984 0.016535 0.015247 0.014086 0.012978 0.011886 0.010798 0.009709 0.008617 0.007522 0.006426 0.005331 0.004239 0.003158 0.002108 0.001133 0.000426 0.000156 0.000057 0.000021 0.000008 0.000003 0.000001 0.000000
0.064663 0.063035 0.061215 0.059275 0.057295 0.055315 0.053347 0.051391 0.049444 0.047503 0.045568 0.043635 0.041706 0.039779 0.037855 0.035936 0.034023 0.032117 0.030222 0.028339 0.026473 0.024627 0.022806 0.021017 0.019269 0.017572 0.015944 0.014410 0.013012 0.011775 0.010626 0.009511 0.008405 0.007302 0.006199 0.005098 0.004001 0.002918 0.001877 0.000920 0.000337 0.000123 0.000045 0.000017 0.000006 0.000002 0.000001 0.000000 0.000000 0.000000
0.059401 0.058774 0.057661 0.056225 0.054607 0.052887 0.051107 0.049286 0.047437 0.045567 0.043681 0.041783 0.039875 0.037962 0.036044 0.034125 0.032206 0.030292 0.028383 0.026484 0.024597 0.022728 0.020879 0.019059 0.017273 0.015532 0.013848 0.012242 0.010744 0.009401 0.008197 0.007055 0.005936 0.004827 0.003727 0.002645 0.001617 0.000704 0.000258 0.000094 0.000035 0.000013 0.000005 0.000002 0.000001 0.000000 0.000000 0.000000 0.000000 0.000000
0.060366 0.058870 0.057170 0.055336 0.053449 0.051548 0.049645 0.047743 0.045838 0.043930 0.042017 0.040098 0.038174 0.036245 0.034314 0.032380 0.030447 0.028515 0.026589 0.024670 0.022762 0.020868 0.018992 0.017140 0.015318 0.013535 0.011800 0.010129 0.008544 0.007080 0.005779 0.004597 0.003470 0.002385 0.001372 0.000545 0.000200 0.000073 0.000027 0.000010 0.000004 0.000001 0.000000 0.000000 0.000000 0.000000 0.000000 0.000000 0.000000 0.000000
0.057357 0.056489 0.055199 0.053626 0.051899 0.050091 0.048237 0.046354 0.044450 0.042531 0.040598 0.038656 0.036705 0.034749 0.032789 0.030827 0.028865 0.026905 0.024950 0.023002 0.021064 0.019139 0.017231 0.015344 0.013485 0.011658 0.009874 0.008144 0.006483 0.004916 0.003479 0.002229 0.001168 0.000437 0.000160 0.000058 0.000021 0.000008 0.000003 0.000001 0.000000 0.000000 0.000000 0.000000 0.000000 0.000000 0.000000 0.000000 0.000000 0.000000
0.057934 0.056648 0.055041 0.053224 0.051303 0.049339 0.047358 0.045370 0.043377 0.041381 0.039383 0.037384 0.035383 0.033382 0.031381 0.029381 0.027385 0.025393 0.023407 0.021429 0.019461 0.017507 0.015569 0.013651 0.011757 0.009894 0.008068 0.006289 0.004568 0.002926 0.001425 0.000522 0.000191 0.000070 0.000026 0.000009 0.000003 0.000001 0.000000 0.000000 0.000000 0.000000 0.000000 0.000000 0.000000 0.000000 0.000000 0.000000 0.000000 0.000000
0.057326 0.055787 0.053992 0.052036 0.050016 0.047981 0.045948 0.043922 0.041903 0.039887 0.037874 0.035863 0.033852 0.031842 0.029833 0.027826 0.025821 0.023820 0.021824 0.019835 0.017856 0.015888 0.013935 0.011999 0.010086 0.008200 0.006347 0.004535 0.002777 0.001192 0.000436 0.000160 0.000058 0.000021 0.000008 0.000003 0.000001 0.000000 0.000000 0.000000 0.000000 0.000000 0.000000 0.000000 0.000000 0.000000 0.000000 0.000000 0.000000 0.000000
0.052805 0.051880 0.050567 0.048994 0.047276 0.045480 0.043638 0.041763 0.039863 0.037943 0.036007 0.034058 0.032097 0.030127 0.028150 0.026168 0.024183 0.022197 0.020212 0.018231 0.016256 0.014290 0.012335 0.010395 0.008475 0.006578 0.004711 0.002884 0.001224 0.000448 0.000164 0.000060 0.000022 0.000008 0.000003 0.000001 0.000000 0.000000 0.000000 0.000000 0.000000 0.000000 0.000000 0.000000 0.000000 0.000000 0.000000 0.000000 0.000000 0.000000
0.051481 0.050493 0.049135 0.047528 0.045785 0.043974 0.042123 0.040245 0.038346 0.036430 0.034498 0.032554 0.030598 0.028634 0.026661 0.024684 0.022702 0.020719 0.018736 0.016755 0.014780 0.012812 0.010854 0.008910 0.006984 0.005080 0.003206 0.001430 0.000523 0.000192 0.000070 0.000026 0.000009 0.000003 0.000001 0.000000 0.000000 0.000000 0.000000 0.000000 0.000000 0.000000 0.000000 0.000000 0.000000 0.000000 0.000000 0.000000 0.000000 0.000000
0.052342 0.050883 0.049164 0.047278 0.045318 0.043335 0.041349 0.039363 0.037379 0.035394 0.033407 0.031419 0.029427 0.027434 0.025438 0.023440 0.021442 0.019446 0.017451 0.015460 0.013475 0.011499 0.009533 0.007580 0.005646 0.003735 0.001864 0.000682 0.000250 0.000091 0.000033 0.000012 0.000004 0.000002 0.000001 0.000000 0.000000 0.000000 0.000000 0.000000 0.000000 0.000000 0.000000 0.000000 0.000000 0.000000 0.000000 0.000000 0.000000 0.000000
0.050073 0.048992 0.047532 0.045818 0.043973 0.042067 0.040129 0.038175 0.036210 0.034237 0.032256 0.030270 0.028278 0.026283 0.024284 0.022283 0.020282 0.018281 0.016281 0.014286 0.012296 0.010314 0.008343 0.006385 0.004445 0.002530 0.000975 0.000357 0.000131 0.000048 0.000017 0.000006 0.000002 0.000001 0.000000 0.000000 0.000000 0.000000 0.000000 0.000000 0.000000 0.000000 0.000000 0.000000 0.000000 0.000000 0.000000 0.000000 0.000000 0.000000
0.048951 0.047739 0.046218 0.044485 0.042647 0.040760 0.038851 0.036927 0.034992 0.033046 0.031090 0.029126 0.027153 0.025173 0.023187 0.021197 0.019203 0.017207 0.015212 0.013218 0.011229 0.009246 0.007273 0.005312 0.003370 0.001505 0.000551 0.000202 0.000074 0.000027 0.000010 0.000004 0.000001 0.000000 0.000000 0.000000 0.000000 0.000000 0.000000 0.000000 0.000000 0.000000 0.000000 0.000000 0.000000 0.000000 0.000000 0.000000 0.000000 0.000000
0.047211 0.046218 0.044856 0.043243 0.041495 0.039675 0.037816 0.035930 0.034023 0.032098 0.030158 0.028204 0.026239 0.024264 0.022281 0.020292 0.018297 0.016300 0.014301 0.012304 0.010310 0.008322 0.006342 0.004376 0.002430 0.000918 0.000336 0.000123 0.000045 0.000016 0.000006 0.000002 0.000001 0.000000 0.000000 0.000000 0.000000 0.000000 0.000000 0.000000 0.000000 0.000000 0.000000 0.000000 0.000000 0.000000 0.000000 0.000000 0.000000 0.000000
0.047464 0.046342 0.044865 0.043147 0.041305 0.039404 0.037473 0.035525 0.033564 0.031592 0.029611 0.027621 0.025624 0.023621 0.021613 0.019601 0.017586 0.015570 0.013555 0.011542 0.009533 0.007531 0.005539 0.003561 0.001636 0.000599 0.000219 0.000080 0.000029 0.000011 0.000004 0.000001 0.000001 0.000000 0.000000 0.000000 0.000000 0.000000 0.000000 0.000000 0.000000 0.000000 0.000000 0.000000 0.000000 0.000000 0.000000 0.000000 0.000000 0.000000
0.048313 0.046856 0.045130 0.043223 0.041233 0.039216 0.037194 0.035171 0.033149 0.031126 0.029102 0.027077 0.025049 0.023019 0.020986 0.018953 0.016919 0.014886 0.012855 0.010828 0.008807 0.006793 0.004790 0.002805 0.001106 0.000405 0.000148 0.000054 0.000020 0.000007 0.000003 0.000001 0.000000 0.000000 0.000000 0.000000 0.000000 0.000000 0.000000 0.000000 0.000000 0.000000 0.000000 0.000000 0.000000 0.000000 0.000000 0.000000 0.000000 0.000000
0.045889 0.044902 0.043510 0.041841 0.040022 0.038129 0.036195 0.034238 0.032263 0.030275 0.028277 0.026271 0.024257 0.022237 0.020212 0.018185 0.016155 0.014125 0.012096 0.010070 0.008049 0.006036 0.004035 0.002055 0.000753 0.000276 0.000101 0.000037 0.000014 0.000005 0.000002 0.000001 0.000000 0.000000 0.000000 0.000000 0.000000 0.000000 0.000000 0.000000 0.000000 0.000000 0.000000 0.000000 0.000000 0.000000 0.000000 0.000000 0.000000 0.000000
0.045658 0.044361 0.042775 0.040989 0.039105 0.037179 0.035234 0.033279 0.031315 0.029343 0.027363 0.025374 0.023379 0.021376 0.019368 0.017356 0.015340 0.013323 0.011306 0.009291 0.007280 0.005277 0.003286 0.001411 0.000517 0.000189 0.000069 0.000025 0.000009 0.000003 0.000001 0.000000 0.000000 0.000000 0.000000 0.000000 0.000000 0.000000 0.000000 0.000000 0.000000 0.000000 0.000000 0.000000 0.000000 0.000000 0.000000 0.000000 0.000000 0.000000
0.043797 0.042801 0.041426 0.039788 0.038008 0.036157 0.034269 0.032357 0.030426 0.028481 0.026524 0.024555 0.022576 0.020589 0.018595 0.016595 0.014591 0.012585 0.010579 0.008575 0.006575 0.004583 0.002605 0.000999 0.000366 0.000134 0.000049 0.000018 0.000007 0.000002 0.000001 0.000000 0.000000 0.000000 0.000000 0.000000 0.000000 0.000000 0.000000 0.000000 0.000000 0.000000 0.000000 0.000000 0.000000 0.000000 0.000000 0.000000 0.000000 0.000000
0.043723 0.042583 0.041102 0.039385 0.037547 0.035653 0.033731 0.031793 0.029843 0.027884 0.025915 0.023939 0.021956 0.019967 0.017972 0.015974 0.013973 0.011971 0.009970 0.007972 0.005979 0.003997 0.002032 0.000745 0.000273 0.000100 0.000037 0.000013 0.000005 0.000002 0.000001 0.000000 0.000000 0.000000 0.000000 0.000000 0.000000 0.000000 0.000000 0.000000 0.000000 0.000000 0.000000 0.000000 0.000000 0.000000 0.000000 0.000000 0.000000 0.000000
0.043708 0.042420 0.040827 0.039028 0.037130 0.035193 0.033239 0.031279 0.029313 0.027343 0.025369 0.023390 0.021406 0.019418 0.017426 0.015432 0.013437 0.011442 0.009449 0.007459 0.005477 0.003506 0.001591 0.000582 0.000213 0.000078 0.000029 0.000010 0.000004 0.000001 0.000001 0.000000 0.000000 0.000000 0.000000 0.000000 0.000000 0.000000 0.000000 0.000000 0.000000 0.000000 0.000000 0.000000 0.000000 0.000000 0.000000 0.000000 0.000000 0.000000
0.042174 0.041098 0.039667 0.037994 0.036195 0.034337 0.032447 0.030540 0.028618 0.026686 0.024743 0.022791 0.020832 0.018866 0.016895 0.014919 0.012941 0.010962 0.008985 0.007012 0.005046 0.003092 0.001292 0.000473 0.000173 0.000063 0.000023 0.000008 0.000003 0.000001 0.000000 0.000000 0.000000 0.000000 0.000000 0.000000 0.000000 0.000000 0.000000 0.000000 0.000000 0.000000 0.000000 0.000000 0.000000 0.000000 0.000000 0.000000 0.000000 0.000000
0.041414 0.040336 0.038921 0.037275 0.035509 0.033683 0.031826 0.029949 0.028055 0.026148 0.024228 0.022297 0.020357 0.018408 0.016453 0.014493 0.012530 0.010566 0.008604 0.006646 0.004696 0.002761 0.001092 0.000400 0.000146 0.000054 0.000020 0.000007 0.000003 0.000001 0.000000 0.000000 0.000000 0.000000 0.000000 0.000000 0.000000 0.000000 0.000000 0.000000 0.000000 0.000000 0.000000 0.000000 0.000000 0.000000 0.000000 0.000000 0.000000 0.000000
0.041234 0.040176 0.038762 0.037105 0.035321 0.033476 0.031600 0.029704 0.027794 0.025873 0.023941 0.022002 0.020055 0.018102 0.016145 0.014185 0.012225 0.010266 0.008310 0.006361 0.004422 0.002502 0.000956 0.000350 0.000128 0.000047 0.000017 0.000006 0.000002 0.000001 0.000000 0.000000 0.000000 0.000000 0.000000 0.000000 0.000000 0.000000 0.000000 0.000000 0.000000 0.000000 0.000000 0.000000 0.000000 0.000000 0.000000 0.000000 0.000000 0.000000
0.041940 0.040671 0.039086 0.037292 0.035398 0.033465 0.031517 0.029564 0.027608 0.025651 0.023693 0.021733 0.019772 0.017810 0.015848 0.013888 0.011930 0.009977 0.008030 0.006093 0.004170 0.002268 0.000846 0.000310 0.000113 0.000042 0.000015 0.000006 0.000002 0.000001 0.000000 0.000000 0.000000 0.000000 0.000000 0.000000 0.000000 0.000000 0.000000 0.000000 0.000000 0.000000 0.000000 0.000000 0.000000 0.000000 0.000000 0.000000 0.000000 0.000000
0.041126 0.039871 0.038307 0.036540 0.034676 0.032773 0.030856 0.028934 0.027009 0.025082 0.023153 0.021221 0.019287 0.017352 0.015417 0.013483 0.011552 0.009625 0.007706 0.005797 0.003903 0.002034 0.000748 0.000274 0.000100 0.000037 0.000013 0.000005 0.000002 0.000001 0.000000 0.000000 0.000000 0.000000 0.000000 0.000000 0.000000 0.000000 0.000000 0.000000 0.000000 0.000000 0.000000 0.000000 0.000000 0.000000 0.000000 0.000000 0.000000 0.000000
0.038883 0.037937 0.036630 0.035075 0.033386 0.031631 0.029840 0.028026 0.026195 0.024348 0.022490 0.020621 0.018744 0.016859 0.014971 0.013080 0.011189 0.009302 0.007421 0.005550 0.003696 0.001867 0.000684 0.000250 0.000092 0.000034 0.000012 0.000004 0.000002 0.000001 0.000000 0.000000 0.000000 0.000000 0.000000 0.000000 0.000000 0.000000 0.000000 0.000000 0.000000 0.000000 0.000000 0.000000 0.000000 0.000000 0.000000 0.000000 0.000000 0.000000
0.038271 0.037402 0.036151 0.034637 0.032982 0.031255 0.029488 0.027694 0.025882 0.024054 0.022213 0.020363 0.018504 0.016639 0.014771 0.012902 0.011034 0.009172 0.007318 0.005476 0.003653 0.001860 0.000682 0.000250 0.000091 0.000033 0.000012 0.000004 0.000002 0.000001 0.000000 0.000000 0.000000 0.000000 0.000000 0.000000 0.000000 0.000000 0.000000 0.000000 0.000000 0.000000 0.000000 0.000000 0.000000 0.000000 0.000000 0.000000 0.000000 0.000000
0.040136 0.038822 0.037226 0.035451 0.033597 0.031716 0.029830 0.027946 0.026063 0.024182 0.022302 0.020424 0.018547 0.016671 0.014799 0.012931 0.011070 0.009218 0.007380 0.005558 0.003760 0.001996 0.000738 0.000270 0.000099 0.000036 0.000013 0.000005 0.000002 0.000001 0.000000 0.000000 0.000000 0.000000 0.000000 0.000000 0.000000 0.000000 0.000000 0.000000 0.000000 0.000000 0.000000 0.000000 0.000000 0.000000 0.000000 0.000000 0.000000 0.000000
0.039634 0.038411 0.036883 0.035158 0.033343 0.031495 0.029638 0.027778 0.025919 0.024061 0.022203 0.020345 0.018488 0.016633 0.014781 0.012934 0.011095 0.009266 0.007452 0.005657 0.003888 0.002155 0.000814 0.000298 0.000109 0.000040 0.000015 0.000005 0.000002 0.000001 0.000000 0.000000 0.000000 0.000000 0.000000 0.000000 0.000000 0.000000 0.000000 0.000000 0.000000 0.000000 0.000000 0.000000 0.000000 0.000000 0.000000 0.000000 0.000000 0.000000
0.037619 0.036734 0.035489 0.034001 0.032385 0.030703 0.028984 0.027241 0.025478 0.023701 0.021912 0.020112 0.018305 0.016492 0.014678 0.012864 0.011055 0.009253 0.007465 0.005696 0.003952 0.002245 0.000863 0.000316 0.000116 0.000042 0.000015 0.000006 0.000002 0.000001 0.000000 0.000000 0.000000 0.000000 0.000000 0.000000 0.000000 0.000000 0.000000 0.000000 0.000000 0.000000 0.000000 0.000000 0.000000 0.000000 0.000000 0.000000 0.000000 0.000000
