0.121552 0.122951 0.124324 0.125669 0.126987 0.128277 0.129539 0.130772 0.131975 0.133146 0.134286 0.135391 0.136459 0.137488 0.138475 0.139415 0.140305 0.141139 0.141911 0.142616 0.143244 0.143788 0.144237 0.144580 0.144804 0.144893 0.144832 0.144601 0.144177 0.143536 0.142648 0.141481 0.139995 0.138146 0.136298 0.134505 0.132768 0.131089 0.129471 0.127914 0.126420 0.124993 0.123633 0.122343 0.121126 0.119984 0.118920 0.117938 0.117039 0.116228 0.115508 0.114883 0.114356 0.113932 0.113614 0.113408 0.113317 0.113347 0.113502 0.113788
0.108190 0.109566 0.110884 0.112139 0.113332 0.114458 0.115516 0.116501 0.117410 0.118239 0.118983 0.119635 0.120189 0.120638 0.120972 0.121181 0.121255 0.121179 0.120939 0.120518 0.119896 0.119053 0.117962 0.116594 0.114918 0.112894 0.110665 0.108478 0.106331 0.104227 0.102164 0.100144 0.098166 0.096232 0.094341 0.092494 0.090692 0.088936 0.087225 0.085562 0.083945 0.082377 0.080858 0.079389 0.077970 0.076604 0.075289 0.074029 0.072823 0.071672 0.070577 0.069541 0.068562 0.067643 0.066785 0.065989 0.065255 0.064586 0.063981 0.063443
0.137069 0.138581 0.140093 0.141608 0.143124 0.144645 0.146170 0.147701 0.149237 0.150780 0.152330 0.153887 0.155449 0.157018 0.158592 0.160169 0.161748 0.163326 0.164902 0.166472 0.168032 0.169577 0.171102 0.172600 0.174064 0.175486 0.176855 0.178159 0.179386 0.180520 0.181541 0.182430 0.183161 0.183705 0.184029 0.184091 0.183845 0.183233 0.182261 0.181388 0.180618 0.179955 0.179405 0.178973 0.178664 0.178485 0.178442 0.178541 0.178789 0.179194 0.179761 0.180499 0.181416 0.182518 0.183813 0.185309 0.187011 0.188927 0.191062 0.193421
0.108621 0.110167 0.111649 0.113066 0.114415 0.115695 0.116900 0.118029 0.119075 0.120033 0.120897 0.121659 0.122309 0.122836 0.123229 0.123472 0.123549 0.123442 0.123128 0.122581 0.121774 0.120671 0.119235 0.117420 0.115347 0.113327 0.111359 0.109444 0.107584 0.105780 0.104032 0.102342 0.100711 0.099140 0.097631 0.096184 0.094802 0.093486 0.092237 0.091057 0.089949 0.088913 0.087952 0.087067 0.086262 0.085537 0.084894 0.084337 0.083867 0.083487 0.083199 0.083005 0.082908 0.082911 0.083015 0.083224 0.083540 0.083967 0.084506 0.085160
0.141379 0.142044 0.142709 0.143377 0.144049 0.144725 0.145407 0.146096 0.146792 0.147497 0.148210 0.148933 0.149665 0.150407 0.151158 0.151918 0.152686 0.153460 0.154239 0.155020 0.155803 0.156582 0.157356 0.158119 0.158866 0.159591 0.160288 0.160949 0.161564 0.162123 0.162613 0.163021 0.163330 0.163520 0.163571 0.163456 0.163145 0.162603 0.161790 0.160658 0.159148 0.157300 0.155536 0.153861 0.152275 0.150784 0.149391 0.148098 0.146910 0.145830 0.144862 0.144010 0.143276 0.142666 0.142183 0.141829 0.141611 0.141529 0.141589 0.141793
0.106897 0.106597 0.106255 0.105871 0.105444 0.104972 0.104454 0.103890 0.103277 0.102613 0.101895 0.101121 0.100288 0.099390 0.098425 0.097385 0.096267 0.095062 0.093763 0.092362 0.090849 0.089213 0.087442 0.085521 0.083436 0.081168 0.078699 0.076006 0.073064 0.069845 0.066317 0.062443 0.058265 0.054083 0.049891 0.045681 0.041441 0.037160 0.032818 0.028392 0.023846 0.019124 0.014129 0.008666 0.002179 0.000000 0.000000 0.000000 0.000000 0.000000 0.000000 0.000000 0.000000 0.000000 0.000000 0.000000 0.000000 0.000000 0.000000 0.000000
0.136207 0.134587 0.132936 0.131253 0.129538 0.127790 0.126008 0.124192 0.122341 0.120453 0.118527 0.116560 0.114552 0.112499 0.110399 0.108248 0.106043 0.103781 0.101455 0.099062 0.096595 0.094048 0.091414 0.088685 0.085851 0.082904 0.079831 0.076621 0.073260 0.069732 0.066022 0.062109 0.057974 0.053592 0.048936 0.043976 0.038676 0.032992 0.027060 0.020959 0.014580 0.007679 0.000000 0.000000 0.000000 0.000000 0.000000 0.000000 0.000000 0.000000 0.000000 0.000000 0.000000 0.000000 0.000000 0.000000 0.000000 0.000000 0.000000 0.000000
0.127586 0.124539 0.121448 0.118312 0.115129 0.111899 0.108619 0.105288 0.101906 0.098469 0.094976 0.091425 0.087815 0.084141 0.080403 0.076597 0.072719 0.068767 0.064736 0.060623 0.056421 0.052127 0.047733 0.043232 0.038615 0.033869 0.028978 0.023915 0.018637 0.013057 0.006964 0.000000 0.000000 0.000000 0.000000 0.000000 0.000000 0.000000 0.000000 0.000000 0.000000 0.000000 0.000000 0.000000 0.000000 0.000000 0.000000 0.000000 0.000000 0.000000 0.000000 0.000000 0.000000 0.000000 0.000000 0.000000 0.000000 0.000000 0.000000 0.000000
0.136207 0.131357 0.126461 0.121516 0.116521 0.111472 0.106367 0.101203 0.095978 0.090688 0.085331 0.079901 0.074397 0.068812 0.063142 0.057381 0.051521 0.045554 0.039467 0.033242 0.026852 0.020248 0.013327 0.005819 0.000000 0.000000 0.000000 0.000000 0.000000 0.000000 0.000000 0.000000 0.000000 0.000000 0.000000 0.000000 0.000000 0.000000 0.000000 0.000000 0.000000 0.000000 0.000000 0.000000 0.000000 0.000000 0.000000 0.000000 0.000000 0.000000 0.000000 0.000000 0.000000 0.000000 0.000000 0.000000 0.000000 0.000000 0.000000 0.000000
0.156466 0.150410 0.144295 0.138116 0.131871 0.125556 0.119168 0.112702 0.106154 0.099520 0.092795 0.085972 0.079047 0.072011 0.064856 0.057573 0.050150 0.042569 0.034808 0.026826 0.018553 0.009814 0.000000 0.000000 0.000000 0.000000 0.000000 0.000000 0.000000 0.000000 0.000000 0.000000 0.000000 0.000000 0.000000 0.000000 0.000000 0.000000 0.000000 0.000000 0.000000 0.000000 0.000000 0.000000 0.000000 0.000000 0.000000 0.000000 0.000000 0.000000 0.000000 0.000000 0.000000 0.000000 0.000000 0.000000 0.000000 0.000000 0.000000 0.000000
0.151293 0.144551 0.137775 0.130963 0.124115 0.117229 0.110302 0.103335 0.096325 0.089269 0.082166 0.075012 0.067804 0.060537 0.053205 0.045798 0.038301 0.030691 0.022924 0.014906 0.006377 0.000000 0.000000 0.000000 0.000000 0.000000 0.000000 0.000000 0.000000 0.000000 0.000000 0.000000 0.000000 0.000000 0.000000 0.000000 0.000000 0.000000 0.000000 0.000000 0.000000 0.000000 0.000000 0.000000 0.000000 0.000000 0.000000 0.000000 0.000000 0.000000 0.000000 0.000000 0.000000 0.000000 0.000000 0.000000 0.000000 0.000000 0.000000 0.000000
0.142672 0.134629 0.126505 0.118295 0.109993 0.101593 0.093087 0.084467 0.075725 0.066848 0.057823 0.048631 0.039245 0.029623 0.019681 0.009218 0.000000 0.000000 0.000000 0.000000 0.000000 0.000000 0.000000 0.000000 0.000000 0.000000 0.000000 0.000000 0.000000 0.000000 0.000000 0.000000 0.000000 0.000000 0.000000 0.000000 0.000000 0.000000 0.000000 0.000000 0.000000 0.000000 0.000000 0.000000 0.000000 0.000000 0.000000 0.000000 0.000000 0.000000 0.000000 0.000000 0.000000 0.000000 0.000000 0.000000 0.000000 0.000000 0.000000 0.000000
0.147845 0.139110 0.130242 0.121233 0.112072 0.102748 0.093250 0.083562 0.073670 0.063552 0.053184 0.042531 0.031541 0.020119 0.008024 0.000000 0.000000 0.000000 0.000000 0.000000 0.000000 0.000000 0.000000 0.000000 0.000000 0.000000 0.000000 0.000000 0.000000 0.000000 0.000000 0.000000 0.000000 0.000000 0.000000 0.000000 0.000000 0.000000 0.000000 0.000000 0.000000 0.000000 0.000000 0.000000 0.000000 0.000000 0.000000 0.000000 0.000000 0.000000 0.000000 0.000000 0.000000 0.000000 0.000000 0.000000 0.000000 0.000000 0.000000 0.000000
0.184914 0.176054 0.167155 0.158214 0.149230 0.140199 0.131119 0.121986 0.112797 0.103549 0.094235 0.084852 0.075392 0.065848 0.056207 0.046455 0.036565 0.026491 0.016128 0.005175 0.000000 0.000000 0.000000 0.000000 0.000000 0.000000 0.000000 0.000000 0.000000 0.000000 0.000000 0.000000 0.000000 0.000000 0.000000 0.000000 0.000000 0.000000 0.000000 0.000000 0.000000 0.000000 0.000000 0.000000 0.000000 0.000000 0.000000 0.000000 0.000000 0.000000 0.000000 0.000000 0.000000 0.000000 0.000000 0.000000 0.000000 0.000000 0.000000 0.000000
0.193966 0.185279 0.176552 0.167782 0.158967 0.150105 0.141192 0.132226 0.123205 0.114123 0.104978 0.095765 0.086479 0.077114 0.067662 0.058112 0.048451 0.038654 0.028683 0.018452 0.007734 0.000000 0.000000 0.000000 0.000000 0.000000 0.000000 0.000000 0.000000 0.000000 0.000000 0.000000 0.000000 0.000000 0.000000 0.000000 0.000000 0.000000 0.000000 0.000000 0.000000 0.000000 0.000000 0.000000 0.000000 0.000000 0.000000 0.000000 0.000000 0.000000 0.000000 0.000000 0.000000 0.000000 0.000000 0.000000 0.000000 0.000000 0.000000 0.000000
0.197845 0.190223 0.182534 0.174774 0.166943 0.159035 0.151049 0.142981 0.134827 0.126583 0.118245 0.109807 0.101265 0.092611 0.083840 0.074941 0.065907 0.056722 0.047371 0.037828 0.028047 0.017942 0.007272 0.000000 0.000000 0.000000 0.000000 0.000000 0.000000 0.000000 0.000000 0.000000 0.000000 0.000000 0.000000 0.000000 0.000000 0.000000 0.000000 0.000000 0.000000 0.000000 0.000000 0.000000 0.000000 0.000000 0.000000 0.000000 0.000000 0.000000 0.000000 0.000000 0.000000 0.000000 0.000000 0.000000 0.000000 0.000000 0.000000 0.000000
0.212931 0.206665 0.200397 0.194127 0.187858 0.181589 0.175322 0.169058 0.162798 0.156544 0.150298 0.144060 0.137832 0.131617 0.125415 0.119228 0.113059 0.106909 0.100780 0.094674 0.088593 0.082540 0.076516 0.070522 0.064561 0.058633 0.052740 0.046879 0.041049 0.035242 0.029446 0.023636 0.017764 0.011722 0.005219 0.000000 0.000000 0.000000 0.000000 0.000000 0.000000 0.000000 0.000000 0.000000 0.000000 0.000000 0.000000 0.000000 0.000000 0.000000 0.000000 0.000000 0.000000 0.000000 0.000000 0.000000 0.000000 0.000000 0.000000 0.000000
0.261207 0.256372 0.251591 0.246867 0.242205 0.237608 0.233080 0.228626 0.224248 0.219953 0.215743 0.211626 0.207604 0.203684 0.199871 0.196170 0.192587 0.189128 0.185798 0.182604 0.179551 0.176647 0.173897 0.171308 0.168886 0.166638 0.164570 0.162690 0.161004 0.159519 0.158240 0.157176 0.156332 0.155716 0.155333 0.155190 0.155294 0.155651 0.156268 0.157152 0.158308 0.159743 0.161465 0.163479 0.165794 0.168417 0.171356 0.174620 0.178220 0.182169 0.186479 0.191168 0.196256 0.201768 0.207735 0.214198 0.221208 0.228833 0.237162 0.246313
0.235345 0.231741 0.228157 0.224596 0.221060 0.217551 0.214072 0.210625 0.207213 0.203840 0.200508 0.197220 0.193981 0.190792 0.187659 0.184585 0.181573 0.178629 0.175755 0.172957 0.170240 0.167606 0.165063 0.162613 0.160264 0.158018 0.155883 0.153864 0.151965 0.150193 0.148553 0.147052 0.145695 0.144488 0.143437 0.142548 0.141829 0.141284 0.140920 0.140744 0.140761 0.140979 0.141403 0.142039 0.142896 0.143978 0.145293 0.146848 0.148649 0.150704 0.153020 0.155605 0.158469 0.161620 0.165070 0.168829 0.172913 0.177336 0.182119 0.187282
0.225862 0.224328 0.222806 0.221299 0.219809 0.218340 0.216894 0.215474 0.214083 0.212724 0.211401 0.210118 0.208877 0.207684 0.206540 0.205452 0.204422 0.203455 0.202554 0.201725 0.200972 0.200298 0.199710 0.199210 0.198803 0.198495 0.198290 0.198192 0.198207 0.198339 0.198592 0.198972 0.199483 0.200131 0.200919 0.201852 0.202936 0.204175 0.205575 0.207138 0.208872 0.210781 0.212869 0.215142 0.217605 0.220264 0.223125 0.226193 0.229476 0.232980 0.236712 0.240682 0.244897 0.249367 0.254101 0.259107 0.264392 0.269959 0.275802 0.281905
0.256897 0.256651 0.256479 0.256384 0.256372 0.256448 0.256618 0.256887 0.257260 0.257744 0.258345 0.259069 0.259923 0.260912 0.262044 0.263325 0.264761 0.266361 0.268130 0.270076 0.272206 0.274526 0.277043 0.279766 0.282699 0.285851 0.289228 0.292837 0.296685 0.300779 0.305125 0.309730 0.314600 0.319743 0.325166 0.330875 0.336879 0.343184 0.349801 0.356737 0.364005 0.371616 0.379585 0.387928 0.396668 0.405831 0.415452 0.425573 0.436256 0.447578 0.459651 0.472627 0.486721 0.502228 0.519529 0.539003 0.560748 0.584114 0.607749 0.630426
0.272845 0.274027 0.275255 0.276533 0.277865 0.279257 0.280712 0.282237 0.283835 0.285514 0.287277 0.289131 0.291082 0.293134 0.295293 0.297567 0.299959 0.302477 0.305127 0.307914 0.310844 0.313925 0.317161 0.320559 0.324126 0.327867 0.331790 0.335900 0.340204 0.344709 0.349423 0.354351 0.359502 0.364885 0.370506 0.376377 0.382508 0.388909 0.395596 0.402583 0.409888 0.417534 0.425546 0.433955 0.442799 0.452123 0.461978 0.472417 0.483492 0.495233 0.507616 0.520521 0.533688 0.546702 0.559043 0.570167 0.579579 0.586856 0.592018 0.596401
0.290086 0.291720 0.293408 0.295155 0.296964 0.298842 0.300794 0.302823 0.304937 0.307141 0.309439 0.311839 0.314345 0.316964 0.319702 0.322566 0.325561 0.328693 0.331970 0.335397 0.338982 0.342730 0.346649 0.350744 0.355024 0.359493 0.364159 0.369030 0.374110 0.379409 0.384932 0.390687 0.396682 0.402923 0.409420 0.416181 0.423216 0.430534 0.438148 0.446072 0.454320 0.462910 0.471866 0.481214 0.490989 0.501233 0.512000 0.523360 0.535403 0.548239 0.561998 0.576816 0.592786 0.609868 0.627766 0.645876 0.663422 0.679675 0.694081 0.706236
0.226724 0.228938 0.231116 0.233260 0.235374 0.237457 0.239513 0.241542 0.243547 0.245528 0.247488 0.249426 0.251344 0.253242 0.255119 0.256977 0.258814 0.260629 0.262421 0.264188 0.265928 0.267638 0.269314 0.270952 0.272548 0.274096 0.275590 0.277022 0.278384 0.279667 0.280860 0.281949 0.282922 0.283763 0.284453 0.284972 0.285297 0.285402 0.285256 0.284824 0.284067 0.282940 0.281390 0.279797 0.278244 0.276732 0.275262 0.273834 0.272450 0.271109 0.269813 0.268563 0.267360 0.266204 0.265097 0.264039 0.263031 0.262074 0.261170 0.260318
0.284052 0.286618 0.289246 0.291942 0.294711 0.297559 0.300491 0.303512 0.306630 0.309851 0.313179 0.316623 0.320188 0.323881 0.327709 0.331679 0.335796 0.340070 0.344505 0.349110 0.353891 0.358855 0.364010 0.369361 0.374918 0.380685 0.386671 0.392882 0.399325 0.406007 0.412935 0.420117 0.427559 0.435269 0.443255 0.451524 0.460086 0.468950 0.478126 0.487626 0.497464 0.507656 0.518221 0.529183 0.540571 0.552424 0.564790 0.577732 0.591336 0.605713 0.621015 0.637437 0.655214 0.674578 0.695626 0.718088 0.741199 0.763953 0.785521 0.805377
0.296983 0.299528 0.302151 0.304858 0.307655 0.310547 0.313541 0.316644 0.319861 0.323200 0.326667 0.330269 0.334013 0.337905 0.341955 0.346167 0.350551 0.355112 0.359859 0.364798 0.369938 0.375284 0.380845 0.386628 0.392638 0.398884 0.405371 0.412107 0.419098 0.426350 0.433870 0.441662 0.449734 0.458091 0.466739 0.475684 0.484931 0.494487 0.504358 0.514552 0.525075 0.535937 0.547146 0.558715 0.570658 0.582991 0.595737 0.608921 0.622581 0.636763 0.651531 0.666973 0.683212 0.700426 0.718872 0.738917 0.761059 0.785835 0.813399 0.842531
0.236638 0.239620 0.242620 0.245642 0.248690 0.251769 0.254884 0.258039 0.261239 0.264489 0.267795 0.271161 0.274593 0.278095 0.281674 0.285335 0.289083 0.292923 0.296863 0.300906 0.305059 0.309327 0.313717 0.318234 0.322883 0.327672 0.332604 0.337688 0.342928 0.348330 0.353900 0.359644 0.365568 0.371678 0.377981 0.384481 0.391186 0.398102 0.405235 0.412593 0.420181 0.428008 0.436082 0.444412 0.453007 0.461877 0.471036 0.480496 0.490274 0.500388 0.510859 0.521712 0.532976 0.544684 0.556868 0.569564 0.582798 0.596578 0.610876 0.625605
0.259483 0.262485 0.265538 0.268646 0.271813 0.275047 0.278352 0.281734 0.285198 0.288752 0.292400 0.296149 0.300005 0.303974 0.308063 0.312279 0.316627 0.321116 0.325750 0.330537 0.335484 0.340597 0.345883 0.351349 0.357002 0.362848 0.368894 0.375147 0.381613 0.388299 0.395211 0.402356 0.409741 0.417371 0.425254 0.433396 0.441803 0.450484 0.459445 0.468693 0.478238 0.488088 0.498253 0.508745 0.519577 0.530765 0.542327 0.554285 0.566667 0.579508 0.592850 0.606749 0.621274 0.636513 0.652574 0.669587 0.687689 0.706994 0.727520 0.749097
0.249138 0.251761 0.254416 0.257106 0.259837 0.262612 0.265436 0.268315 0.271253 0.274256 0.277329 0.280478 0.283707 0.287023 0.290432 0.293940 0.297552 0.301275 0.305115 0.309079 0.313174 0.317404 0.321779 0.326303 0.330984 0.335829 0.340844 0.346036 0.351412 0.356980 0.362744 0.368713 0.374893 0.381290 0.387911 0.394763 0.401851 0.409182 0.416762 0.424596 0.432692 0.441056 0.449692 0.458607 0.467807 0.477298 0.487088 0.497183 0.507590 0.518318 0.529377 0.540776 0.552529 0.564650 0.577157 0.590073 0.603423 0.617243 0.631576 0.646476
0.271552 0.274172 0.276835 0.279545 0.282308 0.285128 0.288011 0.290963 0.293989 0.297095 0.300288 0.303572 0.306955 0.310444 0.314045 0.317764 0.321609 0.325587 0.329706 0.333971 0.338391 0.342973 0.347724 0.352653 0.357765 0.363069 0.368572 0.374282 0.380204 0.386347 0.392718 0.399322 0.406167 0.413258 0.420602 0.428205 0.436072 0.444209 0.452620 0.461310 0.470284 0.479546 0.489101 0.498950 0.509100 0.519551 0.530309 0.541376 0.552755 0.564450 0.576463 0.588800 0.601463 0.614458 0.627791 0.641468 0.655497 0.669890 0.684659 0.699822
0.248276 0.251424 0.254618 0.257864 0.261166 0.264531 0.267965 0.271474 0.275063 0.278739 0.282509 0.286380 0.290357 0.294449 0.298661 0.303001 0.307476 0.312094 0.316861 0.321785 0.326873 0.332132 0.337570 0.343194 0.349012 0.355030 0.361255 0.367695 0.374356 0.381244 0.388367 0.395730 0.403340 0.411202 0.419323 0.427706 0.436358 0.445283 0.454486 0.463971 0.473742 0.483804 0.494160 0.504814 0.515770 0.527031 0.538601 0.550483 0.562682 0.575203 0.588049 0.601228 0.614745 0.628609 0.642829 0.657417 0.672389 0.687762 0.703561 0.719815
0.243966 0.247143 0.250369 0.253650 0.256992 0.260401 0.263882 0.267442 0.271088 0.274825 0.278662 0.282604 0.286658 0.290832 0.295133 0.299568 0.304145 0.308870 0.313752 0.318797 0.324014 0.329410 0.334992 0.340768 0.346744 0.352929 0.359329 0.365951 0.372803 0.379889 0.387217 0.394793 0.402622 0.410711 0.419063 0.427685 0.436580 0.445754 0.455209 0.464949 0.474979 0.485300 0.495916 0.506829 0.518041 0.529554 0.541371 0.553492 0.565920 0.578656 0.591702 0.605060 0.618733 0.632722 0.647030 0.661663 0.676624 0.691920 0.707558 0.723549
0.223276 0.226199 0.229112 0.232022 0.234931 0.237844 0.240766 0.243701 0.246655 0.249632 0.252636 0.255674 0.258750 0.261870 0.265039 0.268263 0.271548 0.274899 0.278322 0.281824 0.285412 0.289091 0.292869 0.296751 0.300746 0.304859 0.309099 0.313473 0.317987 0.322649 0.327468 0.332449 0.337601 0.342931 0.348447 0.354157 0.360067 0.366184 0.372517 0.379072 0.385855 0.392874 0.400135 0.407644 0.415406 0.423428 0.431714 0.440270 0.449101 0.458209 0.467600 0.477277 0.487243 0.497501 0.508054 0.518904 0.530052 0.541500 0.553251 0.565304
0.228448 0.231343 0.234267 0.237224 0.240219 0.243258 0.246347 0.249491 0.252697 0.255970 0.259316 0.262743 0.266257 0.269864 0.273571 0.277386 0.281316 0.285367 0.289549 0.293868 0.298331 0.302948 0.307725 0.312670 0.317792 0.323097 0.328595 0.334292 0.340196 0.346315 0.352656 0.359226 0.366032 0.373080 0.380378 0.387930 0.395744 0.403824 0.412175 0.420802 0.429708 0.438899 0.448377 0.458145 0.468206 0.478561 0.489213 0.500162 0.511410 0.522956 0.534801 0.546945 0.559386 0.572125 0.585158 0.598486 0.612106 0.626016 0.640215 0.654699
0.220259 0.223791 0.227369 0.230997 0.234684 0.238435 0.242258 0.246158 0.250145 0.254225 0.258404 0.262692 0.267095 0.271622 0.276279 0.281076 0.286019 0.291117 0.296379 0.301811 0.307422 0.313220 0.319213 0.325408 0.331813 0.338435 0.345282 0.352361 0.359677 0.367238 0.375050 0.383119 0.391449 0.400046 0.408915 0.418059 0.427483 0.437190 0.447183 0.457464 0.468036 0.478899 0.490056 0.501506 0.513251 0.525290 0.537623 0.550249 0.563167 0.576376 0.589873 0.603658 0.617728 0.632079 0.646711 0.661621 0.676804 0.692260 0.707984 0.723974
0.150000 0.153357 0.156693 0.160015 0.163328 0.166637 0.169949 0.173269 0.176604 0.179959 0.183340 0.186754 0.190206 0.193704 0.197254 0.200862 0.204535 0.208281 0.212106 0.216017 0.220022 0.224129 0.228344 0.232677 0.237134 0.241723 0.246453 0.251332 0.256368 0.261568 0.266942 0.272497 0.278241 0.284183 0.290329 0.296689 0.303268 0.310076 0.317118 0.324402 0.331934 0.339721 0.347768 0.356080 0.364663 0.373522 0.382660 0.392082 0.401790 0.411788 0.422078 0.432662 0.443541 0.454717 0.466189 0.477959 0.490025 0.502387 0.515044 0.527995
0.153448 0.156486 0.159489 0.162463 0.165412 0.168342 0.171257 0.174163 0.177063 0.179964 0.182869 0.185785 0.188716 0.191668 0.194645 0.197655 0.200701 0.203790 0.206929 0.210123 0.213378 0.216701 0.220098 0.223577 0.227144 0.230806 0.234571 0.238446 0.242439 0.246557 0.250809 0.255201 0.259744 0.264443 0.269308 0.274347 0.279569 0.284980 0.290589 0.296405 0.302435 0.308688 0.315169 0.321888 0.328850 0.336063 0.343533 0.351266 0.359269 0.367545 0.376101 0.384940 0.394067 0.403485 0.413198 0.423206 0.433514 0.444122 0.455031 0.466243
0.166810 0.169735 0.172634 0.175513 0.178377 0.181229 0.184075 0.186919 0.189767 0.192623 0.195491 0.198378 0.201288 0.204227 0.207200 0.210213 0.213271 0.216380 0.219547 0.222777 0.226077 0.229454 0.232915 0.236465 0.240113 0.243866 0.247731 0.251716 0.255828 0.260075 0.264466 0.269008 0.273709 0.278578 0.283624 0.288853 0.294274 0.299896 0.305726 0.311773 0.318044 0.324546 0.331287 0.338274 0.345514 0.353013 0.360777 0.368812 0.377124 0.385716 0.394594 0.403761 0.413221 0.422976 0.433030 0.443383 0.454038 0.464995 0.476256 0.487818
0.154310 0.157319 0.160276 0.163187 0.166057 0.168891 0.171693 0.174468 0.177221 0.179955 0.182676 0.185388 0.188096 0.190803 0.193516 0.196238 0.198973 0.201728 0.204507 0.207316 0.210158 0.213040 0.215968 0.218947 0.221983 0.225082 0.228250 0.231493 0.234819 0.238234 0.241745 0.245360 0.249085 0.252928 0.256897 0.260999 0.265243 0.269636 0.274188 0.278905 0.283796 0.288870 0.294134 0.299597 0.305268 0.311153 0.317262 0.323601 0.330178 0.337001 0.344077 0.351411 0.359011 0.366882 0.375030 0.383460 0.392176 0.401184 0.410485 0.420084
0.092241 0.094918 0.097446 0.099831 0.102075 0.104182 0.106153 0.107989 0.109690 0.111256 0.112685 0.113974 0.115122 0.116124 0.116976 0.117673 0.118210 0.118578 0.118770 0.118777 0.118589 0.118194 0.117578 0.116728 0.115626 0.114254 0.112589 0.110735 0.108878 0.107016 0.105150 0.103280 0.101406 0.099528 0.097645 0.095759 0.093869 0.091974 0.090075 0.088171 0.086262 0.084349 0.082430 0.080505 0.078575 0.076638 0.074695 0.072745 0.070787 0.068821 0.066847 0.064863 0.062869 0.060864 0.058848 0.056819 0.054775 0.052717 0.050642 0.048548
0.131466 0.134346 0.137154 0.139894 0.142572 0.145190 0.147754 0.150266 0.152730 0.155149 0.157525 0.159863 0.162163 0.164431 0.166666 0.168874 0.171054 0.173212 0.175347 0.177464 0.179565 0.181651 0.183726 0.185791 0.187850 0.189905 0.191959 0.194013 0.196072 0.198138 0.200215 0.202304 0.204410 0.206535 0.208684 0.210860 0.213066 0.215308 0.217588 0.219911 0.222282 0.224705 0.227185 0.229728 0.232338 0.235021 0.237784 0.240630 0.243568 0.246603 0.249742 0.252992 0.256359 0.259852 0.263476 0.267241 0.271154 0.275222 0.279454 0.283858
0.111207 0.113664 0.115986 0.118176 0.120237 0.122169 0.123973 0.125649 0.127196 0.128611 0.129893 0.131038 0.132043 0.132901 0.133608 0.134157 0.134541 0.134751 0.134777 0.134607 0.134231 0.133632 0.132796 0.131705 0.130337 0.128838 0.127335 0.125828 0.124318 0.122805 0.121288 0.119767 0.118244 0.116718 0.115189 0.113657 0.112123 0.110585 0.109045 0.107502 0.105957 0.104408 0.102857 0.101303 0.099746 0.098186 0.096623 0.095057 0.093487 0.091915 0.090338 0.088758 0.087175 0.085587 0.083995 0.082399 0.080799 0.079193 0.077583 0.075967
0.105172 0.107595 0.109865 0.111986 0.113959 0.115784 0.117460 0.118987 0.120359 0.121575 0.122630 0.123517 0.124230 0.124760 0.125099 0.125236 0.125159 0.124854 0.124305 0.123495 0.122404 0.121038 0.119667 0.118290 0.116909 0.115522 0.114132 0.112737 0.111338 0.109936 0.108529 0.107119 0.105705 0.104288 0.102867 0.101443 0.100015 0.098584 0.097150 0.095712 0.094271 0.092826 0.091377 0.089925 0.088469 0.087009 0.085545 0.084077 0.082605 0.081128 0.079647 0.078160 0.076669 0.075172 0.073670 0.072161 0.070647 0.069126 0.067598 0.066063
0.121983 0.124562 0.126966 0.129202 0.131271 0.133176 0.134916 0.136489 0.137894 0.139127 0.140183 0.141056 0.141737 0.142219 0.142491 0.142540 0.142353 0.141915 0.141206 0.140207 0.139095 0.137975 0.136849 0.135717 0.134580 0.133437 0.132289 0.131136 0.129980 0.128818 0.127653 0.126485 0.125312 0.124137 0.122958 0.121776 0.120591 0.119404 0.118213 0.117020 0.115824 0.114626 0.113425 0.112222 0.111016 0.109808 0.108598 0.107385 0.106170 0.104952 0.103732 0.102510 0.101285 0.100058 0.098829 0.097596 0.096362 0.095124 0.093884 0.092641
0.108190 0.110562 0.112730 0.114696 0.116463 0.118028 0.119391 0.120546 0.121487 0.122207 0.122695 0.122940 0.122927 0.122642 0.122064 0.121172 0.120236 0.119290 0.118334 0.117370 0.116397 0.115417 0.114430 0.113436 0.112435 0.111429 0.110417 0.109400 0.108378 0.107352 0.106320 0.105284 0.104244 0.103200 0.102153 0.101101 0.100045 0.098986 0.097924 0.096858 0.095788 0.094715 0.093639 0.092559 0.091476 0.090390 0.089300 0.088207 0.087110 0.086010 0.084907 0.083800 0.082689 0.081575 0.080456 0.079334 0.078208 0.077078 0.075943 0.074804
0.092241 0.094582 0.096746 0.098732 0.100543 0.102176 0.103628 0.104894 0.105968 0.106842 0.107507 0.107952 0.108164 0.108129 0.107828 0.107244 0.106435 0.105616 0.104789 0.103953 0.103110 0.102260 0.101403 0.100539 0.099669 0.098794 0.097913 0.097028 0.096137 0.095241 0.094341 0.093436 0.092527 0.091614 0.090697 0.089776 0.088851 0.087922 0.086990 0.086053 0.085113 0.084170 0.083222 0.082271 0.081316 0.080357 0.079395 0.078429 0.077459 0.076484 0.075506 0.074524 0.073538 0.072547 0.071552 0.070552 0.069548 0.068539 0.067525 0.066506
0.064224 0.066358 0.068233 0.069853 0.071222 0.072336 0.073189 0.073775 0.074080 0.074091 0.073791 0.073185 0.072556 0.071908 0.071241 0.070558 0.069858 0.069144 0.068415 0.067674 0.066920 0.066153 0.065375 0.064586 0.063787 0.062976 0.062156 0.061325 0.060484 0.059634 0.058774 0.057904 0.057024 0.056135 0.055235 0.054326 0.053407 0.052477 0.051536 0.050585 0.049622 0.048648 0.047662 0.046664 0.045652 0.044627 0.043588 0.042533 0.041463 0.040376 0.039272 0.038148 0.037004 0.035838 0.034649 0.033434 0.032191 0.030917 0.029610 0.028265
0.064655 0.066721 0.068486 0.069955 0.071129 0.072002 0.072566 0.072809 0.072713 0.072322 0.071905 0.071463 0.071000 0.070518 0.070018 0.069500 0.068968 0.068421 0.067862 0.067289 0.066705 0.066109 0.065503 0.064887 0.064261 0.063626 0.062982 0.062328 0.061667 0.060997 0.060318 0.059632 0.058938 0.058235 0.057525 0.056807 0.056081 0.055347 0.054605 0.053855 0.053097 0.052330 0.051555 0.050771 0.049979 0.049177 0.048365 0.047544 0.046712 0.045870 0.045018 0.044153 0.043277 0.042388 0.041486 0.040571 0.039640 0.038694 0.037732 0.036752
0.094397 0.096483 0.098244 0.099682 0.100794 0.101571 0.102001 0.102067 0.102005 0.101917 0.101806 0.101674 0.101524 0.101357 0.101175 0.100979 0.100771 0.100552 0.100323 0.100084 0.099837 0.099581 0.099319 0.099049 0.098774 0.098492 0.098205 0.097914 0.097617 0.097316 0.097011 0.096703 0.096391 0.096075 0.095756 0.095434 0.095110 0.094783 0.094453 0.094121 0.093787 0.093450 0.093112 0.092772 0.092429 0.092085 0.091740 0.091393 0.091044 0.090694 0.090342 0.089989 0.089635 0.089280 0.088923 0.088565 0.088206 0.087845 0.087484 0.087122
0.091379 0.093545 0.095400 0.096945 0.098177 0.099087 0.099661 0.099881 0.100041 0.100175 0.100288 0.100380 0.100456 0.100515 0.100560 0.100592 0.100613 0.100622 0.100623 0.100614 0.100597 0.100573 0.100542 0.100504 0.100461 0.100412 0.100358 0.100300 0.100238 0.100171 0.100101 0.100027 0.099951 0.099871 0.099789 0.099704 0.099616 0.099527 0.099435 0.099341 0.099246 0.099149 0.099050 0.098950 0.098849 0.098746 0.098642 0.098537 0.098431 0.098324 0.098217 0.098108 0.097999 0.097888 0.097778 0.097666 0.097554 0.097442 0.097329 0.097215
0.081034 0.083086 0.084721 0.085944 0.086752 0.087223 0.087648 0.088033 0.088384 0.088706 0.089001 0.089275 0.089528 0.089763 0.089983 0.090189 0.090381 0.090563 0.090734 0.090896 0.091050 0.091196 0.091335 0.091467 0.091594 0.091716 0.091832 0.091945 0.092053 0.092158 0.092259 0.092357 0.092453 0.092546 0.092636 0.092725 0.092811 0.092896 0.092979 0.093061 0.093142 0.093221 0.093299 0.093377 0.093453 0.093529 0.093604 0.093679 0.093753 0.093826 0.093900 0.093973 0.094046 0.094119 0.094192 0.094264 0.094337 0.094410 0.094483 0.094556
0.118534 0.120892 0.122940 0.124676 0.126094 0.127181 0.127923 0.128589 0.129230 0.129848 0.130445 0.131025 0.131588 0.132137 0.132672 0.133196 0.133709 0.134212 0.134706 0.135192 0.135670 0.136141 0.136606 0.137065 0.137519 0.137968 0.138412 0.138852 0.139288 0.139720 0.140149 0.140574 0.140997 0.141417 0.141835 0.142250 0.142663 0.143074 0.143483 0.143890 0.144296 0.144700 0.145103 0.145504 0.145905 0.146304 0.146702 0.147099 0.147495 0.147890 0.148285 0.148678 0.149071 0.149464 0.149856 0.150247 0.150638 0.151028 0.151418 0.151808
0.097414 0.099578 0.101407 0.102893 0.104021 0.104827 0.105604 0.106356 0.107086 0.107797 0.108492 0.109171 0.109838 0.110492 0.111137 0.111772 0.112398 0.113017 0.113629 0.114235 0.114836 0.115432 0.116023 0.116610 0.117193 0.117773 0.118351 0.118925 0.119497 0.120067 0.120636 0.121202 0.121767 0.122330 0.122893 0.123454 0.124015 0.124574 0.125133 0.125692 0.126250 0.126808 0.127365 0.127922 0.128479 0.129036 0.129593 0.130150 0.130707 0.131265 0.131822 0.132380 0.132938 0.133497 0.134055 0.134614 0.135174 0.135734 0.136294 0.136855
0.078448 0.080896 0.082938 0.084577 0.085806 0.086908 0.087970 0.088996 0.089993 0.090964 0.091912 0.092842 0.093754 0.094652 0.095536 0.096409 0.097272 0.098125 0.098971 0.099809 0.100640 0.101466 0.102287 0.103103 0.103915 0.104723 0.105527 0.106329 0.107128 0.107925 0.108720 0.109513 0.110304 0.111094 0.111883 0.112671 0.113458 0.114244 0.115029 0.115814 0.116598 0.117382 0.118166 0.118950 0.119734 0.120518 0.121302 0.122086 0.122870 0.123654 0.124439 0.125224 0.126010 0.126796 0.127582 0.128369 0.129156 0.129944 0.130732 0.131521
0.109914 0.112245 0.114218 0.115823 0.117137 0.118418 0.119671 0.120900 0.122108 0.123296 0.124469 0.125627 0.126772 0.127906 0.129029 0.130143 0.131249 0.132347 0.133439 0.134525 0.135605 0.136680 0.137750 0.138817 0.139879 0.140939 0.141995 0.143048 0.144099 0.145147 0.146193 0.147238 0.148280 0.149321 0.150360 0.151398 0.152435 0.153471 0.154505 0.155539 0.156572 0.157604 0.158636 0.159667 0.160697 0.161727 0.162756 0.163785 0.164814 0.165842 0.166870 0.167898 0.168926 0.169953 0.170980 0.172007 0.173034 0.174061 0.175088 0.176115
0.114224 0.116858 0.119093 0.120923 0.122515 0.124066 0.125582 0.127069 0.128530 0.129969 0.131389 0.132792 0.134180 0.135554 0.136917 0.138269 0.139612 0.140946 0.142273 0.143592 0.144905 0.146213 0.147515 0.148813 0.150106 0.151396 0.152682 0.153964 0.155244 0.156521 0.157795 0.159068 0.160338 0.161606 0.162872 0.164137 0.165400 0.166661 0.167922 0.169181 0.170439 0.171697 0.172953 0.174208 0.175463 0.176717 0.177970 0.179223 0.180475 0.181726 0.182977 0.184227 0.185477 0.186727 0.187976 0.189225 0.190473 0.191721 0.192969 0.194217
0.105172 0.107921 0.110319 0.112353 0.114077 0.115770 0.117437 0.119082 0.120707 0.122315 0.123908 0.125489 0.127057 0.128615 0.130164 0.131705 0.133239 0.134766 0.136287 0.137803 0.139314 0.140821 0.142324 0.143823 0.145319 0.146813 0.148303 0.149792 0.151278 0.152762 0.154245 0.155725 0.157205 0.158683 0.160160 0.161635 0.163110 0.164584 0.166057 0.167529 0.169001 0.170472 0.171942 0.173412 0.174882 0.176351 0.177819 0.179288 0.180756 0.182223 0.183691 0.185158 0.186625 0.188091 0.189558 0.191024 0.192490 0.193956 0.195421 0.196887
0.098276 0.101134 0.103643 0.105791 0.107744 0.109668 0.111567 0.113444 0.115303 0.117146 0.118974 0.120790 0.122595 0.124390 0.126176 0.127955 0.129727 0.131492 0.133252 0.135007 0.136757 0.138503 0.140246 0.141985 0.143721 0.145454 0.147185 0.148913 0.150640 0.152364 0.154087 0.155808 0.157527 0.159246 0.160963 0.162678 0.164393 0.166107 0.167820 0.169532 0.171243 0.172954 0.174664 0.176373 0.178081 0.179789 0.181497 0.183204 0.184910 0.186616 0.188322 0.190027 0.191732 0.193436 0.195140 0.196844 0.198547 0.200249 0.201952 0.203653
0.071121 0.073728 0.075912 0.078045 0.080137 0.082195 0.084226 0.086234 0.088222 0.090194 0.092152 0.094097 0.096032 0.097958 0.099876 0.101788 0.103694 0.105595 0.107491 0.109384 0.111273 0.113160 0.115045 0.116927 0.118808 0.120687 0.122565 0.124442 0.126318 0.128194 0.130069 0.131944 0.133819 0.135694 0.137568 0.139443 0.141318 0.143194 0.145069 0.146945 0.148822 0.150699 0.152576 0.154454 0.156332 0.158211 0.160091 0.161971 0.163851 0.165732 0.167614 0.169497 0.171380 0.173263 0.175147 0.177032 0.178917 0.180803 0.182690 0.184576
0.092672 0.095422 0.097786 0.100117 0.102420 0.104699 0.106957 0.109198 0.111424 0.113637 0.115839 0.118031 0.120214 0.122390 0.124559 0.126722 0.128880 0.131033 0.133183 0.135328 0.137471 0.139611 0.141748 0.143883 0.146015 0.148147 0.150276 0.152404 0.154532 0.156658 0.158783 0.160907 0.163030 0.165153 0.167276 0.169398 0.171519 0.173641 0.175761 0.177882 0.180003 0.182123 0.184243 0.186363 0.188483 0.190603 0.192723 0.194842 0.196962 0.199081 0.201201 0.203320 0.205440 0.207559 0.209678 0.211797 0.213916 0.216035 0.218154 0.220273
0.091379 0.094425 0.097075 0.099629 0.102151 0.104648 0.107124 0.109581 0.112022 0.114450 0.116866 0.119272 0.121668 0.124057 0.126438 0.128814 0.131184 0.133550 0.135911 0.138269 0.140623 0.142974 0.145323 0.147669 0.150014 0.152356 0.154698 0.157037 0.159376 0.161713 0.164050 0.166386 0.168721 0.171055 0.173389 0.175723 0.178056 0.180389 0.182722 0.185054 0.187387 0.189719 0.192051 0.194383 0.196715 0.199047 0.201379 0.203711 0.206042 0.208374 0.210706 0.213038 0.215370 0.217702 0.220033 0.222365 0.224697 0.227029 0.229360 0.231692
0.106897 0.110084 0.112924 0.115734 0.118517 0.121278 0.124021 0.126746 0.129458 0.132157 0.134845 0.137523 0.140193 0.142856 0.145511 0.148160 0.150804 0.153443 0.156078 0.158709 0.161336 0.163960 0.166581 0.169199 0.171815 0.174428 0.177040 0.179650 0.182258 0.184864 0.187469 0.190072 0.192675 0.195276 0.197876 0.200475 0.203073 0.205670 0.208266 0.210861 0.213456 0.216049 0.218642 0.221235 0.223826 0.226417 0.229007 0.231597 0.234185 0.236774 0.239361 0.241948 0.244534 0.247119 0.249704 0.252288 0.254871 0.257454 0.260036 0.262617
0.103017 0.106491 0.109582 0.112621 0.115633 0.118620 0.121588 0.124538 0.127473 0.130395 0.133305 0.136205 0.139097 0.141980 0.144856 0.147726 0.150591 0.153450 0.156305 0.159156 0.162003 0.164847 0.167687 0.170525 0.173361 0.176194 0.179026 0.181855 0.184683 0.187509 0.190334 0.193157 0.195979 0.198801 0.201621 0.204440 0.207258 0.210075 0.212892 0.215708 0.218523 0.221337 0.224151 0.226965 0.229777 0.232589 0.235401 0.238211 0.241022 0.243832 0.246641 0.249449 0.252258 0.255065 0.257872 0.260678 0.263484 0.266289 0.269094 0.271898
0.098276 0.102090 0.105587 0.108823 0.112041 0.115242 0.118429 0.121603 0.124767 0.127922 0.131068 0.134206 0.137338 0.140465 0.143586 0.146702 0.149813 0.152922 0.156026 0.159127 0.162226 0.165322 0.168415 0.171507 0.174596 0.177684 0.180770 0.183854 0.186937 0.190019 0.193100 0.196179 0.199258 0.202335 0.205412 0.208487 0.211562 0.214636 0.217709 0.220782 0.223854 0.226925 0.229996 0.233066 0.236135 0.239204 0.242272 0.245339 0.248406 0.251472 0.254538 0.257603 0.260667 0.263730 0.266793 0.269856 0.272917 0.275978 0.279038 0.282097
0.093534 0.097440 0.100985 0.104453 0.107898 0.111322 0.114730 0.118122 0.121501 0.124868 0.128225 0.131573 0.134912 0.138244 0.141570 0.144889 0.148202 0.151511 0.154815 0.158114 0.161410 0.164702 0.167991 0.171277 0.174560 0.177841 0.181119 0.184396 0.187670 0.190942 0.194213 0.197482 0.200750 0.204016 0.207281 0.210545 0.213808 0.217070 0.220331 0.223592 0.226851 0.230110 0.233368 0.236626 0.239883 0.243140 0.246396 0.249651 0.252907 0.256161 0.259416 0.262670 0.265924 0.269177 0.272430 0.275683 0.278935 0.282187 0.285439 0.288691
0.116379 0.120675 0.124638 0.128494 0.132326 0.136138 0.139931 0.143709 0.147473 0.151225 0.154965 0.158696 0.162418 0.166132 0.169838 0.173538 0.177232 0.180920 0.184603 0.188282 0.191956 0.195627 0.199293 0.202956 0.206616 0.210273 0.213927 0.217578 0.221227 0.224873 0.228517 0.232159 0.235799 0.239436 0.243072 0.246706 0.250339 0.253969 0.257598 0.261226 0.264852 0.268476 0.272098 0.275720 0.279339 0.282958 0.286574 0.290190 0.293804 0.297416 0.301027 0.304637 0.308245 0.311852 0.315457 0.319061 0.322663 0.326264 0.329863 0.333461
0.096552 0.100955 0.105087 0.109193 0.113277 0.117342 0.121390 0.125424 0.129445 0.133454 0.137453 0.141443 0.145424 0.149398 0.153364 0.157324 0.161278 0.165227 0.169171 0.173110 0.177045 0.180976 0.184903 0.188826 0.192746 0.196664 0.200578 0.204489 0.208398 0.212305 0.216209 0.220111 0.224011 0.227909 0.231805 0.235699 0.239592 0.243483 0.247372 0.251260 0.255146 0.259031 0.262914 0.266796 0.270676 0.274556 0.278434 0.282310 0.286186 0.290060 0.293933 0.297804 0.301675 0.305544 0.309412 0.313279 0.317144 0.321008 0.324871 0.328733
0.101724 0.106441 0.110839 0.115176 0.119491 0.123787 0.128066 0.132329 0.136578 0.140815 0.145039 0.149253 0.153457 0.157652 0.161838 0.166016 0.170186 0.174349 0.178505 0.182654 0.186798 0.190935 0.195067 0.199194 0.203316 0.207433 0.211545 0.215653 0.219757 0.223856 0.227952 0.232044 0.236132 0.240217 0.244298 0.248376 0.252452 0.256524 0.260593 0.264660 0.268724 0.272785 0.276844 0.280901 0.284955 0.289008 0.293058 0.297106 0.301152 0.305196 0.309239 0.313279 0.317318 0.321356 0.325392 0.329426 0.333459 0.337490 0.341520 0.345549
0.111207 0.116521 0.121580 0.126371 0.131134 0.135879 0.140608 0.145323 0.150024 0.154714 0.159394 0.164063 0.168724 0.173377 0.178022 0.182660 0.187292 0.191917 0.196537 0.201152 0.205761 0.210366 0.214966 0.219562 0.224154 0.228742 0.233326 0.237907 0.242484 0.247058 0.251629 0.256197 0.260762 0.265324 0.269883 0.274439 0.278993 0.283544 0.288093 0.292639 0.297182 0.301723 0.306262 0.310798 0.315331 0.319863 0.324392 0.328918 0.333442 0.337964 0.342483 0.347000 0.351515 0.356027 0.360537 0.365045 0.369550 0.374052 0.378552 0.383050
0.098707 0.104153 0.109294 0.114228 0.119135 0.124016 0.128875 0.133713 0.138531 0.143331 0.148113 0.152879 0.157629 0.162364 0.167083 0.171789 0.176480 0.181157 0.185821 0.190471 0.195108 0.199732 0.204343 0.208940 0.213524 0.218095 0.222652 0.227196 0.231726 0.236242 0.240744 0.245232 0.249705 0.254162 0.258604 0.263029 0.267438 0.271830 0.276204 0.280559 0.284894 0.289208 0.293500 0.297769 0.302014 0.306231 0.310420 0.314577 0.318700 0.322785 0.326828 0.330823 0.334764 0.338641 0.342443 0.346154 0.349752 0.353200 0.356444 0.359378
0.135776 0.141656 0.147325 0.152777 0.158178 0.163563 0.168932 0.174287 0.179628 0.184958 0.190278 0.195587 0.200886 0.206177 0.211460 0.216735 0.222004 0.227265 0.232520 0.237768 0.243011 0.248249 0.253481 0.258708 0.263930 0.269148 0.274361 0.279569 0.284773 0.289973 0.295169 0.300361 0.305549 0.310734 0.315914 0.321091 0.326264 0.331434 0.336600 0.341763 0.346922 0.352078 0.357230 0.362379 0.367524 0.372667 0.377805 0.382941 0.388072 0.393201 0.398326 0.403448 0.408566 0.413681 0.418792 0.423900 0.429005 0.434105 0.439203 0.444297
0.122414 0.128391 0.134148 0.139785 0.145402 0.151002 0.156584 0.162152 0.167705 0.173246 0.178775 0.184293 0.189800 0.195298 0.200787 0.206267 0.211739 0.217203 0.222660 0.228110 0.233553 0.238990 0.244421 0.249846 0.255265 0.260680 0.266089 0.271493 0.276892 0.282287 0.287678 0.293064 0.298446 0.303824 0.309198 0.314569 0.319935 0.325298 0.330658 0.336014 0.341367 0.346716 0.352062 0.357405 0.362745 0.368082 0.373416 0.378747 0.384074 0.389399 0.394721 0.400040 0.405356 0.410670 0.415980 0.421288 0.426592 0.431894 0.437193 0.442489
0.134052 0.140491 0.146769 0.152882 0.158824 0.164723 0.170607 0.176477 0.182334 0.188179 0.194013 0.199837 0.205651 0.211456 0.217252 0.223041 0.228822 0.234595 0.240362 0.246122 0.251875 0.257623 0.263365 0.269101 0.274832 0.280557 0.286278 0.291993 0.297704 0.303410 0.309112 0.314809 0.320502 0.326191 0.331876 0.337556 0.343233 0.348905 0.354574 0.360238 0.365899 0.371556 0.377209 0.382858 0.388504 0.394146 0.399784 0.405418 0.411048 0.416675 0.422298 0.427917 0.433533 0.439145 0.444753 0.450357 0.455957 0.461553 0.467146 0.472735
0.127155 0.133727 0.140110 0.146298 0.152311 0.158301 0.164272 0.170223 0.176157 0.182075 0.187977 0.193865 0.199739 0.205600 0.211448 0.217285 0.223111 0.228926 0.234731 0.240525 0.246311 0.252087 0.257854 0.263613 0.269363 0.275106 0.280841 0.286568 0.292289 0.298002 0.303708 0.309408 0.315102 0.320789 0.326471 0.332147 0.337817 0.343481 0.349140 0.354794 0.360443 0.366088 0.371727 0.377362 0.382992 0.388618 0.394239 0.399857 0.405470 0.411080 0.416685 0.422287 0.427885 0.433480 0.439071 0.444658 0.450243 0.455824 0.461402 0.466976
0.145259 0.151908 0.158408 0.164761 0.170975 0.177168 0.183344 0.189502 0.195645 0.201774 0.207890 0.213993 0.220085 0.226166 0.232237 0.238299 0.244351 0.250394 0.256430 0.262458 0.268478 0.274491 0.280497 0.286497 0.292491 0.298478 0.304459 0.310435 0.316405 0.322369 0.328329 0.334283 0.340231 0.346175 0.352114 0.358048 0.363980 0.369913 0.375849 0.381792 0.387745 0.393713 0.399700 0.405709 0.411745 0.417813 0.423919 0.430068 0.436265 0.442518 0.448832 0.455216 0.461676 0.468221 0.474859 0.481599 0.488451 0.495425 0.502531 0.509781
0.164224 0.170698 0.177023 0.183200 0.189227 0.195226 0.201206 0.207168 0.213113 0.219043 0.224959 0.230861 0.236750 0.242628 0.248495 0.254350 0.260196 0.266032 0.271860 0.277678 0.283489 0.289291 0.295086 0.300874 0.306655 0.312430 0.318198 0.323960 0.329716 0.335467 0.341212 0.346952 0.352686 0.358416 0.364141 0.369861 0.375577 0.381289 0.387001 0.392716 0.398438 0.404169 0.409914 0.415676 0.421462 0.427274 0.433118 0.439000 0.444924 0.450899 0.456929 0.463022 0.469185 0.475427 0.481755 0.488179 0.494707 0.501351 0.508119 0.515024
0.187500 0.193817 0.200049 0.206199 0.212273 0.218272 0.224201 0.230063 0.235859 0.241592 0.247302 0.253001 0.258690 0.264368 0.270038 0.275699 0.281351 0.286996 0.292632 0.298262 0.303885 0.309502 0.315118 0.320737 0.326363 0.332003 0.337660 0.343341 0.349051 0.354797 0.360585 0.366421 0.372314 0.378272 0.384301 0.390413 0.396614 0.402916 0.409329 0.415864 0.422531 0.429343 0.436312 0.443451 0.450774 0.458294 0.466026 0.473984 0.482183 0.490637 0.499363 0.508374 0.517687 0.527317 0.537277 0.547582 0.558246 0.569283 0.580703 0.592520
0.144828 0.150300 0.155531 0.160703 0.165831 0.170915 0.175955 0.180951 0.185902 0.190806 0.195660 0.200461 0.205206 0.209887 0.214499 0.219029 0.223465 0.227787 0.231963 0.235945 0.239647 0.242890 0.245171 0.247206 0.249223 0.251222 0.253207 0.255176 0.257131 0.259073 0.261003 0.262922 0.264829 0.266726 0.268613 0.270490 0.272358 0.274218 0.276070 0.277913 0.279749 0.281578 0.283401 0.285216 0.287025 0.288828 0.290626 0.292417 0.294203 0.295984 0.297760 0.299532 0.301298 0.303060 0.304818 0.306572 0.308322 0.310068 0.311810 0.313549
0.179310 0.184762 0.190154 0.195493 0.200786 0.206039 0.211260 0.216455 0.221632 0.226796 0.231955 0.237116 0.242286 0.247474 0.252686 0.257931 0.263219 0.268557 0.273955 0.279424 0.284973 0.290613 0.296356 0.302213 0.308196 0.314320 0.320596 0.327038 0.333662 0.340481 0.347511 0.354767 0.362265 0.370021 0.378049 0.386368 0.394991 0.403935 0.413215 0.422845 0.432840 0.443214 0.453978 0.465146 0.476727 0.488731 0.501167 0.514042 0.527363 0.541133 0.555357 0.570037 0.585173 0.600765 0.616812 0.633312 0.650259 0.667651 0.685482 0.703744
0.189655 0.194132 0.198514 0.202803 0.207003 0.211115 0.215140 0.219134 0.223112 0.227074 0.231021 0.234954 0.238873 0.242780 0.246673 0.250555 0.254426 0.258285 0.262134 0.265972 0.269800 0.273619 0.277429 0.281229 0.285021 0.288808 0.292593 0.296380 0.300171 0.303972 0.307785 0.311615 0.315467 0.319345 0.323254 0.327200 0.331188 0.335225 0.339317 0.343470 0.347693 0.351992 0.356375 0.360852 0.365432 0.370124 0.374937 0.379883 0.384973 0.390218 0.395629 0.401221 0.407004 0.412993 0.419200 0.425641 0.432327 0.439274 0.446496 0.454007
0.203448 0.206955 0.210448 0.213934 0.217417 0.220903 0.224396 0.227902 0.231427 0.234975 0.238554 0.242168 0.245824 0.249529 0.253290 0.257113 0.261007 0.264978 0.269034 0.273185 0.277439 0.281804 0.286290 0.290906 0.295663 0.300570 0.305637 0.310876 0.316297 0.321911 0.327729 0.333762 0.340020 0.346516 0.353259 0.360260 0.367530 0.375077 0.382912 0.391043 0.399478 0.408225 0.417289 0.426676 0.436390 0.446436 0.456813 0.467523 0.478565 0.489935 0.501627 0.513635 0.525948 0.538549 0.551421 0.564534 0.577851 0.591312 0.604824 0.618210
0.178448 0.180619 0.182696 0.184682 0.186582 0.188395 0.190150 0.191887 0.193606 0.195308 0.196994 0.198665 0.200321 0.201963 0.203590 0.205204 0.206805 0.208392 0.209966 0.211528 0.213078 0.214615 0.216140 0.217653 0.219154 0.220645 0.222128 0.223604 0.225075 0.226543 0.228009 0.229475 0.230941 0.232410 0.233883 0.235360 0.236843 0.238332 0.239829 0.241332 0.242844 0.244363 0.245889 0.247421 0.248959 0.250499 0.252041 0.253580 0.255113 0.256635 0.258139 0.259618 0.261061 0.262457 0.263791 0.265044 0.266194 0.267209 0.268052 0.268671
0.178017 0.178703 0.179339 0.179931 0.180483 0.181000 0.181485 0.181942 0.182376 0.182792 0.183192 0.183581 0.183964 0.184345 0.184728 0.185118 0.185520 0.185938 0.186377 0.186843 0.187340 0.187874 0.188451 0.189077 0.189758 0.190499 0.191309 0.192192 0.193158 0.194211 0.195361 0.196615 0.197981 0.199466 0.201079 0.202829 0.204724 0.206772 0.208982 0.211362 0.213921 0.216667 0.219608 0.222752 0.226105 0.229675 0.233467 0.237485 0.241734 0.246216 0.250931 0.255877 0.261051 0.266444 0.272042 0.277827 0.283767 0.289817 0.295901 0.301886
0.199138 0.198235 0.197355 0.196505 0.195693 0.194926 0.194212 0.193559 0.192977 0.192474 0.192059 0.191742 0.191535 0.191446 0.191488 0.191672 0.192009 0.192512 0.193193 0.194066 0.195142 0.196435 0.197959 0.199726 0.201751 0.204047 0.206627 0.209504 0.212690 0.216198 0.220039 0.224226 0.228767 0.233673 0.238953 0.244614 0.250664 0.257109 0.263954 0.271201 0.278855 0.286918 0.295388 0.304267 0.313553 0.323242 0.333332 0.343817 0.354690 0.365947 0.377578 0.389575 0.401927 0.414624 0.427653 0.441000 0.454649 0.468583 0.482781 0.497216
0.176724 0.174145 0.171523 0.168861 0.166158 0.163415 0.160633 0.157810 0.154947 0.152040 0.149087 0.146085 0.143029 0.139913 0.136731 0.133472 0.130124 0.126674 0.123136 0.119534 0.115856 0.112090 0.108213 0.104198 0.099998 0.095535 0.090654 0.084951 0.078610 0.072224 0.065792 0.059308 0.052767 0.046158 0.039465 0.032666 0.025719 0.018553 0.011006 0.002602 0.000000 0.000000 0.000000 0.000000 0.000000 0.000000 0.000000 0.000000 0.000000 0.000000 0.000000 0.000000 0.000000 0.000000 0.000000 0.000000 0.000000 0.000000 0.000000 0.000000
0.174138 0.170017 0.165883 0.161738 0.157586 0.153431 0.149275 0.145124 0.140978 0.136843 0.132720 0.128612 0.124522 0.120452 0.116402 0.112375 0.108371 0.104388 0.100425 0.096478 0.092542 0.088609 0.084668 0.080702 0.076689 0.072596 0.068375 0.063954 0.059217 0.053949 0.047664 0.040093 0.031783 0.023284 0.014474 0.005018 0.000000 0.000000 0.000000 0.000000 0.000000 0.000000 0.000000 0.000000 0.000000 0.000000 0.000000 0.000000 0.000000 0.000000 0.000000 0.000000 0.000000 0.000000 0.000000 0.000000 0.000000 0.000000 0.000000 0.000000
0.207328 0.201751 0.196245 0.190819 0.185480 0.180239 0.175105 0.170088 0.165198 0.160447 0.155846 0.151406 0.147140 0.143060 0.139179 0.135511 0.132067 0.128862 0.125910 0.123222 0.120813 0.118695 0.116881 0.115383 0.114213 0.113382 0.112901 0.112779 0.113023 0.113642 0.114642 0.116026 0.117799 0.119962 0.122515 0.125458 0.128787 0.132497 0.136582 0.141031 0.145834 0.150973 0.156428 0.162174 0.168174 0.174377 0.180707 0.187030 0.193066 0.198217 0.203451 0.208771 0.214181 0.219686 0.225289 0.230992 0.236801 0.242717 0.248743 0.254882
0.176293 0.169164 0.162045 0.154933 0.147830 0.140733 0.133641 0.126550 0.119458 0.112357 0.105240 0.098096 0.090912 0.083669 0.076342 0.068894 0.061276 0.053413 0.045184 0.036374 0.026512 0.015199 0.003176 0.000000 0.000000 0.000000 0.000000 0.000000 0.000000 0.000000 0.000000 0.000000 0.000000 0.000000 0.000000 0.000000 0.000000 0.000000 0.000000 0.000000 0.000000 0.000000 0.000000 0.000000 0.000000 0.000000 0.000000 0.000000 0.000000 0.000000 0.000000 0.000000 0.000000 0.000000 0.000000 0.000000 0.000000 0.000000 0.000000 0.000000
0.164224 0.156197 0.148042 0.139746 0.131293 0.122747 0.114133 0.105441 0.096654 0.087752 0.078705 0.069467 0.059965 0.050063 0.039457 0.027677 0.015575 0.002743 0.000000 0.000000 0.000000 0.000000 0.000000 0.000000 0.000000 0.000000 0.000000 0.000000 0.000000 0.000000 0.000000 0.000000 0.000000 0.000000 0.000000 0.000000 0.000000 0.000000 0.000000 0.000000 0.000000 0.000000 0.000000 0.000000 0.000000 0.000000 0.000000 0.000000 0.000000 0.000000 0.000000 0.000000 0.000000 0.000000 0.000000 0.000000 0.000000 0.000000 0.000000 0.000000
0.213793 0.205182 0.196647 0.188195 0.179832 0.171566 0.163404 0.155355 0.147426 0.139627 0.131966 0.124452 0.117095 0.109905 0.102890 0.096060 0.089425 0.082993 0.076773 0.070775 0.065004 0.059468 0.054170 0.049112 0.044293 0.039708 0.035345 0.031185 0.027195 0.023321 0.019472 0.015474 0.010945 0.004685 0.000000 0.000000 0.000000 0.000000 0.000000 0.000000 0.000000 0.000000 0.000000 0.000000 0.000000 0.000000 0.000000 0.000000 0.000000 0.000000 0.000000 0.000000 0.000000 0.000000 0.000000 0.000000 0.000000 0.000000 0.000000 0.000000
0.179310 0.169682 0.160094 0.150545 0.141031 0.131549 0.122092 0.112653 0.103221 0.093781 0.084315 0.074794 0.065181 0.055420 0.045422 0.035040 0.023986 0.011528 0.000000 0.000000 0.000000 0.000000 0.000000 0.000000 0.000000 0.000000 0.000000 0.000000 0.000000 0.000000 0.000000 0.000000 0.000000 0.000000 0.000000 0.000000 0.000000 0.000000 0.000000 0.000000 0.000000 0.000000 0.000000 0.000000 0.000000 0.000000 0.000000 0.000000 0.000000 0.000000 0.000000 0.000000 0.000000 0.000000 0.000000 0.000000 0.000000 0.000000 0.000000 0.000000
0.180603 0.170764 0.160962 0.151194 0.141460 0.131758 0.122083 0.112430 0.102793 0.093163 0.083527 0.073868 0.064161 0.054371 0.044447 0.034304 0.023794 0.012606 0.000000 0.000000 0.000000 0.000000 0.000000 0.000000 0.000000 0.000000 0.000000 0.000000 0.000000 0.000000 0.000000 0.000000 0.000000 0.000000 0.000000 0.000000 0.000000 0.000000 0.000000 0.000000 0.000000 0.000000 0.000000 0.000000 0.000000 0.000000 0.000000 0.000000 0.000000 0.000000 0.000000 0.000000 0.000000 0.000000 0.000000 0.000000 0.000000 0.000000 0.000000 0.000000
0.196552 0.186624 0.176801 0.167088 0.157492 0.148018 0.138675 0.129467 0.120404 0.111491 0.102735 0.094142 0.085720 0.077472 0.069403 0.061515 0.053807 0.046274 0.038905 0.031677 0.024548 0.017432 0.010138 0.002100 0.000000 0.000000 0.000000 0.000000 0.000000 0.000000 0.000000 0.000000 0.000000 0.000000 0.000000 0.000000 0.000000 0.000000 0.000000 0.000000 0.000000 0.000000 0.000000 0.000000 0.000000 0.000000 0.000000 0.000000 0.000000 0.000000 0.000000 0.000000 0.000000 0.000000 0.000000 0.000000 0.000000 0.000000 0.000000 0.000000
0.165517 0.155418 0.145364 0.135355 0.125390 0.115468 0.105586 0.095740 0.085924 0.076131 0.066349 0.056561 0.046740 0.036845 0.026804 0.016472 0.005478 0.000000 0.000000 0.000000 0.000000 0.000000 0.000000 0.000000 0.000000 0.000000 0.000000 0.000000 0.000000 0.000000 0.000000 0.000000 0.000000 0.000000 0.000000 0.000000 0.000000 0.000000 0.000000 0.000000 0.000000 0.000000 0.000000 0.000000 0.000000 0.000000 0.000000 0.000000 0.000000 0.000000 0.000000 0.000000 0.000000 0.000000 0.000000 0.000000 0.000000 0.000000 0.000000 0.000000
0.183621 0.173638 0.163778 0.154049 0.144457 0.135010 0.125714 0.116578 0.107607 0.098811 0.090194 0.081765 0.073529 0.065489 0.057649 0.050006 0.042557 0.035288 0.028170 0.021153 0.014123 0.006805 0.000000 0.000000 0.000000 0.000000 0.000000 0.000000 0.000000 0.000000 0.000000 0.000000 0.000000 0.000000 0.000000 0.000000 0.000000 0.000000 0.000000 0.000000 0.000000 0.000000 0.000000 0.000000 0.000000 0.000000 0.000000 0.000000 0.000000 0.000000 0.000000 0.000000 0.000000 0.000000 0.000000 0.000000 0.000000 0.000000 0.000000 0.000000
0.147845 0.137867 0.127826 0.117710 0.107501 0.097179 0.086716 0.076128 0.065424 0.054565 0.043492 0.032098 0.020177 0.007196 0.000000 0.000000 0.000000 0.000000 0.000000 0.000000 0.000000 0.000000 0.000000 0.000000 0.000000 0.000000 0.000000 0.000000 0.000000 0.000000 0.000000 0.000000 0.000000 0.000000 0.000000 0.000000 0.000000 0.000000 0.000000 0.000000 0.000000 0.000000 0.000000 0.000000 0.000000 0.000000 0.000000 0.000000 0.000000 0.000000 0.000000 0.000000 0.000000 0.000000 0.000000 0.000000 0.000000 0.000000 0.000000 0.000000
0.184914 0.175309 0.165809 0.156418 0.147142 0.137987 0.128958 0.120062 0.111304 0.102691 0.094228 0.085922 0.077777 0.069797 0.061986 0.054345 0.046871 0.039555 0.032382 0.025316 0.018289 0.011146 0.003447 0.000000 0.000000 0.000000 0.000000 0.000000 0.000000 0.000000 0.000000 0.000000 0.000000 0.000000 0.000000 0.000000 0.000000 0.000000 0.000000 0.000000 0.000000 0.000000 0.000000 0.000000 0.000000 0.000000 0.000000 0.000000 0.000000 0.000000 0.000000 0.000000 0.000000 0.000000 0.000000 0.000000 0.000000 0.000000 0.000000 0.000000
0.178448 0.169367 0.160401 0.151558 0.142843 0.134264 0.125827 0.117541 0.109411 0.101446 0.093654 0.086042 0.078618 0.071390 0.064363 0.057544 0.050936 0.044540 0.038354 0.032368 0.026561 0.020897 0.015296 0.009592 0.003329 0.000000 0.000000 0.000000 0.000000 0.000000 0.000000 0.000000 0.000000 0.000000 0.000000 0.000000 0.000000 0.000000 0.000000 0.000000 0.000000 0.000000 0.000000 0.000000 0.000000 0.000000 0.000000 0.000000 0.000000 0.000000 0.000000 0.000000 0.000000 0.000000 0.000000 0.000000 0.000000 0.000000 0.000000 0.000000
0.116379 0.107720 0.098932 0.089985 0.080836 0.071501 0.061998 0.052257 0.042158 0.031452 0.019425 0.006708 0.000000 0.000000 0.000000 0.000000 0.000000 0.000000 0.000000 0.000000 0.000000 0.000000 0.000000 0.000000 0.000000 0.000000 0.000000 0.000000 0.000000 0.000000 0.000000 0.000000 0.000000 0.000000 0.000000 0.000000 0.000000 0.000000 0.000000 0.000000 0.000000 0.000000 0.000000 0.000000 0.000000 0.000000 0.000000 0.000000 0.000000 0.000000 0.000000 0.000000 0.000000 0.000000 0.000000 0.000000 0.000000 0.000000 0.000000 0.000000
0.169397 0.161860 0.154403 0.147030 0.139741 0.132543 0.125437 0.118428 0.111520 0.104717 0.098024 0.091445 0.084986 0.078650 0.072444 0.066371 0.060437 0.054643 0.048993 0.043487 0.038121 0.032888 0.027773 0.022747 0.017758 0.012700 0.007340 0.000953 0.000000 0.000000 0.000000 0.000000 0.000000 0.000000 0.000000 0.000000 0.000000 0.000000 0.000000 0.000000 0.000000 0.000000 0.000000 0.000000 0.000000 0.000000 0.000000 0.000000 0.000000 0.000000 0.000000 0.000000 0.000000 0.000000 0.000000 0.000000 0.000000 0.000000 0.000000 0.000000
