0.122631 0.120768 0.118873 0.116946 0.114985 0.112990 0.110956 0.108880 0.106756 0.104578 0.102337 0.100025 0.097632 0.095144 0.092550 0.089834 0.086980 0.083969 0.080783 0.077399 0.073794 0.069942 0.065815 0.061383 0.056613 0.051468 0.045909 0.039893 0.033374 0.026300 0.018614 0.010254 0.001151 0.000000 0.000000 0.000000 0.000000 0.000000 0.000000 0.000000 0.000000 0.000000 0.000000 0.000000 0.000000 0.000000 0.000000 0.000000 0.000000 0.000000 0.000000 0.000000 0.000000 0.000000 0.000000 0.000000 0.000000 0.000000 0.000000 0.000000
0.120030 0.117106 0.114106 0.111029 0.107870 0.104624 0.101285 0.097845 0.094292 0.090615 0.086800 0.082830 0.078686 0.074349 0.069795 0.064999 0.059933 0.054567 0.048867 0.042796 0.036315 0.029380 0.021942 0.013948 0.005340 0.000000 0.000000 0.000000 0.000000 0.000000 0.000000 0.000000 0.000000 0.000000 0.000000 0.000000 0.000000 0.000000 0.000000 0.000000 0.000000 0.000000 0.000000 0.000000 0.000000 0.000000 0.000000 0.000000 0.000000 0.000000 0.000000 0.000000 0.000000 0.000000 0.000000 0.000000 0.000000 0.000000 0.000000 0.000000
0.124489 0.123359 0.122235 0.121116 0.120002 0.118888 0.117772 0.116649 0.115513 0.114357 0.113175 0.111956 0.110692 0.109371 0.107980 0.106507 0.104935 0.103247 0.101427 0.099452 0.097301 0.094950 0.092372 0.089538 0.086416 0.082973 0.079169 0.074965 0.070314 0.065167 0.059470 0.053164 0.046183 0.038457 0.029909 0.020453 0.009997 0.000000 0.000000 0.000000 0.000000 0.000000 0.000000 0.000000 0.000000 0.000000 0.000000 0.000000 0.000000 0.000000 0.000000 0.000000 0.000000 0.000000 0.000000 0.000000 0.000000 0.000000 0.000000 0.000000
0.126719 0.123228 0.119670 0.116040 0.112330 0.108529 0.104624 0.100599 0.096436 0.092115 0.087610 0.082897 0.077946 0.072725 0.067200 0.061333 0.055083 0.048405 0.041250 0.033567 0.025297 0.016378 0.006740 0.000000 0.000000 0.000000 0.000000 0.000000 0.000000 0.000000 0.000000 0.000000 0.000000 0.000000 0.000000 0.000000 0.000000 0.000000 0.000000 0.000000 0.000000 0.000000 0.000000 0.000000 0.000000 0.000000 0.000000 0.000000 0.000000 0.000000 0.000000 0.000000 0.000000 0.000000 0.000000 0.000000 0.000000 0.000000 0.000000 0.000000
0.125232 0.124211 0.123202 0.122204 0.121217 0.120239 0.119266 0.118296 0.117325 0.116348 0.115358 0.114350 0.113316 0.112247 0.111134 0.109966 0.108732 0.107419 0.106012 0.104496 0.102855 0.101069 0.099119 0.096982 0.094634 0.092050 0.089201 0.086056 0.082580 0.078738 0.074489 0.069789 0.064590 0.058841 0.052485 0.045462 0.037703 0.029137 0.019684 0.009258 0.000000 0.000000 0.000000 0.000000 0.000000 0.000000 0.000000 0.000000 0.000000 0.000000 0.000000 0.000000 0.000000 0.000000 0.000000 0.000000 0.000000 0.000000 0.000000 0.000000
0.125232 0.122946 0.120626 0.118270 0.115876 0.113441 0.110961 0.108429 0.105841 0.103188 0.100461 0.097652 0.094749 0.091740 0.088612 0.085351 0.081941 0.078365 0.074606 0.070644 0.066459 0.062028 0.057327 0.052333 0.047018 0.041353 0.035310 0.028857 0.021959 0.014583 0.006692 0.000000 0.000000 0.000000 0.000000 0.000000 0.000000 0.000000 0.000000 0.000000 0.000000 0.000000 0.000000 0.000000 0.000904 0.020069 0.079563 0.144555 0.214009 0.287074 0.362806 0.439693 0.512994 0.575803 0.640444 0.706769 0.774645 0.843948 0.914568 0.986403
0.125232 0.123388 0.121522 0.119635 0.117724 0.115788 0.113825 0.111830 0.109801 0.107731 0.105618 0.103453 0.101232 0.098946 0.096588 0.094149 0.091619 0.088989 0.086248 0.083385 0.080387 0.077242 0.073936 0.070457 0.066789 0.062917 0.058826 0.054501 0.049927 0.045087 0.039969 0.034559 0.028847 0.022829 0.016507 0.009892 0.003012 0.000000 0.000000 0.000000 0.000000 0.000000 0.002192 0.059529 0.122599 0.190220 0.261429 0.335047 0.408689 0.467974 0.529360 0.592677 0.657772 0.724505 0.792748 0.862384 0.933305 1.005414 1.078619 1.152838
0.128205 0.126274 0.124312 0.122318 0.120294 0.118241 0.116160 0.114051 0.111916 0.109755 0.107570 0.105360 0.103127 0.100872 0.098599 0.096308 0.094005 0.091694 0.089383 0.087081 0.084801 0.082561 0.080385 0.078306 0.076371 0.074646 0.073231 0.072275 0.072025 0.072935 0.076013 0.084597 0.147516 0.213890 0.280941 0.334596 0.390787 0.449294 0.509931 0.572529 0.636933 0.703003 0.770609 0.839634 0.909970 0.981518 1.054186 1.127889 1.202552 1.278102 1.354473 1.431606 1.509446 1.587943 1.667048 1.746720 1.826919 1.907608 1.988754 2.070324
0.121888 0.120189 0.118447 0.116662 0.114836 0.112971 0.111069 0.109131 0.107162 0.105166 0.103149 0.101117 0.099081 0.097051 0.095045 0.093084 0.091199 0.089431 0.087840 0.086516 0.085602 0.085344 0.086221 0.089426 0.100048 0.162840 0.225790 0.276699 0.330297 0.386366 0.444712 0.505163 0.567558 0.631752 0.697609 0.765002 0.833813 0.903934 0.975267 1.047720 1.121209 1.195658 1.270995 1.347156 1.424080 1.501713 1.580004 1.658907 1.738378 1.818377 1.898869 1.979819 2.061195 2.142969 2.225113 2.307602 2.390413 2.473524 2.556914 2.640565
0.124861 0.122657 0.120390 0.118060 0.115666 0.113208 0.110688 0.108107 0.105467 0.102771 0.100023 0.097230 0.094402 0.091551 0.088697 0.085868 0.083105 0.080471 0.078067 0.076068 0.074802 0.075034 0.079365 0.140695 0.203308 0.252789 0.305059 0.359885 0.417069 0.476431 0.537806 0.601043 0.666001 0.732549 0.800567 0.869943 0.940575 1.012368 1.085235 1.159096 1.233878 1.309513 1.385939 1.463099 1.540941 1.619416 1.698479 1.778090 1.858210 1.938804 2.019840 2.101287 2.183117 2.265304 2.347825 2.430656 2.513776 2.597167 2.680808 2.764685
0.138610 0.137104 0.135590 0.134071 0.132552 0.131038 0.129536 0.128052 0.126597 0.125182 0.123820 0.122530 0.121335 0.120267 0.119367 0.118695 0.118339 0.118436 0.119221 0.121151 0.125356 0.136761 0.201466 0.267104 0.319457 0.374433 0.431791 0.491330 0.552876 0.616270 0.681368 0.748039 0.816161 0.885625 0.956327 1.028175 1.101081 1.174968 1.249763 1.325400 1.401816 1.478957 1.556770 1.635208 1.714226 1.793784 1.873845 1.954374 2.035339 2.116710 2.198459 2.280561 2.362993 2.445730 2.528754 2.612045 2.695584 2.779354 2.863341 2.947528
0.133408 0.130880 0.128266 0.125569 0.122789 0.119930 0.116997 0.113999 0.110950 0.107870 0.104792 0.101768 0.098884 0.096296 0.094324 0.093766 0.097905 0.158163 0.212934 0.262728 0.315250 0.370276 0.427613 0.487088 0.548542 0.611824 0.676798 0.743334 0.811315 0.880632 0.951185 1.022880 1.095633 1.169366 1.244006 1.319487 1.395748 1.472734 1.550392 1.628676 1.707540 1.786945 1.866854 1.947231 2.028045 2.109266 2.190865 2.272819 2.355102 2.437692 2.520569 2.603714 2.687107 2.770733 2.854575 2.938619 3.022850 3.107256 3.191824 3.276542
0.130806 0.126854 0.122747 0.118479 0.114048 0.109451 0.104687 0.099760 0.094679 0.089461 0.084144 0.078797 0.073558 0.068740 0.065217 0.067468 0.124270 0.169052 0.216404 0.266617 0.319468 0.374761 0.432323 0.491988 0.553601 0.617019 0.682107 0.748740 0.816802 0.886186 0.956793 1.028532 1.101318 1.175075 1.249732 1.325222 1.401486 1.478468 1.556117 1.634387 1.713233 1.792616 1.872498 1.952846 2.033627 2.114812 2.196373 2.278286 2.360526 2.443071 2.525901 2.608997 2.692340 2.775913 2.859702 2.943691 3.027866 3.112215 3.196725 3.281384
0.137867 0.136354 0.134802 0.133212 0.131587 0.129928 0.128240 0.126528 0.124797 0.123056 0.121318 0.119597 0.117916 0.116306 0.114814 0.113511 0.112515 0.112042 0.112540 0.115265 0.127820 0.191031 0.251812 0.303483 0.357750 0.414396 0.473234 0.534096 0.596828 0.661286 0.727341 0.794871 0.863764 0.933918 1.005238 1.077636 1.151034 1.225356 1.300536 1.376511 1.453225 1.530624 1.608660 1.687289 1.766468 1.846160 1.926329 2.006943 2.087972 2.169387 2.251162 2.333272 2.415696 2.498412 2.581400 2.664643 2.748122 2.831821 2.915726 2.999822
0.137495 0.135878 0.134219 0.132521 0.130785 0.129013 0.127206 0.125369 0.123507 0.121625 0.119731 0.117836 0.115956 0.114111 0.112331 0.110659 0.109160 0.107940 0.107186 0.107274 0.109170 0.117273 0.180340 0.242966 0.294156 0.347985 0.404229 0.462698 0.523219 0.585636 0.649805 0.715591 0.782874 0.851538 0.921481 0.992605 1.064823 1.138053 1.212221 1.287258 1.363101 1.439691 1.516976 1.594906 1.673436 1.752523 1.832130 1.912220 1.992760 2.073720 2.155071 2.236786 2.318842 2.401214 2.483882 2.566825 2.650026 2.733466 2.817130 2.901001
0.143069 0.140397 0.137672 0.134894 0.132062 0.129177 0.126239 0.123248 0.120205 0.117111 0.113968 0.110779 0.107551 0.104290 0.101010 0.097728 0.094471 0.091280 0.088220 0.085398 0.083008 0.081443 0.081729 0.088707 0.150253 0.213782 0.269430 0.322050 0.377201 0.434674 0.494285 0.555867 0.619271 0.684356 0.750993 0.819065 0.888463 0.959090 1.030852 1.103666 1.177452 1.252139 1.327661 1.403958 1.480975 1.558659 1.636964 1.715846 1.795266 1.875185 1.955569 2.036387 2.117610 2.199209 2.281159 2.363436 2.446019 2.528887 2.612020 2.695401
0.153103 0.152355 0.151633 0.150940 0.150280 0.149656 0.149074 0.148536 0.148048 0.147614 0.147239 0.146929 0.146690 0.146527 0.146447 0.146459 0.146570 0.146789 0.147128 0.147597 0.148211 0.148985 0.149938 0.151092 0.152472 0.154114 0.156057 0.158350 0.161058 0.164268 0.168102 0.172744 0.178490 0.185896 0.196279 0.214948 0.285117 0.358040 0.430975 0.489867 0.550908 0.613892 0.678646 0.745021 0.812885 0.882119 0.952614 1.024273 1.097006 1.170731 1.245375 1.320869 1.397150 1.474160 1.551848 1.630164 1.709064 1.788506 1.868452 1.948867
0.156819 0.157887 0.159058 0.160339 0.161734 0.163252 0.164899 0.166681 0.168607 0.170683 0.172916 0.175315 0.177887 0.180639 0.183580 0.186717 0.190058 0.193611 0.197384 0.201385 0.205621 0.210100 0.214828 0.219814 0.225063 0.230581 0.236375 0.242450 0.248810 0.255458 0.262399 0.269634 0.277165 0.284991 0.293112 0.301524 0.310224 0.319210 0.328472 0.338002 0.347786 0.357810 0.368056 0.378503 0.389125 0.399892 0.410769 0.421712 0.432672 0.443588 0.454390 0.464991 0.475285 0.485145 0.494411 0.502884 0.510312 0.516374 0.520651 0.522600
0.144184 0.144173 0.144215 0.144315 0.144478 0.144709 0.145011 0.145390 0.145850 0.146396 0.147033 0.147765 0.148599 0.149538 0.150589 0.151756 0.153044 0.154458 0.156005 0.157688 0.159514 0.161487 0.163613 0.165897 0.168343 0.170957 0.173743 0.176707 0.179852 0.183182 0.186702 0.190414 0.194322 0.198428 0.202734 0.207241 0.211949 0.216859 0.221968 0.227275 0.232776 0.238464 0.244335 0.250379 0.256586 0.262943 0.269435 0.276044 0.282748 0.289522 0.296335 0.303152 0.309932 0.316626 0.323176 0.329513 0.335558 0.341212 0.346360 0.350862
0.158677 0.158302 0.157976 0.157704 0.157492 0.157344 0.157266 0.157263 0.157339 0.157499 0.157747 0.158089 0.158527 0.159067 0.159710 0.160461 0.161322 0.162296 0.163385 0.164591 0.165916 0.167361 0.168926 0.170611 0.172417 0.174342 0.176385 0.178544 0.180816 0.183197 0.185683 0.188267 0.190945 0.193707 0.196544 0.199445 0.202398 0.205388 0.208398 0.211409 0.214397 0.217338 0.220202 0.222955 0.225557 0.227965 0.230126 0.231982 0.233465 0.234495 0.234984 0.234826 0.233901 0.232071 0.229178 0.225043 0.219464 0.212219 0.203075 0.191791
0.158677 0.160337 0.162142 0.164101 0.166222 0.168514 0.170983 0.173639 0.176490 0.179544 0.182809 0.186293 0.190005 0.193953 0.198144 0.202586 0.207286 0.212252 0.217490 0.223006 0.228806 0.234895 0.241278 0.247958 0.254938 0.262220 0.269805 0.277692 0.285880 0.294364 0.303139 0.312199 0.321533 0.331130 0.340974 0.351045 0.361323 0.371778 0.382377 0.393081 0.403841 0.414599 0.425284 0.435809 0.446068 0.455927 0.465219 0.473727 0.481173 0.487187 0.491269 0.492737 0.490651 0.483715 0.470245 0.448380 0.417002 0.377278 0.332693 0.286479
0.165366 0.165871 0.166490 0.167227 0.168091 0.169087 0.170222 0.171500 0.172927 0.174507 0.176246 0.178147 0.180213 0.182447 0.184851 0.187427 0.190177 0.193099 0.196194 0.199460 0.202894 0.206494 0.210253 0.214167 0.218226 0.222422 0.226743 0.231175 0.235701 0.240301 0.244953 0.249629 0.254296 0.258917 0.263447 0.267833 0.272013 0.275913 0.279445 0.282505 0.284965 0.286675 0.287449 0.287067 0.285255 0.281687 0.275970 0.267643 0.256192 0.241087 0.221871 0.198296 0.170475 0.138936 0.104514 0.068096 0.030405 0.000000 0.000000 0.000000
0.156076 0.156961 0.157974 0.159121 0.160410 0.161847 0.163439 0.165191 0.167110 0.169202 0.171473 0.173928 0.176572 0.179410 0.182447 0.185687 0.189134 0.192791 0.196660 0.200744 0.205044 0.209561 0.214295 0.219243 0.224405 0.229776 0.235351 0.241123 0.247083 0.253220 0.259520 0.265967 0.272541 0.279216 0.285966 0.292754 0.299540 0.306274 0.312897 0.319339 0.325515 0.331319 0.336625 0.341277 0.345081 0.347794 0.349108 0.348635 0.345880 0.340218 0.330887 0.317010 0.297724 0.272462 0.241366 0.205493 0.166466 0.125797 0.084507 0.043137
0.150502 0.148268 0.146062 0.143889 0.141748 0.139643 0.137573 0.135536 0.133530 0.131551 0.129595 0.127656 0.125726 0.123797 0.121861 0.119907 0.117923 0.115898 0.113819 0.111672 0.109441 0.107110 0.104663 0.102081 0.099344 0.096431 0.093320 0.089988 0.086409 0.082556 0.078399 0.073909 0.069050 0.063789 0.058085 0.051897 0.045181 0.037887 0.029962 0.021349 0.011983 0.001793 0.000000 0.000000 0.000000 0.000000 0.000000 0.000000 0.000000 0.000000 0.000000 0.000000 0.000000 0.000000 0.000000 0.000000 0.000000 0.000000 0.000000 0.000000
0.159049 0.160294 0.161691 0.163248 0.164972 0.166871 0.168953 0.171227 0.173698 0.176375 0.179265 0.182375 0.185712 0.189282 0.193092 0.197148 0.201455 0.206018 0.210843 0.215934 0.221294 0.226925 0.232831 0.239012 0.245468 0.252199 0.259201 0.266472 0.274005 0.281793 0.289826 0.298092 0.306576 0.315259 0.324118 0.333126 0.342251 0.351454 0.360688 0.369896 0.379011 0.387949 0.396611 0.404872 0.412579 0.419537 0.425500 0.430151 0.433075 0.433726 0.431387 0.425121 0.413763 0.396034 0.370950 0.338573 0.300520 0.259246 0.216749 0.174151
0.154961 0.156844 0.158905 0.161152 0.163595 0.166242 0.169102 0.172185 0.175501 0.179057 0.182864 0.186930 0.191266 0.195879 0.200779 0.205974 0.211473 0.217285 0.223416 0.229875 0.236669 0.243803 0.251284 0.259118 0.267307 0.275856 0.284767 0.294042 0.303680 0.313681 0.324041 0.334756 0.345819 0.357222 0.368954 0.381001 0.393347 0.405971 0.418849 0.431952 0.445245 0.458687 0.472228 0.485808 0.499356 0.512782 0.525978 0.538809 0.551103 0.562638 0.573125 0.582173 0.589250 0.593612 0.594198 0.589502 0.577472 0.555771 0.523121 0.482657
0.159420 0.159146 0.158983 0.158936 0.159013 0.159219 0.159560 0.160041 0.160668 0.161444 0.162374 0.163462 0.164712 0.166128 0.167711 0.169465 0.171393 0.173496 0.175777 0.178237 0.180877 0.183698 0.186701 0.189884 0.193248 0.196791 0.200510 0.204404 0.208469 0.212698 0.217087 0.221628 0.226313 0.231129 0.236066 0.241107 0.246236 0.251431 0.256668 0.261920 0.267154 0.272331 0.277407 0.282330 0.287040 0.291466 0.295524 0.299116 0.302126 0.304418 0.305830 0.306170 0.305213 0.302694 0.298308 0.291714 0.282544 0.270438 0.255089 0.236321
0.157191 0.158038 0.159040 0.160204 0.161535 0.163041 0.164728 0.166602 0.168669 0.170937 0.173410 0.176095 0.178997 0.182124 0.185480 0.189070 0.192901 0.196977 0.201303 0.205884 0.210723 0.215826 0.221194 0.226830 0.232738 0.238916 0.245368 0.252090 0.259083 0.266343 0.273866 0.281645 0.289674 0.297942 0.306437 0.315144 0.324047 0.333122 0.342346 0.351689 0.361113 0.370579 0.380035 0.389423 0.398673 0.407699 0.416402 0.424657 0.432316 0.439193 0.445059 0.449630 0.452546 0.453360 0.451511 0.446325 0.437031 0.422860 0.403263 0.378237
0.144184 0.144549 0.145043 0.145672 0.146441 0.147357 0.148424 0.149650 0.151041 0.152602 0.154339 0.156259 0.158368 0.160672 0.163179 0.165893 0.168823 0.171975 0.175354 0.178969 0.182826 0.186931 0.191290 0.195911 0.200800 0.205962 0.211404 0.217130 0.223146 0.229457 0.236066 0.242977 0.250193 0.257716 0.265545 0.273682 0.282126 0.290873 0.299919 0.309260 0.318887 0.328791 0.338960 0.349380 0.360033 0.370899 0.381952 0.393164 0.404500 0.415919 0.427373 0.438806 0.450150 0.461324 0.472231 0.482754 0.492749 0.502040 0.510407 0.517574
0.147157 0.148039 0.149065 0.150244 0.151583 0.153090 0.154774 0.156642 0.158704 0.160968 0.163442 0.166136 0.169060 0.172221 0.175631 0.179298 0.183232 0.187443 0.191941 0.196735 0.201836 0.207254 0.212997 0.219076 0.225500 0.232278 0.239419 0.246932 0.254826 0.263106 0.271782 0.280859 0.290344 0.300241 0.310556 0.321291 0.332448 0.344031 0.356039 0.368470 0.381324 0.394597 0.408283 0.422377 0.436869 0.451751 0.467009 0.482630 0.498597 0.514891 0.531488 0.548364 0.565487 0.582824 0.600334 0.617970 0.635678 0.653393 0.671039 0.688524
0.154589 0.155553 0.156688 0.158003 0.159504 0.161200 0.163096 0.165202 0.167525 0.170072 0.172853 0.175875 0.179146 0.182675 0.186472 0.190543 0.194899 0.199547 0.204498 0.209758 0.215338 0.221246 0.227490 0.234078 0.241018 0.248318 0.255985 0.264026 0.272446 0.281253 0.290449 0.300040 0.310030 0.320420 0.331212 0.342407 0.354005 0.366002 0.378397 0.391184 0.404358 0.417911 0.431833 0.446112 0.460736 0.475687 0.490948 0.506496 0.522307 0.538352 0.554597 0.571005 0.587531 0.604123 0.620721 0.637253 0.653635 0.669766 0.685523 0.700755
0.152360 0.153516 0.154853 0.156379 0.158101 0.160027 0.162165 0.164523 0.167109 0.169932 0.173001 0.176324 0.179911 0.183772 0.187915 0.192350 0.197088 0.202137 0.207508 0.213211 0.219255 0.225650 0.232405 0.239530 0.247034 0.254925 0.263213 0.271905 0.281008 0.290529 0.300476 0.310852 0.321664 0.332916 0.344610 0.356749 0.369334 0.382367 0.395845 0.409767 0.424130 0.438930 0.454161 0.469816 0.485887 0.502362 0.519231 0.536480 0.554094 0.572054 0.590342 0.608934 0.627805 0.646926 0.666266 0.685787 0.705447 0.725199 0.744987 0.764745
0.139353 0.138796 0.138367 0.138070 0.137909 0.137887 0.138007 0.138274 0.138691 0.139263 0.139996 0.140892 0.141959 0.143202 0.144625 0.146237 0.148043 0.150049 0.152265 0.154696 0.157350 0.160237 0.163364 0.166740 0.170375 0.174277 0.178456 0.182923 0.187686 0.192756 0.198143 0.203857 0.209909 0.216308 0.223065 0.230190 0.237693 0.245582 0.253867 0.262557 0.271661 0.281185 0.291139 0.301527 0.312356 0.323632 0.335358 0.347539 0.360177 0.373273 0.386830 0.400846 0.415320 0.430249 0.445631 0.461459 0.477728 0.494431 0.511558 0.529100
0.139353 0.140017 0.140837 0.141819 0.142970 0.144297 0.145807 0.147509 0.149409 0.151516 0.153840 0.156388 0.159170 0.162196 0.165475 0.169018 0.172836 0.176938 0.181337 0.186042 0.191066 0.196421 0.202117 0.208166 0.214581 0.221373 0.228553 0.236133 0.244124 0.252537 0.261384 0.270673 0.280416 0.290622 0.301299 0.312456 0.324100 0.336239 0.348878 0.362024 0.375680 0.389851 0.404538 0.419745 0.435472 0.451720 0.468487 0.485772 0.503573 0.521885 0.540704 0.560025 0.579841 0.600146 0.620932 0.642189 0.663908 0.686078 0.708689 0.731727
0.150873 0.152174 0.153681 0.155402 0.157343 0.159513 0.161919 0.164571 0.167477 0.170646 0.174089 0.177814 0.181832 0.186155 0.190791 0.195753 0.201052 0.206698 0.212704 0.219080 0.225838 0.232990 0.240546 0.248518 0.256916 0.265751 0.275033 0.284773 0.294978 0.305659 0.316823 0.328478 0.340630 0.353287 0.366453 0.380134 0.394332 0.409052 0.424294 0.440062 0.456354 0.473170 0.490510 0.508371 0.526749 0.545641 0.565041 0.584946 0.605347 0.626237 0.647610 0.669456 0.691765 0.714529 0.737735 0.761373 0.785430 0.809895 0.834752 0.859990
0.139725 0.139195 0.138825 0.138616 0.138569 0.138687 0.138973 0.139431 0.140065 0.140879 0.141879 0.143069 0.144457 0.146048 0.147849 0.149868 0.152113 0.154592 0.157314 0.160288 0.163523 0.167030 0.170819 0.174900 0.179285 0.183985 0.189010 0.194374 0.200087 0.206162 0.212611 0.219446 0.226679 0.234321 0.242385 0.250882 0.259824 0.269221 0.279084 0.289423 0.300248 0.311567 0.323390 0.335723 0.348574 0.361949 0.375854 0.390293 0.405270 0.420789 0.436850 0.453455 0.470605 0.488299 0.506536 0.525313 0.544628 0.564476 0.584853 0.605754
0.127834 0.126991 0.126276 0.125691 0.125235 0.124909 0.124715 0.124656 0.124732 0.124949 0.125308 0.125815 0.126473 0.127287 0.128263 0.129406 0.130723 0.132220 0.133903 0.135782 0.137863 0.140156 0.142668 0.145410 0.148390 0.151620 0.155110 0.158870 0.162912 0.167247 0.171888 0.176846 0.182134 0.187765 0.193751 0.200105 0.206840 0.213969 0.221505 0.229461 0.237849 0.246681 0.255970 0.265727 0.275963 0.286689 0.297916 0.309652 0.321907 0.334688 0.348004 0.361861 0.376264 0.391219 0.406729 0.422797 0.439427 0.456619 0.474374 0.492692
0.122259 0.121706 0.121275 0.120965 0.120780 0.120719 0.120787 0.120986 0.121319 0.121790 0.122404 0.123164 0.124077 0.125148 0.126382 0.127786 0.129368 0.131134 0.133093 0.135252 0.137621 0.140208 0.143023 0.146076 0.149377 0.152938 0.156770 0.160884 0.165291 0.170005 0.175037 0.180401 0.186109 0.192174 0.198610 0.205429 0.212646 0.220272 0.228322 0.236807 0.245741 0.255135 0.265002 0.275353 0.286199 0.297551 0.309418 0.321808 0.334732 0.348195 0.362206 0.376769 0.391890 0.407573 0.423822 0.440638 0.458024 0.475980 0.494505 0.513598
0.117800 0.116690 0.115700 0.114828 0.114070 0.113426 0.112895 0.112477 0.112171 0.111980 0.111905 0.111946 0.112108 0.112392 0.112802 0.113342 0.114015 0.114827 0.115782 0.116886 0.118145 0.119566 0.121155 0.122919 0.124866 0.127005 0.129344 0.131892 0.134659 0.137656 0.140892 0.144379 0.148127 0.152149 0.156457 0.161062 0.165977 0.171216 0.176791 0.182717 0.189005 0.195670 0.202726 0.210186 0.218063 0.226371 0.235122 0.244331 0.254008 0.264166 0.274817 0.285972 0.297641 0.309834 0.322559 0.335826 0.349641 0.364011 0.378942 0.394439
0.103679 0.100359 0.097106 0.093901 0.090726 0.087564 0.084401 0.081222 0.078014 0.074762 0.071453 0.068073 0.064609 0.061046 0.057369 0.053561 0.049608 0.045489 0.041188 0.036682 0.031951 0.026968 0.021709 0.016143 0.010239 0.003961 0.000000 0.000000 0.000000 0.000000 0.000000 0.000000 0.000000 0.000000 0.000000 0.000000 0.000000 0.000000 0.000000 0.000000 0.000000 0.000000 0.000000 0.000000 0.000000 0.000000 0.000000 0.000000 0.000000 0.000000 0.000000 0.000000 0.000000 0.000000 0.000000 0.000000 0.000000 0.000000 0.000000 0.000000
0.105165 0.103666 0.102259 0.100938 0.099698 0.098535 0.097444 0.096422 0.095466 0.094574 0.093744 0.092973 0.092262 0.091609 0.091014 0.090475 0.089993 0.089569 0.089202 0.088893 0.088643 0.088453 0.088325 0.088259 0.088259 0.088325 0.088461 0.088669 0.088953 0.089314 0.089758 0.090287 0.090906 0.091618 0.092429 0.093343 0.094367 0.095505 0.096763 0.098148 0.099667 0.101327 0.103136 0.105101 0.107231 0.109535 0.112022 0.114703 0.117586 0.120684 0.124006 0.127564 0.131371 0.135438 0.139779 0.144405 0.149331 0.154571 0.160137 0.166044
0.088443 0.085533 0.082655 0.079791 0.076928 0.074051 0.071145 0.068198 0.065195 0.062124 0.058970 0.055719 0.052357 0.048868 0.045236 0.041443 0.037471 0.033300 0.028908 0.024271 0.019364 0.014158 0.008622 0.002721 0.000000 0.000000 0.000000 0.000000 0.000000 0.000000 0.000000 0.000000 0.000000 0.000000 0.000000 0.000000 0.000000 0.000000 0.000000 0.000000 0.000000 0.000000 0.000000 0.000000 0.000000 0.000000 0.000000 0.000000 0.000000 0.000000 0.000000 0.000000 0.000000 0.000000 0.000000 0.000000 0.000000 0.000000 0.000000 0.000000
0.083984 0.080725 0.077477 0.074220 0.070934 0.067603 0.064209 0.060735 0.057164 0.053479 0.049661 0.045692 0.041552 0.037221 0.032674 0.027888 0.022837 0.017491 0.011818 0.005784 0.000000 0.000000 0.000000 0.000000 0.000000 0.000000 0.000000 0.000000 0.000000 0.000000 0.000000 0.000000 0.000000 0.000000 0.000000 0.000000 0.000000 0.000000 0.000000 0.000000 0.000000 0.000000 0.000000 0.000000 0.000000 0.000000 0.000000 0.000000 0.000000 0.000000 0.000000 0.000000 0.000000 0.000000 0.000000 0.000000 0.000000 0.000000 0.000000 0.000000
0.079153 0.075660 0.072195 0.068734 0.065254 0.061731 0.058146 0.054477 0.050706 0.046810 0.042769 0.038560 0.034162 0.029549 0.024694 0.019570 0.014146 0.008387 0.002256 0.000000 0.000000 0.000000 0.000000 0.000000 0.000000 0.000000 0.000000 0.000000 0.000000 0.000000 0.000000 0.000000 0.000000 0.000000 0.000000 0.000000 0.000000 0.000000 0.000000 0.000000 0.000000 0.000000 0.000000 0.000000 0.000000 0.000000 0.000000 0.000000 0.000000 0.000000 0.000000 0.000000 0.000000 0.000000 0.000000 0.000000 0.000000 0.000000 0.000000 0.000000
0.069491 0.065402 0.061304 0.057165 0.052956 0.048648 0.044213 0.039625 0.034856 0.029877 0.024658 0.019167 0.013370 0.007228 0.000702 0.000000 0.000000 0.000000 0.000000 0.000000 0.000000 0.000000 0.000000 0.000000 0.000000 0.000000 0.000000 0.000000 0.000000 0.000000 0.000000 0.000000 0.000000 0.000000 0.000000 0.000000 0.000000 0.000000 0.000000 0.000000 0.000000 0.000000 0.000000 0.000000 0.000000 0.000000 0.000000 0.000000 0.000000 0.000000 0.000000 0.000000 0.000000 0.000000 0.000000 0.000000 0.000000 0.000000 0.000000 0.000000
0.066890 0.063289 0.059657 0.055966 0.052194 0.048317 0.044311 0.040153 0.035819 0.031284 0.026522 0.021505 0.016203 0.010582 0.004608 0.000000 0.000000 0.000000 0.000000 0.000000 0.000000 0.000000 0.000000 0.000000 0.000000 0.000000 0.000000 0.000000 0.000000 0.000000 0.000000 0.000000 0.000000 0.000000 0.000000 0.000000 0.000000 0.000000 0.000000 0.000000 0.000000 0.000000 0.000000 0.000000 0.000000 0.000000 0.000000 0.000000 0.000000 0.000000 0.000000 0.000000 0.000000 0.000000 0.000000 0.000000 0.000000 0.000000 0.000000 0.000000
0.054627 0.049771 0.044884 0.039915 0.034822 0.029565 0.024106 0.018406 0.012426 0.006126 0.000000 0.000000 0.000000 0.000000 0.000000 0.000000 0.000000 0.000000 0.000000 0.000000 0.000000 0.000000 0.000000 0.000000 0.000000 0.000000 0.000000 0.000000 0.000000 0.000000 0.000000 0.000000 0.000000 0.000000 0.000000 0.000000 0.000000 0.000000 0.000000 0.000000 0.000000 0.000000 0.000000 0.000000 0.000000 0.000000 0.000000 0.000000 0.000000 0.000000 0.000000 0.000000 0.000000 0.000000 0.000000 0.000000 0.000000 0.000000 0.000000 0.000000
0.047938 0.042362 0.036727 0.030973 0.025047 0.018899 0.012482 0.005746 0.000000 0.000000 0.000000 0.000000 0.000000 0.000000 0.000000 0.000000 0.000000 0.000000 0.000000 0.000000 0.000000 0.000000 0.000000 0.000000 0.000000 0.000000 0.000000 0.000000 0.000000 0.000000 0.000000 0.000000 0.000000 0.000000 0.000000 0.000000 0.000000 0.000000 0.000000 0.000000 0.000000 0.000000 0.000000 0.000000 0.000000 0.000000 0.000000 0.000000 0.000000 0.000000 0.000000 0.000000 0.000000 0.000000 0.000000 0.000000 0.000000 0.000000 0.000000 0.000000
0.041249 0.035199 0.029039 0.022707 0.016143 0.009292 0.002096 0.000000 0.000000 0.000000 0.000000 0.000000 0.000000 0.000000 0.000000 0.000000 0.000000 0.000000 0.000000 0.000000 0.000000 0.000000 0.000000 0.000000 0.000000 0.000000 0.000000 0.000000 0.000000 0.000000 0.000000 0.000000 0.000000 0.000000 0.000000 0.000000 0.000000 0.000000 0.000000 0.000000 0.000000 0.000000 0.000000 0.000000 0.000000 0.000000 0.000000 0.000000 0.000000 0.000000 0.000000 0.000000 0.000000 0.000000 0.000000 0.000000 0.000000 0.000000 0.000000 0.000000
0.038276 0.032518 0.026634 0.020565 0.014256 0.007655 0.000706 0.000000 0.000000 0.000000 0.000000 0.000000 0.000000 0.000000 0.000000 0.000000 0.000000 0.000000 0.000000 0.000000 0.000000 0.000000 0.000000 0.000000 0.000000 0.000000 0.000000 0.000000 0.000000 0.000000 0.000000 0.000000 0.000000 0.000000 0.000000 0.000000 0.000000 0.000000 0.000000 0.000000 0.000000 0.000000 0.000000 0.000000 0.000000 0.000000 0.000000 0.000000 0.000000 0.000000 0.000000 0.000000 0.000000 0.000000 0.000000 0.000000 0.000000 0.000000 0.000000 0.000000
0.028614 0.021266 0.013785 0.006077 0.000000 0.000000 0.000000 0.000000 0.000000 0.000000 0.000000 0.000000 0.000000 0.000000 0.000000 0.000000 0.000000 0.000000 0.000000 0.000000 0.000000 0.000000 0.000000 0.000000 0.000000 0.000000 0.000000 0.000000 0.000000 0.000000 0.000000 0.000000 0.000000 0.000000 0.000000 0.000000 0.000000 0.000000 0.000000 0.000000 0.000000 0.000000 0.000000 0.000000 0.000000 0.000000 0.000000 0.000000 0.000000 0.000000 0.000000 0.000000 0.000000 0.000000 0.000000 0.000000 0.000000 0.000000 0.000000 0.000000
0.031958 0.026216 0.020302 0.014159 0.007732 0.000967 0.000000 0.000000 0.000000 0.000000 0.000000 0.000000 0.000000 0.000000 0.000000 0.000000 0.000000 0.000000 0.000000 0.000000 0.000000 0.000000 0.000000 0.000000 0.000000 0.000000 0.000000 0.000000 0.000000 0.000000 0.000000 0.000000 0.000000 0.000000 0.000000 0.000000 0.000000 0.000000 0.000000 0.000000 0.000000 0.000000 0.000000 0.000000 0.000000 0.000000 0.000000 0.000000 0.000000 0.000000 0.000000 0.000000 0.000000 0.000000 0.000000 0.000000 0.000000 0.000000 0.000000 0.000000
0.026384 0.019943 0.013253 0.006254 0.000000 0.000000 0.000000 0.000000 0.000000 0.000000 0.000000 0.000000 0.000000 0.000000 0.000000 0.000000 0.000000 0.000000 0.000000 0.000000 0.000000 0.000000 0.000000 0.000000 0.000000 0.000000 0.000000 0.000000 0.000000 0.000000 0.000000 0.000000 0.000000 0.000000 0.000000 0.000000 0.000000 0.000000 0.000000 0.000000 0.000000 0.000000 0.000000 0.000000 0.000000 0.000000 0.000000 0.000000 0.000000 0.000000 0.000000 0.000000 0.000000 0.000000 0.000000 0.000000 0.000000 0.000000 0.000000 0.000000
0.023783 0.016605 0.009252 0.001630 0.000000 0.000000 0.000000 0.000000 0.000000 0.000000 0.000000 0.000000 0.000000 0.000000 0.000000 0.000000 0.000000 0.000000 0.000000 0.000000 0.000000 0.000000 0.000000 0.000000 0.000000 0.000000 0.000000 0.000000 0.000000 0.000000 0.000000 0.000000 0.000000 0.000000 0.000000 0.000000 0.000000 0.000000 0.000000 0.000000 0.000000 0.000000 0.000000 0.000000 0.000000 0.000000 0.000000 0.000000 0.000000 0.000000 0.000000 0.000000 0.000000 0.000000 0.000000 0.000000 0.000000 0.000000 0.000000 0.000000
0.019324 0.012532 0.005448 0.000000 0.000000 0.000000 0.000000 0.000000 0.000000 0.000000 0.000000 0.000000 0.000000 0.000000 0.000000 0.000000 0.000000 0.000000 0.000000 0.000000 0.000000 0.000000 0.000000 0.000000 0.000000 0.000000 0.000000 0.000000 0.000000 0.000000 0.000000 0.000000 0.000000 0.000000 0.000000 0.000000 0.000000 0.000000 0.000000 0.000000 0.000000 0.000000 0.000000 0.000000 0.000000 0.000000 0.000000 0.000000 0.000000 0.000000 0.000000 0.000000 0.000000 0.000000 0.000000 0.000000 0.000000 0.000000 0.000000 0.000000
0.018952 0.011651 0.004088 0.000000 0.000000 0.000000 0.000000 0.000000 0.000000 0.000000 0.000000 0.000000 0.000000 0.000000 0.000000 0.000000 0.000000 0.000000 0.000000 0.000000 0.000000 0.000000 0.000000 0.000000 0.000000 0.000000 0.000000 0.000000 0.000000 0.000000 0.000000 0.000000 0.000000 0.000000 0.000000 0.000000 0.000000 0.000000 0.000000 0.000000 0.000000 0.000000 0.000000 0.000000 0.000000 0.000000 0.000000 0.000000 0.000000 0.000000 0.000000 0.000000 0.000000 0.000000 0.000000 0.000000 0.000000 0.000000 0.000000 0.000000
0.019695 0.012964 0.005934 0.000000 0.000000 0.000000 0.000000 0.000000 0.000000 0.000000 0.000000 0.000000 0.000000 0.000000 0.000000 0.000000 0.000000 0.000000 0.000000 0.000000 0.000000 0.000000 0.000000 0.000000 0.000000 0.000000 0.000000 0.000000 0.000000 0.000000 0.000000 0.000000 0.000000 0.000000 0.000000 0.000000 0.000000 0.000000 0.000000 0.000000 0.000000 0.000000 0.000000 0.000000 0.000000 0.000000 0.000000 0.000000 0.000000 0.000000 0.000000 0.000000 0.000000 0.000000 0.000000 0.000000 0.000000 0.000000 0.000000 0.000000
0.017094 0.010424 0.003445 0.000000 0.000000 0.000000 0.000000 0.000000 0.000000 0.000000 0.000000 0.000000 0.000000 0.000000 0.000000 0.000000 0.000000 0.000000 0.000000 0.000000 0.000000 0.000000 0.000000 0.000000 0.000000 0.000000 0.000000 0.000000 0.000000 0.000000 0.000000 0.000000 0.000000 0.000000 0.000000 0.000000 0.000000 0.000000 0.000000 0.000000 0.000000 0.000000 0.000000 0.000000 0.000000 0.000000 0.000000 0.000000 0.000000 0.000000 0.000000 0.000000 0.000000 0.000000 0.000000 0.000000 0.000000 0.000000 0.000000 0.000000
0.007804 0.000000 0.000000 0.000000 0.000000 0.000000 0.000000 0.000000 0.000000 0.000000 0.000000 0.000000 0.000000 0.000000 0.000000 0.000000 0.000000 0.000000 0.000000 0.000000 0.000000 0.000000 0.000000 0.000000 0.000000 0.000000 0.000000 0.000000 0.000000 0.000000 0.000000 0.000000 0.000000 0.000000 0.000000 0.000000 0.000000 0.000000 0.000000 0.000000 0.000000 0.000000 0.000000 0.000000 0.000000 0.000000 0.000000 0.000000 0.000000 0.000000 0.000000 0.000000 0.000000 0.000000 0.000000 0.000000 0.000000 0.000000 0.000000 0.000000
0.007432 0.000000 0.000000 0.000000 0.000000 0.000000 0.000000 0.000000 0.000000 0.000000 0.000000 0.000000 0.000000 0.000000 0.000000 0.000000 0.000000 0.000000 0.000000 0.000000 0.000000 0.000000 0.000000 0.000000 0.000000 0.000000 0.000000 0.000000 0.000000 0.000000 0.000000 0.000000 0.000000 0.000000 0.000000 0.000000 0.000000 0.000000 0.000000 0.000000 0.000000 0.000000 0.000000 0.000000 0.000000 0.000000 0.000000 0.000000 0.000000 0.000000 0.000000 0.000000 0.000000 0.000000 0.000000 0.000000 0.000000 0.000000 0.000000 0.000000
0.008919 0.001296 0.000000 0.000000 0.000000 0.000000 0.000000 0.000000 0.000000 0.000000 0.000000 0.000000 0.000000 0.000000 0.000000 0.000000 0.000000 0.000000 0.000000 0.000000 0.000000 0.000000 0.000000 0.000000 0.000000 0.000000 0.000000 0.000000 0.000000 0.000000 0.000000 0.000000 0.000000 0.000000 0.000000 0.000000 0.000000 0.000000 0.000000 0.000000 0.000000 0.000000 0.000000 0.000000 0.000000 0.000000 0.000000 0.000000 0.000000 0.000000 0.000000 0.000000 0.000000 0.000000 0.000000 0.000000 0.000000 0.000000 0.000000 0.000000
0.006689 0.000000 0.000000 0.000000 0.000000 0.000000 0.000000 0.000000 0.000000 0.000000 0.000000 0.000000 0.000000 0.000000 0.000000 0.000000 0.000000 0.000000 0.000000 0.000000 0.000000 0.000000 0.000000 0.000000 0.000000 0.000000 0.000000 0.000000 0.000000 0.000000 0.000000 0.000000 0.000000 0.000000 0.000000 0.000000 0.000000 0.000000 0.000000 0.000000 0.000000 0.000000 0.000000 0.000000 0.000000 0.000000 0.000000 0.000000 0.000000 0.000000 0.000000 0.000000 0.000000 0.000000 0.000000 0.000000 0.000000 0.000000 0.000000 0.000000
0.007804 0.000399 0.000000 0.000000 0.000000 0.000000 0.000000 0.000000 0.000000 0.000000 0.000000 0.000000 0.000000 0.000000 0.000000 0.000000 0.000000 0.000000 0.000000 0.000000 0.000000 0.000000 0.000000 0.000000 0.000000 0.000000 0.000000 0.000000 0.000000 0.000000 0.000000 0.000000 0.000000 0.000000 0.000000 0.000000 0.000000 0.000000 0.000000 0.000000 0.000000 0.000000 0.000000 0.000000 0.000000 0.000000 0.000000 0.000000 0.000000 0.000000 0.000000 0.000000 0.000000 0.000000 0.000000 0.000000 0.000000 0.000000 0.000000 0.000000
0.011520 0.005133 0.000000 0.000000 0.000000 0.000000 0.000000 0.000000 0.000000 0.000000 0.000000 0.000000 0.000000 0.000000 0.000000 0.000000 0.000000 0.000000 0.000000 0.000000 0.000000 0.000000 0.000000 0.000000 0.000000 0.000000 0.000000 0.000000 0.000000 0.000000 0.000000 0.000000 0.000000 0.000000 0.000000 0.000000 0.000000 0.000000 0.000000 0.000000 0.000000 0.000000 0.000000 0.000000 0.000000 0.000000 0.000000 0.000000 0.000000 0.000000 0.000000 0.000000 0.000000 0.000000 0.000000 0.000000 0.000000 0.000000 0.000000 0.000000
0.008175 0.001088 0.000000 0.000000 0.000000 0.000000 0.000000 0.000000 0.000000 0.000000 0.000000 0.000000 0.000000 0.000000 0.000000 0.000000 0.000000 0.000000 0.000000 0.000000 0.000000 0.000000 0.000000 0.000000 0.000000 0.000000 0.000000 0.000000 0.000000 0.000000 0.000000 0.000000 0.000000 0.000000 0.000000 0.000000 0.000000 0.000000 0.000000 0.000000 0.000000 0.000000 0.000000 0.000000 0.000000 0.000000 0.000000 0.000000 0.000000 0.000000 0.000000 0.000000 0.000000 0.000000 0.000000 0.000000 0.000000 0.000000 0.000000 0.000000
0.008175 0.001676 0.000000 0.000000 0.000000 0.000000 0.000000 0.000000 0.000000 0.000000 0.000000 0.000000 0.000000 0.000000 0.000000 0.000000 0.000000 0.000000 0.000000 0.000000 0.000000 0.000000 0.000000 0.000000 0.000000 0.000000 0.000000 0.000000 0.000000 0.000000 0.000000 0.000000 0.000000 0.000000 0.000000 0.000000 0.000000 0.000000 0.000000 0.000000 0.000000 0.000000 0.000000 0.000000 0.000000 0.000000 0.000000 0.000000 0.000000 0.000000 0.000000 0.000000 0.000000 0.000000 0.000000 0.000000 0.000000 0.000000 0.000000 0.000000
0.005203 0.000000 0.000000 0.000000 0.000000 0.000000 0.000000 0.000000 0.000000 0.000000 0.000000 0.000000 0.000000 0.000000 0.000000 0.000000 0.000000 0.000000 0.000000 0.000000 0.000000 0.000000 0.000000 0.000000 0.000000 0.000000 0.000000 0.000000 0.000000 0.000000 0.000000 0.000000 0.000000 0.000000 0.000000 0.000000 0.000000 0.000000 0.000000 0.000000 0.000000 0.000000 0.000000 0.000000 0.000000 0.000000 0.000000 0.000000 0.000000 0.000000 0.000000 0.000000 0.000000 0.000000 0.000000 0.000000 0.000000 0.000000 0.000000 0.000000
0.007061 0.000755 0.000000 0.000000 0.000000 0.000000 0.000000 0.000000 0.000000 0.000000 0.000000 0.000000 0.000000 0.000000 0.000000 0.000000 0.000000 0.000000 0.000000 0.000000 0.000000 0.000000 0.000000 0.000000 0.000000 0.000000 0.000000 0.000000 0.000000 0.000000 0.000000 0.000000 0.000000 0.000000 0.000000 0.000000 0.000000 0.000000 0.000000 0.000000 0.000000 0.000000 0.000000 0.000000 0.000000 0.000000 0.000000 0.000000 0.000000 0.000000 0.000000 0.000000 0.000000 0.000000 0.000000 0.000000 0.000000 0.000000 0.000000 0.000000
0.010405 0.005403 0.000145 0.000000 0.000000 0.000000 0.000000 0.000000 0.000000 0.000000 0.000000 0.000000 0.000000 0.000000 0.000000 0.000000 0.000000 0.000000 0.000000 0.000000 0.000000 0.000000 0.000000 0.000000 0.000000 0.000000 0.000000 0.000000 0.000000 0.000000 0.000000 0.000000 0.000000 0.000000 0.000000 0.000000 0.000000 0.000000 0.000000 0.000000 0.000000 0.000000 0.000000 0.000000 0.000000 0.000000 0.000000 0.000000 0.000000 0.000000 0.000000 0.000000 0.000000 0.000000 0.000000 0.000000 0.000000 0.000000 0.000000 0.000000
0.009662 0.003784 0.000000 0.000000 0.000000 0.000000 0.000000 0.000000 0.000000 0.000000 0.000000 0.000000 0.000000 0.000000 0.000000 0.000000 0.000000 0.000000 0.000000 0.000000 0.000000 0.000000 0.000000 0.000000 0.000000 0.000000 0.000000 0.000000 0.000000 0.000000 0.000000 0.000000 0.000000 0.000000 0.000000 0.000000 0.000000 0.000000 0.000000 0.000000 0.000000 0.000000 0.000000 0.000000 0.000000 0.000000 0.000000 0.000000 0.000000 0.000000 0.000000 0.000000 0.000000 0.000000 0.000000 0.000000 0.000000 0.000000 0.000000 0.000000
0.008919 0.004873 0.000649 0.000000 0.000000 0.000000 0.000000 0.000000 0.000000 0.000000 0.000000 0.000000 0.000000 0.000000 0.000000 0.000000 0.000000 0.000000 0.000000 0.000000 0.000000 0.000000 0.000000 0.000000 0.000000 0.000000 0.000000 0.000000 0.000000 0.000000 0.000000 0.000000 0.000000 0.000000 0.000000 0.000000 0.000000 0.000000 0.000000 0.000000 0.000000 0.000000 0.000000 0.000000 0.000000 0.000000 0.000000 0.000000 0.000000 0.000000 0.000000 0.000000 0.000000 0.000000 0.000000 0.000000 0.000000 0.000000 0.000000 0.000000
0.006317 0.002083 0.000000 0.000000 0.000000 0.000000 0.000000 0.000000 0.000000 0.000000 0.000000 0.000000 0.000000 0.000000 0.000000 0.000000 0.000000 0.000000 0.000000 0.000000 0.000000 0.000000 0.000000 0.000000 0.000000 0.000000 0.000000 0.000000 0.000000 0.000000 0.000000 0.000000 0.000000 0.000000 0.000000 0.000000 0.000000 0.000000 0.000000 0.000000 0.000000 0.000000 0.000000 0.000000 0.000000 0.000000 0.000000 0.000000 0.000000 0.000000 0.000000 0.000000 0.000000 0.000000 0.000000 0.000000 0.000000 0.000000 0.000000 0.000000
0.010033 0.006987 0.003839 0.000569 0.000000 0.000000 0.000000 0.000000 0.000000 0.000000 0.000000 0.000000 0.000000 0.000000 0.000000 0.000000 0.000000 0.000000 0.000000 0.000000 0.000000 0.000000 0.000000 0.000000 0.000000 0.000000 0.000000 0.000000 0.000000 0.000000 0.000000 0.000000 0.000000 0.000000 0.000000 0.000000 0.000000 0.000000 0.000000 0.000000 0.000000 0.000000 0.000000 0.000000 0.000000 0.000000 0.000000 0.000000 0.000000 0.000000 0.000000 0.000000 0.000000 0.000000 0.000000 0.000000 0.000000 0.000000 0.000000 0.000000
0.010405 0.006892 0.003252 0.000000 0.000000 0.000000 0.000000 0.000000 0.000000 0.000000 0.000000 0.000000 0.000000 0.000000 0.000000 0.000000 0.000000 0.000000 0.000000 0.000000 0.000000 0.000000 0.000000 0.000000 0.000000 0.000000 0.000000 0.000000 0.000000 0.000000 0.000000 0.000000 0.000000 0.000000 0.000000 0.000000 0.000000 0.000000 0.000000 0.000000 0.000000 0.000000 0.000000 0.000000 0.000000 0.000000 0.000000 0.000000 0.000000 0.000000 0.000000 0.000000 0.000000 0.000000 0.000000 0.000000 0.000000 0.000000 0.000000 0.000000
0.007804 0.005164 0.002504 0.000000 0.000000 0.000000 0.000000 0.000000 0.000000 0.000000 0.000000 0.000000 0.000000 0.000000 0.000000 0.000000 0.000000 0.000000 0.000000 0.000000 0.000000 0.000000 0.000000 0.000000 0.000000 0.000000 0.000000 0.000000 0.000000 0.000000 0.000000 0.000000 0.000000 0.000000 0.000000 0.000051 0.000165 0.000344 0.000594 0.000919 0.001325 0.001818 0.002404 0.003090 0.003884 0.004793 0.005826 0.006993 0.008303 0.009767 0.011397 0.013205 0.015204 0.017408 0.019832 0.022492 0.025404 0.028587 0.032058 0.035837
0.008175 0.005533 0.002863 0.000148 0.000000 0.000000 0.000000 0.000000 0.000000 0.000000 0.000000 0.000000 0.000000 0.000000 0.000000 0.000000 0.000000 0.000000 0.000000 0.000000 0.000000 0.000000 0.000000 0.000000 0.000000 0.000000 0.000000 0.000000 0.000000 0.000000 0.000000 0.000000 0.000000 0.000000 0.000000 0.000000 0.000024 0.000110 0.000261 0.000484 0.000782 0.001162 0.001630 0.002193 0.002858 0.003632 0.004525 0.005545 0.006702 0.008007 0.009470 0.011104 0.012922 0.014938 0.017165 0.019620 0.022320 0.025281 0.028522 0.032062
0.010033 0.008634 0.007295 0.006011 0.004776 0.003586 0.002437 0.001326 0.000248 0.000000 0.000000 0.000000 0.000000 0.000000 0.000000 0.000000 0.000000 0.000000 0.000000 0.000000 0.000027 0.000138 0.000340 0.000637 0.001036 0.001545 0.002169 0.002918 0.003801 0.004826 0.006005 0.007347 0.008866 0.010574 0.012484 0.014612 0.016972 0.019582 0.022459 0.025622 0.029089 0.032883 0.037023 0.041533 0.046437 0.051757 0.057520 0.063750 0.070474 0.077718 0.085509 0.093874 0.102839 0.112431 0.122675 0.133598 0.145222 0.157571 0.170667 0.184530
0.004459 0.000294 0.000000 0.000000 0.000000 0.000000 0.000000 0.000000 0.000000 0.000000 0.000000 0.000000 0.000000 0.000000 0.000000 0.000000 0.000000 0.000000 0.000000 0.000000 0.000000 0.000000 0.000000 0.000000 0.000000 0.000000 0.000000 0.000000 0.000000 0.000000 0.000000 0.000000 0.000000 0.000000 0.000000 0.000000 0.000000 0.000000 0.000000 0.000000 0.000000 0.000000 0.000000 0.000000 0.000000 0.000000 0.000000 0.000000 0.000000 0.000000 0.000000 0.000000 0.000000 0.000000 0.000000 0.000000 0.000000 0.000000 0.000000 0.000000
0.009290 0.008421 0.007675 0.007050 0.006545 0.006163 0.005904 0.005772 0.005771 0.005904 0.006179 0.006601 0.007178 0.007919 0.008832 0.009928 0.011218 0.012714 0.014430 0.016380 0.018580 0.021045 0.023794 0.026844 0.030216 0.033930 0.038009 0.042474 0.047349 0.052660 0.058431 0.064688 0.071458 0.078768 0.086644 0.095113 0.104203 0.113941 0.124352 0.135461 0.147292 0.159870 0.173214 0.187346 0.202282 0.218040 0.234634 0.252074 0.270372 0.289533 0.309564 0.330466 0.352240 0.374884 0.398394 0.422763 0.447985 0.474049 0.500943 0.528656
0.007804 0.006241 0.004717 0.003225 0.001756 0.000303 0.000000 0.000000 0.000000 0.000000 0.000000 0.000000 0.000000 0.000000 0.000000 0.000000 0.000000 0.000000 0.000000 0.000000 0.000000 0.000000 0.000000 0.000008 0.000076 0.000208 0.000408 0.000679 0.001027 0.001457 0.001974 0.002585 0.003295 0.004112 0.005045 0.006101 0.007289 0.008620 0.010103 0.011751 0.013575 0.015588 0.017804 0.020238 0.022905 0.025821 0.029005 0.032474 0.036247 0.040344 0.044787 0.049597 0.054796 0.060407 0.066455 0.072962 0.079954 0.087455 0.095489 0.104082
0.012263 0.012327 0.012488 0.012749 0.013112 0.013583 0.014164 0.014861 0.015680 0.016626 0.017706 0.018927 0.020297 0.021824 0.023517 0.025386 0.027440 0.029692 0.032151 0.034831 0.037744 0.040904 0.044324 0.048019 0.052004 0.056294 0.060906 0.065856 0.071160 0.076835 0.082898 0.089365 0.096254 0.103579 0.111358 0.119605 0.128334 0.137559 0.147291 0.157541 0.168317 0.179626 0.191473 0.203860 0.216784 0.230241 0.244223 0.258717 0.273703 0.289156 0.305043 0.321321 0.337932 0.354803 0.371832 0.388880 0.405746 0.422121 0.437481 0.450807
0.006689 0.005169 0.003697 0.002264 0.000864 0.000000 0.000000 0.000000 0.000000 0.000000 0.000000 0.000000 0.000000 0.000000 0.000000 0.000000 0.000000 0.000000 0.000000 0.000000 0.000000 0.000000 0.000000 0.000003 0.000044 0.000122 0.000237 0.000388 0.000575 0.000797 0.001053 0.001343 0.001667 0.002021 0.002406 0.002820 0.003260 0.003724 0.004210 0.004713 0.005229 0.005753 0.006280 0.006802 0.007312 0.007798 0.008249 0.008651 0.008988 0.009240 0.009383 0.009388 0.009221 0.008840 0.008193 0.007216 0.005827 0.003922 0.001362 0.000000
0.006689 0.006005 0.005401 0.004878 0.004433 0.004068 0.003780 0.003573 0.003445 0.003399 0.003436 0.003558 0.003768 0.004068 0.004462 0.004953 0.005546 0.006243 0.007052 0.007975 0.009020 0.010192 0.011498 0.012943 0.014537 0.016286 0.018198 0.020282 0.022547 0.025002 0.027657 0.030521 0.033605 0.036920 0.040475 0.044280 0.048348 0.052688 0.057309 0.062222 0.067436 0.072959 0.078797 0.084956 0.091441 0.098253 0.105390 0.112849 0.120621 0.128691 0.137039 0.145636 0.154440 0.163394 0.172420 0.181406 0.190190 0.198526 0.206012 0.211921
0.008547 0.009254 0.010110 0.011124 0.012303 0.013658 0.015199 0.016936 0.018881 0.021046 0.023445 0.026092 0.029001 0.032188 0.035669 0.039461 0.043582 0.048050 0.052884 0.058104 0.063728 0.069778 0.076273 0.083235 0.090683 0.098638 0.107120 0.116148 0.125741 0.135917 0.146693 0.158086 0.170109 0.182776 0.196099 0.210088 0.224750 0.240092 0.256117 0.272828 0.290224 0.308304 0.327063 0.346495 0.366591 0.387339 0.408725 0.430730 0.453337 0.476522 0.500259 0.524520 0.549271 0.574476 0.600091 0.626066 0.652344 0.678853 0.705507 0.732193
0.009290 0.008814 0.008374 0.007963 0.007577 0.007206 0.006844 0.006482 0.006107 0.005709 0.005273 0.004783 0.004219 0.003558 0.002772 0.001830 0.000690 0.000000 0.000000 0.000000 0.000000 0.000000 0.000000 0.000000 0.000000 0.000000 0.000000 0.000000 0.000000 0.000000 0.000000 0.000000 0.000000 0.000000 0.000000 0.000000 0.000000 0.000000 0.000000 0.000000 0.007527 0.056508 0.109475 0.166191 0.226401 0.289847 0.356271 0.425423 0.497068 0.570986 0.646974 0.724845 0.804430 0.885576 0.968142 1.052003 1.137046 1.223168 1.310277 1.398290
0.010033 0.010075 0.010204 0.010422 0.010730 0.011128 0.011618 0.012200 0.012875 0.013642 0.014500 0.015450 0.016488 0.017611 0.018814 0.020090 0.021431 0.022824 0.024252 0.025694 0.027120 0.028494 0.029763 0.030859 0.031687 0.032112 0.031936 0.030847 0.028320 0.023333 0.013352 0.000000 0.000000 0.000000 0.000000 0.000000 0.000000 0.048094 0.100292 0.156335 0.215955 0.278882 0.344854 0.413614 0.484921 0.558549 0.634290 0.711953 0.791364 0.872366 0.954814 1.038582 1.123552 1.209620 1.296691 1.384680 1.473510 1.563110 1.653417 1.744373
0.010777 0.012410 0.014241 0.016282 0.018547 0.021050 0.023808 0.026836 0.030152 0.033772 0.037715 0.042000 0.046647 0.051674 0.057102 0.062952 0.069242 0.075994 0.083225 0.090955 0.099202 0.107983 0.117312 0.127204 0.137672 0.148728 0.160381 0.172635 0.185495 0.198962 0.213032 0.227700 0.242958 0.258794 0.275192 0.292132 0.309588 0.327529 0.345921 0.364717 0.383861 0.403281 0.422885 0.442550 0.462105 0.481297 0.499723 0.516648 0.530448 0.537562 0.544950 0.552613 0.560551 0.568765 0.577256 0.586024 0.595072 0.604399 0.614007 0.623897
0.007804 0.008381 0.009002 0.009663 0.010359 0.011082 0.011823 0.012570 0.013309 0.014019 0.014675 0.015245 0.015684 0.015935 0.015917 0.015517 0.014571 0.012821 0.009830 0.004757 0.000000 0.000000 0.000000 0.004130 0.052588 0.105229 0.161760 0.221894 0.285351 0.351858 0.421154 0.492993 0.567147 0.643408 0.721583 0.801498 0.882996 0.965934 1.050184 1.135630 1.222167 1.309701 1.398147 1.487428 1.577475 1.668223 1.759617 1.851602 1.944133 2.037164 2.130657 2.224574 2.318883 2.413552 2.508553 2.603861 2.699450 2.795300 2.891388 2.987697
0.007061 0.005135 0.003052 0.000777 0.000000 0.000000 0.000000 0.000000 0.000000 0.000000 0.000000 0.000000 0.000000 0.000000 0.000000 0.000000 0.000000 0.000000 0.006026 0.054419 0.107089 0.163696 0.223935 0.287511 0.354145 0.423574 0.495549 0.569841 0.646239 0.724551 0.804602 0.886233 0.969303 1.053682 1.139255 1.225917 1.313577 1.402149 1.491557 1.581732 1.672610 1.764134 1.856253 1.948918 2.042086 2.135719 2.229779 2.324233 2.419051 2.514204 2.609667 2.705415 2.801426 2.897679 2.994156 3.090839 3.187711 3.284756 3.381961 3.479312
0.009662 0.011318 0.013144 0.015151 0.017354 0.019765 0.022399 0.025273 0.028401 0.031801 0.035491 0.039490 0.043817 0.048491 0.053535 0.058968 0.064812 0.071089 0.077821 0.085028 0.092737 0.100967 0.109735 0.119057 0.128942 0.139391 0.150394 0.161921 0.173911 0.186245 0.198694 0.210771 0.221230 0.225549 0.238756 0.301963 0.368514 0.438022 0.510176 0.584711 0.661394 0.740019 0.820403 0.902382 0.985809 1.070554 1.156499 1.243537 1.331575 1.420525 1.510311 1.600862 1.692117 1.784016 1.876509 1.969546 2.063086 2.157088 2.251516 2.346337
0.005946 0.007208 0.008507 0.009837 0.011186 0.012544 0.013892 0.015209 0.016467 0.017624 0.018630 0.019408 0.019855 0.019813 0.019028 0.017058 0.012984 0.004212 0.000000 0.048189 0.100697 0.157191 0.217362 0.280916 0.347570 0.417055 0.489120 0.563531 0.640074 0.718553 0.798791 0.880627 0.963917 1.048530 1.134348 1.221265 1.309188 1.398032 1.487719 1.578177 1.669345 1.761163 1.853579 1.946545 2.040018 2.133957 2.228326 2.323091 2.418222 2.513690 2.609468 2.705533 2.801862 2.898434 2.995231 3.092234 3.189426 3.286792 3.384319 3.481991
0.007061 0.008130 0.009246 0.010406 0.011606 0.012842 0.014106 0.015389 0.016678 0.017955 0.019198 0.020376 0.021446 0.022350 0.023006 0.023291 0.023019 0.021904 0.019744 0.069261 0.123157 0.181021 0.242511 0.307313 0.375138 0.445717 0.518801 0.594161 0.671586 0.750888 0.831893 0.914446 0.998408 1.083653 1.170066 1.257547 1.346002 1.435349 1.525512 1.616424 1.708023 1.800253 1.893063 1.986406 2.080240 2.174527 2.269231 2.364320 2.459762 2.555532 2.651602 2.747951 2.844555 2.941395 3.038453 3.135709 3.233149 3.330758 3.428520 3.526424
0.008175 0.010414 0.012832 0.015440 0.018254 0.021289 0.024559 0.028081 0.031874 0.035956 0.040346 0.045066 0.050140 0.055590 0.061446 0.067736 0.074495 0.081766 0.089602 0.098079 0.107316 0.117525 0.129182 0.143867 0.176658 0.236776 0.300587 0.367654 0.437636 0.510241 0.585213 0.662325 0.741373 0.822175 0.904569 0.988409 1.073563 1.159913 1.247355 1.335794 1.425142 1.515325 1.606270 1.697917 1.790206 1.883085 1.976508 2.070432 2.164815 2.259623 2.354821 2.450380 2.546271 2.642468 2.738948 2.835688 2.932667 3.029867 3.127269 3.224858
0.007432 0.008633 0.009901 0.011239 0.012648 0.014132 0.015692 0.017330 0.019049 0.020851 0.022740 0.024721 0.026806 0.029024 0.031446 0.034275 0.038275 0.049452 0.103129 0.159408 0.219559 0.283210 0.350039 0.419753 0.492087 0.566798 0.643666 0.722490 0.803089 0.885300 0.968976 1.053984 1.140206 1.227534 1.315873 1.405135 1.495243 1.586124 1.677716 1.769959 1.862802 1.956195 2.050094 2.144461 2.239257 2.334449 2.430006 2.525900 2.622104 2.718594 2.815347 2.912343 3.009563 3.106989 3.204603 3.302390 3.400337 3.498429 3.596653 3.694998
0.009290 0.011937 0.014787 0.017853 0.021154 0.024705 0.028525 0.032634 0.037053 0.041805 0.046915 0.052407 0.058313 0.064665 0.071501 0.078865 0.086816 0.095428 0.104809 0.115136 0.126745 0.140465 0.159718 0.230430 0.293846 0.360648 0.430451 0.502941 0.577848 0.654935 0.733992 0.814832 0.897288 0.981210 1.066465 1.152933 1.240506 1.329086 1.418588 1.508933 1.600049 1.691873 1.784347 1.877416 1.971034 2.065157 2.159744 2.254759 2.350168 2.445940 2.542047 2.638462 2.735162 2.832124 2.929327 3.026752 3.124382 3.222199 3.320188 3.418335
0.006317 0.005567 0.004669 0.003598 0.002323 0.000806 0.000000 0.000000 0.000000 0.000000 0.000000 0.000000 0.000000 0.000000 0.000000 0.047858 0.100382 0.157081 0.217578 0.281539 0.348660 0.418656 0.491264 0.566244 0.643377 0.722466 0.803329 0.885802 0.969739 1.055007 1.141488 1.229074 1.317669 1.407186 1.497548 1.588682 1.680525 1.773018 1.866110 1.959750 2.053896 2.148508 2.243548 2.338983 2.434782 2.530916 2.627360 2.724088 2.821079 2.918312 3.015768 3.113428 3.211276 3.309296 3.407475 3.505798 3.604253 3.702827 3.801511 3.900294
0.006689 0.008823 0.011112 0.013569 0.016208 0.019043 0.022090 0.025366 0.028889 0.032680 0.036760 0.041154 0.045888 0.050993 0.056504 0.062462 0.068922 0.075949 0.083636 0.092122 0.101645 0.112703 0.126723 0.152949 0.219833 0.282885 0.349395 0.418965 0.491273 0.566044 0.643034 0.722030 0.802840 0.885293 0.969236 1.054534 1.141063 1.228714 1.317388 1.406996 1.497459 1.588704 1.680666 1.773286 1.866509 1.960288 2.054577 2.149336 2.244528 2.340119 2.436076 2.532372 2.628980 2.725875 2.823035 2.920439 3.018067 3.115901 3.213925 3.312123
0.007061 0.009403 0.011920 0.014624 0.017530 0.020657 0.024021 0.027641 0.031538 0.035734 0.040254 0.045123 0.050370 0.056026 0.062128 0.068717 0.075838 0.083544 0.091900 0.100988 0.110918 0.121854 0.134061 0.148073 0.165334 0.194136 0.262766 0.327910 0.396381 0.467773 0.541765 0.618090 0.696514 0.776831 0.858859 0.942438 1.027423 1.113686 1.201112 1.289596 1.379048 1.469382 1.560524 1.652407 1.744968 1.838151 1.931907 2.026189 2.120955 2.216166 2.311787 2.407786 2.504133 2.600801 2.697764 2.795000 2.892487 2.990204 3.088133 3.186257
0.007061 0.005520 0.003634 0.001327 0.000000 0.000000 0.000000 0.000000 0.000000 0.000000 0.000000 0.000000 0.000000 0.048256 0.101195 0.158326 0.219271 0.283692 0.351282 0.421753 0.494840 0.570299 0.647909 0.727466 0.808791 0.891718 0.976100 1.061808 1.148720 1.236733 1.325749 1.415683 1.506456 1.597998 1.690244 1.783137 1.876623 1.970656 2.065190 2.160187 2.255609 2.351423 2.447598 2.544106 2.640921 2.738018 2.835375 2.932972 3.030789 3.128809 3.227015 3.325391 3.423924 3.522599 3.621405 3.720329 3.819360 3.918488 4.017704 4.116998
0.010777 0.012258 0.013824 0.015484 0.017248 0.019125 0.021128 0.023268 0.025558 0.028015 0.030653 0.033491 0.036549 0.039847 0.043414 0.047276 0.051465 0.056015 0.060967 0.066368 0.072274 0.078754 0.085897 0.093826 0.102724 0.112902 0.125030 0.141247 0.185386 0.246070 0.310734 0.378793 0.449840 0.523552 0.599653 0.677905 0.758097 0.840043 0.923576 1.008550 1.094830 1.182300 1.270852 1.360392 1.450833 1.542099 1.634121 1.726834 1.820182 1.914113 2.008580 2.103539 2.198952 2.294782 2.390997 2.487566 2.584460 2.681656 2.779128 2.876854
