0.078803 0.077759 0.076695 0.075610 0.074505 0.073379 0.072233 0.071066 0.069880 0.068675 0.067451 0.066211 0.064955 0.063685 0.062402 0.061109 0.059807 0.058498 0.057185 0.055871 0.054558 0.053249 0.051948 0.050659 0.049384 0.048129 0.046898 0.045696 0.044529 0.043401 0.042321 0.041295 0.040332 0.039441 0.038555 0.037666 0.036774 0.035882 0.034988 0.034096 0.033205 0.032316 0.031431 0.030549 0.029672 0.028801 0.027937 0.027079 0.026230 0.025388 0.024557 0.023735 0.022923 0.022123 0.021335 0.020559 0.019796 0.019048 0.018314 0.017595
0.069111 0.068285 0.067438 0.066571 0.065684 0.064777 0.063851 0.062906 0.061945 0.060968 0.059977 0.058975 0.057964 0.056947 0.055926 0.054906 0.053890 0.052882 0.051886 0.050908 0.049953 0.049026 0.048134 0.047284 0.046483 0.045741 0.045033 0.044315 0.043589 0.042855 0.042116 0.041373 0.040627 0.039879 0.039131 0.038383 0.037636 0.036893 0.036152 0.035417 0.034686 0.033962 0.033244 0.032534 0.031833 0.031140 0.030456 0.029783 0.029120 0.028468 0.027827 0.027198 0.026581 0.025975 0.025382 0.024801 0.024232 0.023675 0.023130 0.022597
0.079225 0.077982 0.076716 0.075427 0.074114 0.072778 0.071419 0.070037 0.068634 0.067209 0.065764 0.064299 0.062817 0.061317 0.059803 0.058274 0.056732 0.055181 0.053621 0.052054 0.050484 0.048912 0.047341 0.045774 0.044214 0.042666 0.041131 0.039616 0.038123 0.036658 0.035227 0.033835 0.032488 0.031195 0.029962 0.028798 0.027714 0.026721 0.025817 0.024918 0.024025 0.023139 0.022261 0.021392 0.020535 0.019690 0.018858 0.018041 0.017240 0.016457 0.015692 0.014948 0.014225 0.013525 0.012850 0.012200 0.011576 0.010980 0.010413 0.009876
0.056890 0.056140 0.055359 0.054550 0.053712 0.052847 0.051957 0.051043 0.050109 0.049156 0.048189 0.047210 0.046224 0.045236 0.044249 0.043269 0.042301 0.041351 0.040426 0.039532 0.038676 0.037867 0.037115 0.036428 0.035786 0.035135 0.034474 0.033806 0.033133 0.032456 0.031775 0.031094 0.030412 0.029731 0.029053 0.028377 0.027704 0.027037 0.026375 0.025719 0.025070 0.024429 0.023796 0.023171 0.022555 0.021948 0.021352 0.020765 0.020188 0.019622 0.019066 0.018521 0.017987 0.017463 0.016950 0.016448 0.015957 0.015476 0.015006 0.014547
0.080910 0.079719 0.078508 0.077277 0.076025 0.074753 0.073462 0.072150 0.070819 0.069469 0.068101 0.066715 0.065312 0.063894 0.062461 0.061013 0.059554 0.058083 0.056603 0.055115 0.053620 0.052122 0.050621 0.049120 0.047621 0.046127 0.044641 0.043166 0.041705 0.040262 0.038841 0.037446 0.036082 0.034753 0.033467 0.032229 0.031045 0.029925 0.028875 0.027907 0.027030 0.026237 0.025450 0.024670 0.023897 0.023133 0.022379 0.021636 0.020906 0.020188 0.019485 0.018796 0.018123 0.017466 0.016825 0.016203 0.015598 0.015013 0.014446 0.013899
0.068689 0.067929 0.067154 0.066364 0.065560 0.064742 0.063910 0.063066 0.062209 0.061341 0.060464 0.059578 0.058686 0.057789 0.056889 0.055988 0.055090 0.054196 0.053309 0.052433 0.051571 0.050726 0.049903 0.049105 0.048339 0.047608 0.046919 0.046279 0.045694 0.045173 0.044726 0.044364 0.044086 0.043844 0.043646 0.043502 0.043424 0.043428 0.043537 0.043782 0.044208 0.044893 0.045969 0.047723 0.050991 0.061748 0.088290 0.114340 0.139986 0.165327 0.190503 0.215788 0.242185 0.271171 0.299930 0.328477 0.356824 0.384982 0.412962 0.440774
0.075432 0.074593 0.073744 0.072887 0.072020 0.071145 0.070261 0.069370 0.068471 0.067566 0.066655 0.065740 0.064821 0.063901 0.062980 0.062061 0.061144 0.060232 0.059327 0.058431 0.057546 0.056676 0.055823 0.054990 0.054181 0.053399 0.052649 0.051935 0.051263 0.050638 0.050067 0.049558 0.049122 0.048769 0.048515 0.048378 0.048384 0.048569 0.048953 0.049598 0.050657 0.052495 0.056396 0.083300 0.109705 0.135712 0.161439 0.187075 0.213087 0.242616 0.271896 0.300941 0.329765 0.358382 0.386804 0.415041 0.443106 0.471006 0.498751 0.526349
0.080067 0.079448 0.078830 0.078214 0.077601 0.076991 0.076385 0.075782 0.075185 0.074595 0.074012 0.073438 0.072875 0.072326 0.071792 0.071276 0.070782 0.070314 0.069875 0.069472 0.069111 0.068800 0.068550 0.068372 0.068285 0.068311 0.068487 0.068865 0.069532 0.070654 0.072614 0.076741 0.103455 0.130005 0.156899 0.187183 0.217179 0.246904 0.276373 0.305604 0.334608 0.363401 0.391994 0.420399 0.448627 0.476689 0.504592 0.532346 0.559959 0.587436 0.614785 0.642012 0.669121 0.696120 0.723010 0.749798 0.776488 0.803082 0.829584 0.855998
0.096502 0.095949 0.095409 0.094882 0.094372 0.093877 0.093401 0.092945 0.092511 0.092103 0.091722 0.091374 0.091062 0.090792 0.090573 0.090412 0.090323 0.090322 0.090432 0.090688 0.091145 0.091896 0.093132 0.095330 0.100591 0.127682 0.155266 0.185961 0.216353 0.246459 0.276295 0.305877 0.335220 0.364339 0.393247 0.421956 0.450478 0.478824 0.507002 0.535022 0.562893 0.590621 0.618214 0.645679 0.673021 0.700245 0.727357 0.754362 0.781264 0.808066 0.834773 0.861387 0.887913 0.914353 0.940709 0.966985 0.993182 1.019304 1.045351 1.071326
0.085967 0.085553 0.085151 0.084764 0.084393 0.084038 0.083703 0.083388 0.083098 0.082835 0.082603 0.082408 0.082254 0.082149 0.082104 0.082132 0.082250 0.082486 0.082880 0.083501 0.084479 0.086119 0.089483 0.116803 0.144403 0.175389 0.206065 0.236449 0.266558 0.296407 0.326012 0.355387 0.384546 0.413500 0.442262 0.470842 0.499251 0.527497 0.555589 0.583536 0.611344 0.639021 0.666571 0.694002 0.721318 0.748524 0.775624 0.802623 0.829525 0.856333 0.883050 0.909679 0.936224 0.962687 0.989070 1.015375 1.041605 1.067762 1.093848 1.119864
0.080067 0.079685 0.079312 0.078951 0.078601 0.078265 0.077946 0.077645 0.077366 0.077113 0.076891 0.076706 0.076566 0.076483 0.076469 0.076548 0.076749 0.077123 0.077758 0.078830 0.080789 0.085662 0.112769 0.140203 0.171028 0.201559 0.231817 0.261817 0.291575 0.321105 0.350422 0.379536 0.408460 0.437204 0.465778 0.494192 0.522453 0.550570 0.578550 0.606399 0.634123 0.661728 0.689219 0.716601 0.743878 0.771054 0.798133 0.825119 0.852015 0.878823 0.905546 0.932188 0.958750 0.985236 1.011646 1.037982 1.064248 1.090444 1.116572 1.142634
0.081753 0.081686 0.081648 0.081642 0.081671 0.081740 0.081856 0.082024 0.082256 0.082563 0.082965 0.083487 0.084170 0.085086 0.086372 0.088369 0.092468 0.120385 0.150056 0.181230 0.212097 0.242675 0.272980 0.303029 0.332836 0.362417 0.391783 0.420948 0.449922 0.478716 0.507341 0.535805 0.564116 0.592283 0.620312 0.648211 0.675984 0.703638 0.731178 0.758609 0.785934 0.813159 0.840286 0.867320 0.894264 0.921119 0.947891 0.974580 1.001190 1.027722 1.054179 1.080563 1.106875 1.133118 1.159293 1.185401 1.211445 1.237424 1.263342 1.289198
0.070796 0.071003 0.071245 0.071528 0.071856 0.072236 0.072675 0.073183 0.073775 0.074468 0.075289 0.076281 0.077517 0.079145 0.081552 0.086658 0.115132 0.146838 0.178339 0.209520 0.240399 0.270992 0.301316 0.331386 0.361217 0.390822 0.420215 0.449407 0.478411 0.507235 0.535891 0.564387 0.592731 0.620931 0.648994 0.676927 0.704736 0.732426 0.760002 0.787469 0.814831 0.842093 0.869258 0.896329 0.923310 0.950205 0.977014 1.003742 1.030390 1.056961 1.083457 1.109880 1.136232 1.162514 1.188728 1.214876 1.240959 1.266978 1.292935 1.318830
0.090181 0.089963 0.089761 0.089575 0.089408 0.089261 0.089137 0.089040 0.088972 0.088937 0.088943 0.088996 0.089106 0.089286 0.089557 0.089946 0.090503 0.091314 0.092562 0.094766 0.101106 0.128743 0.157422 0.188527 0.219337 0.249872 0.280147 0.310176 0.339975 0.369556 0.398933 0.428116 0.457117 0.485945 0.514611 0.543121 0.571485 0.599709 0.627801 0.655766 0.683611 0.711339 0.738957 0.766469 0.793878 0.821189 0.848406 0.875531 0.902567 0.929518 0.956386 0.983174 1.009883 1.036517 1.063076 1.089564 1.115981 1.142329 1.168611 1.194826
0.087653 0.087436 0.087233 0.087043 0.086869 0.086712 0.086574 0.086457 0.086364 0.086298 0.086265 0.086268 0.086316 0.086417 0.086583 0.086834 0.087194 0.087706 0.088445 0.089560 0.091446 0.095930 0.123503 0.151696 0.182853 0.213714 0.244296 0.274614 0.304686 0.334524 0.364142 0.393553 0.422769 0.451801 0.480659 0.509352 0.537889 0.566278 0.594526 0.622640 0.650627 0.678492 0.706241 0.733878 0.761408 0.788835 0.816163 0.843396 0.870536 0.897588 0.924554 0.951437 0.978238 1.004961 1.031608 1.058181 1.084681 1.111110 1.137471 1.163764
0.067425 0.067316 0.067212 0.067115 0.067025 0.066944 0.066874 0.066815 0.066771 0.066743 0.066736 0.066752 0.066797 0.066876 0.066997 0.067170 0.067407 0.067727 0.068156 0.068739 0.069550 0.070744 0.072732 0.077500 0.105072 0.132794 0.162746 0.193717 0.224399 0.254808 0.284961 0.314871 0.344554 0.374023 0.403289 0.432364 0.461259 0.489985 0.518550 0.546964 0.575234 0.603367 0.631369 0.659247 0.687006 0.714651 0.742188 0.769619 0.796950 0.824184 0.851324 0.878375 0.905338 0.932216 0.959013 0.985730 1.012370 1.038934 1.065426 1.091846
0.080067 0.079615 0.079159 0.078699 0.078234 0.077765 0.077293 0.076816 0.076336 0.075852 0.075366 0.074877 0.074386 0.073894 0.073401 0.072910 0.072421 0.071935 0.071455 0.070982 0.070520 0.070071 0.069639 0.069229 0.068848 0.068503 0.068204 0.067965 0.067804 0.067745 0.067827 0.068108 0.068693 0.069784 0.071892 0.077177 0.103672 0.130072 0.156881 0.187152 0.217173 0.246959 0.276526 0.305887 0.335053 0.364036 0.392846 0.421492 0.449983 0.478327 0.506531 0.534601 0.562545 0.590366 0.618072 0.645666 0.673153 0.700537 0.727822 0.755011
0.103666 0.102807 0.101935 0.101049 0.100147 0.099230 0.098297 0.097346 0.096378 0.095391 0.094384 0.093358 0.092311 0.091241 0.090150 0.089035 0.087895 0.086731 0.085540 0.084323 0.083078 0.081804 0.080501 0.079167 0.077802 0.076404 0.074974 0.073509 0.072009 0.070474 0.068901 0.067291 0.065643 0.063955 0.062228 0.060461 0.058653 0.056804 0.054916 0.052987 0.051018 0.049008 0.046958 0.044870 0.042742 0.040578 0.038378 0.036144 0.033879 0.031585 0.029268 0.026930 0.024578 0.022220 0.019863 0.017519 0.015201 0.012929 0.010724 0.008617
0.099031 0.098259 0.097477 0.096683 0.095878 0.095061 0.094231 0.093388 0.092531 0.091660 0.090773 0.089872 0.088954 0.088020 0.087069 0.086101 0.085115 0.084110 0.083087 0.082044 0.080981 0.079897 0.078793 0.077667 0.076519 0.075348 0.074154 0.072936 0.071694 0.070426 0.069134 0.067814 0.066468 0.065094 0.063693 0.062262 0.060802 0.059312 0.057792 0.056240 0.054657 0.053042 0.051395 0.049716 0.048005 0.046261 0.044485 0.042678 0.040840 0.038971 0.037075 0.035151 0.033201 0.031230 0.029238 0.027231 0.025212 0.023188 0.021164 0.019150
0.084703 0.083994 0.083269 0.082529 0.081771 0.080994 0.080199 0.079384 0.078547 0.077690 0.076810 0.075907 0.074980 0.074029 0.073054 0.072053 0.071027 0.069975 0.068897 0.067792 0.066661 0.065503 0.064317 0.063105 0.061865 0.060598 0.059304 0.057983 0.056635 0.055260 0.053858 0.052430 0.050975 0.049496 0.047991 0.046461 0.044908 0.043332 0.041733 0.040115 0.038476 0.036820 0.035148 0.033461 0.031764 0.030057 0.028345 0.026631 0.024920 0.023217 0.021527 0.019857 0.018215 0.016610 0.015052 0.013554 0.012128 0.010789 0.009555 0.008443
0.111252 0.110108 0.108940 0.107747 0.106528 0.105282 0.104007 0.102702 0.101368 0.100002 0.098603 0.097171 0.095704 0.094202 0.092663 0.091087 0.089472 0.087818 0.086124 0.084389 0.082612 0.080793 0.078930 0.077024 0.075074 0.073078 0.071037 0.068951 0.066819 0.064641 0.062418 0.060149 0.057834 0.055475 0.053072 0.050625 0.048137 0.045608 0.043041 0.040437 0.037800 0.035132 0.032438 0.029723 0.026993 0.024255 0.021519 0.018796 0.016103 0.013461 0.010896 0.008446 0.006163 0.004119 0.002406 0.001130 0.000360 0.000054 0.000052 0.000205
0.085124 0.084154 0.083155 0.082127 0.081069 0.079979 0.078858 0.077703 0.076515 0.075293 0.074036 0.072743 0.071415 0.070050 0.068650 0.067212 0.065738 0.064227 0.062679 0.061095 0.059474 0.057817 0.056123 0.054395 0.052631 0.050832 0.049000 0.047135 0.045239 0.043312 0.041356 0.039373 0.037364 0.035333 0.033283 0.031215 0.029135 0.027046 0.024955 0.022868 0.020792 0.018737 0.016713 0.014736 0.012820 0.010986 0.009259 0.007665 0.006239 0.005014 0.004023 0.003291 0.002825 0.002613 0.002629 0.002845 0.003240 0.003810 0.004494 0.005034
0.096502 0.095437 0.094344 0.093222 0.092070 0.090887 0.089673 0.088427 0.087147 0.085834 0.084486 0.083104 0.081686 0.080232 0.078742 0.077215 0.075650 0.074048 0.072408 0.070730 0.069013 0.067258 0.065465 0.063632 0.061762 0.059852 0.057905 0.055919 0.053897 0.051837 0.049742 0.047611 0.045447 0.043250 0.041022 0.038766 0.036483 0.034177 0.031851 0.029510 0.027158 0.024802 0.022449 0.020108 0.017791 0.015512 0.013289 0.011144 0.009107 0.007212 0.005506 0.004040 0.002868 0.002030 0.001535 0.001345 0.001395 0.001624 0.001995 0.002496
0.066582 0.066110 0.065608 0.065075 0.064512 0.063918 0.063293 0.062636 0.061948 0.061230 0.060482 0.059705 0.058901 0.058071 0.057216 0.056338 0.055438 0.054518 0.053580 0.052627 0.051660 0.050681 0.049693 0.048697 0.047697 0.046696 0.045695 0.044697 0.043706 0.042725 0.041756 0.040804 0.039872 0.038965 0.038086 0.037240 0.036432 0.035669 0.034954 0.034296 0.033702 0.033179 0.032737 0.032305 0.031867 0.031425 0.030979 0.030530 0.030078 0.029625 0.029169 0.028713 0.028257 0.027801 0.027345 0.026891 0.026438 0.025987 0.025539 0.025093
0.100295 0.099325 0.098324 0.097291 0.096225 0.095126 0.093991 0.092821 0.091615 0.090371 0.089089 0.087769 0.086410 0.085010 0.083570 0.082089 0.080567 0.079002 0.077394 0.075744 0.074050 0.072313 0.070532 0.068706 0.066837 0.064923 0.062965 0.060962 0.058916 0.056826 0.054694 0.052519 0.050303 0.048046 0.045750 0.043417 0.041049 0.038647 0.036214 0.033755 0.031272 0.028772 0.026258 0.023740 0.021225 0.018725 0.016255 0.013831 0.011477 0.009224 0.007113 0.005197 0.003540 0.002217 0.001291 0.000771 0.000592 0.000644 0.000839 0.001133
0.116730 0.115735 0.114709 0.113651 0.112561 0.111436 0.110277 0.109081 0.107849 0.106580 0.105272 0.103924 0.102536 0.101107 0.099636 0.098121 0.096563 0.094960 0.093312 0.091618 0.089877 0.088088 0.086252 0.084366 0.082432 0.080448 0.078414 0.076330 0.074195 0.072011 0.069775 0.067490 0.065154 0.062769 0.060334 0.057852 0.055322 0.052746 0.050125 0.047461 0.044757 0.042014 0.039235 0.036424 0.033586 0.030725 0.027847 0.024960 0.022074 0.019202 0.016358 0.013566 0.010853 0.008261 0.005847 0.003692 0.001909 0.000625 0.000000 0.000000
0.080067 0.079632 0.079164 0.078662 0.078126 0.077554 0.076947 0.076303 0.075623 0.074905 0.074150 0.073357 0.072526 0.071658 0.070751 0.069807 0.068824 0.067804 0.066746 0.065650 0.064517 0.063346 0.062139 0.060894 0.059612 0.058294 0.056940 0.055549 0.054124 0.052663 0.051168 0.049638 0.048076 0.046480 0.044853 0.043196 0.041509 0.039794 0.038052 0.036286 0.034497 0.032688 0.030861 0.029021 0.027170 0.025313 0.023456 0.021604 0.019764 0.017946 0.016159 0.014414 0.012726 0.011112 0.009589 0.008180 0.006908 0.005798 0.004872 0.004148
0.088496 0.087967 0.087404 0.086806 0.086173 0.085504 0.084798 0.084054 0.083274 0.082455 0.081598 0.080702 0.079766 0.078791 0.077776 0.076721 0.075625 0.074488 0.073309 0.072089 0.070827 0.069522 0.068175 0.066786 0.065353 0.063878 0.062359 0.060798 0.059193 0.057546 0.055855 0.054123 0.052348 0.050532 0.048675 0.046779 0.044844 0.042871 0.040862 0.038819 0.036743 0.034639 0.032507 0.030353 0.028179 0.025992 0.023797 0.021601 0.019413 0.017244 0.015107 0.013018 0.010998 0.009072 0.007273 0.005639 0.004214 0.003046 0.002170 0.001597
0.093974 0.093673 0.093342 0.092981 0.092588 0.092163 0.091707 0.091217 0.090695 0.090139 0.089550 0.088926 0.088267 0.087573 0.086844 0.086079 0.085277 0.084439 0.083563 0.082650 0.081698 0.080707 0.079677 0.078608 0.077498 0.076347 0.075155 0.073922 0.072646 0.071327 0.069966 0.068561 0.067113 0.065620 0.064084 0.062503 0.060878 0.059208 0.057494 0.055737 0.053936 0.052091 0.050204 0.048276 0.046307 0.044298 0.042251 0.040168 0.038051 0.035902 0.033724 0.031520 0.029295 0.027053 0.024799 0.022541 0.020287 0.018048 0.015834 0.013663
0.110830 0.110664 0.110469 0.110244 0.109989 0.109702 0.109383 0.109032 0.108647 0.108227 0.107773 0.107282 0.106754 0.106189 0.105586 0.104943 0.104260 0.103536 0.102771 0.101962 0.101110 0.100214 0.099273 0.098286 0.097251 0.096169 0.095039 0.093859 0.092630 0.091349 0.090018 0.088634 0.087198 0.085708 0.084166 0.082569 0.080918 0.079213 0.077453 0.075639 0.073771 0.071848 0.069871 0.067840 0.065757 0.063620 0.061433 0.059194 0.056906 0.054569 0.052186 0.049757 0.047285 0.044772 0.042220 0.039632 0.037012 0.034363 0.031691 0.028999
0.092710 0.092756 0.092767 0.092742 0.092681 0.092584 0.092450 0.092278 0.092068 0.091820 0.091532 0.091204 0.090836 0.090426 0.089975 0.089482 0.088946 0.088366 0.087742 0.087073 0.086358 0.085597 0.084789 0.083934 0.083030 0.082077 0.081075 0.080023 0.078920 0.077766 0.076560 0.075303 0.073993 0.072631 0.071216 0.069748 0.068227 0.066654 0.065028 0.063349 0.061618 0.059836 0.058003 0.056119 0.054187 0.052206 0.050177 0.048104 0.045986 0.043826 0.041625 0.039388 0.037115 0.034810 0.032477 0.030120 0.027745 0.025356 0.022962 0.020570
0.096081 0.096325 0.096534 0.096707 0.096844 0.096945 0.097009 0.097035 0.097022 0.096971 0.096881 0.096750 0.096578 0.096365 0.096110 0.095811 0.095469 0.095082 0.094650 0.094173 0.093648 0.093075 0.092454 0.091784 0.091064 0.090293 0.089471 0.088597 0.087670 0.086689 0.085655 0.084566 0.083423 0.082224 0.080969 0.079659 0.078293 0.076871 0.075393 0.073859 0.072269 0.070624 0.068924 0.067170 0.065361 0.063500 0.061586 0.059621 0.057606 0.055541 0.053429 0.051271 0.049069 0.046825 0.044540 0.042217 0.039859 0.037468 0.035049 0.032605
0.084281 0.085053 0.085791 0.086497 0.087171 0.087813 0.088423 0.089000 0.089545 0.090058 0.090539 0.090987 0.091403 0.091786 0.092136 0.092452 0.092736 0.092985 0.093200 0.093380 0.093525 0.093634 0.093707 0.093743 0.093741 0.093701 0.093622 0.093503 0.093343 0.093142 0.092899 0.092612 0.092281 0.091906 0.091484 0.091016 0.090500 0.089936 0.089323 0.088659 0.087945 0.087179 0.086361 0.085490 0.084565 0.083586 0.082553 0.081466 0.080323 0.079125 0.077871 0.076562 0.075197 0.073777 0.072302 0.070772 0.069188 0.067550 0.065859 0.064115
0.107038 0.107913 0.108758 0.109571 0.110352 0.111100 0.111816 0.112498 0.113147 0.113760 0.114339 0.114881 0.115387 0.115856 0.116286 0.116677 0.117029 0.117339 0.117609 0.117835 0.118018 0.118157 0.118250 0.118296 0.118295 0.118245 0.118146 0.117996 0.117795 0.117541 0.117233 0.116871 0.116454 0.115980 0.115450 0.114862 0.114215 0.113510 0.112745 0.111920 0.111034 0.110088 0.109081 0.108014 0.106885 0.105695 0.104444 0.103132 0.101760 0.100328 0.098836 0.097285 0.095676 0.094008 0.092284 0.090503 0.088667 0.086777 0.084833 0.082837
0.096502 0.097611 0.098682 0.099716 0.100711 0.101668 0.102585 0.103463 0.104301 0.105098 0.105854 0.106568 0.107238 0.107865 0.108447 0.108984 0.109475 0.109918 0.110313 0.110659 0.110956 0.111201 0.111394 0.111534 0.111621 0.111653 0.111630 0.111550 0.111413 0.111218 0.110965 0.110652 0.110279 0.109847 0.109353 0.108798 0.108182 0.107505 0.106765 0.105964 0.105101 0.104177 0.103191 0.102144 0.101036 0.099868 0.098640 0.097352 0.096006 0.094602 0.093141 0.091624 0.090051 0.088424 0.086743 0.085010 0.083226 0.081391 0.079508 0.077577
0.083017 0.084877 0.086698 0.088481 0.090226 0.091934 0.093605 0.095239 0.096837 0.098398 0.099923 0.101411 0.102862 0.104276 0.105652 0.106991 0.108292 0.109554 0.110776 0.111959 0.113102 0.114203 0.115262 0.116278 0.117251 0.118179 0.119062 0.119898 0.120687 0.121427 0.122118 0.122758 0.123347 0.123884 0.124366 0.124795 0.125168 0.125484 0.125743 0.125944 0.126086 0.126168 0.126189 0.126150 0.126048 0.125885 0.125658 0.125369 0.125017 0.124601 0.124121 0.123578 0.122972 0.122302 0.121569 0.120774 0.119916 0.118996 0.118014 0.116972
0.090603 0.092835 0.095034 0.097201 0.099335 0.101438 0.103509 0.105549 0.107559 0.109537 0.111485 0.113403 0.115289 0.117145 0.118970 0.120763 0.122525 0.124255 0.125952 0.127617 0.129248 0.130844 0.132406 0.133933 0.135423 0.136876 0.138291 0.139668 0.141004 0.142299 0.143553 0.144764 0.145930 0.147051 0.148126 0.149154 0.150132 0.151061 0.151939 0.152764 0.153537 0.154254 0.154916 0.155522 0.156070 0.156559 0.156988 0.157358 0.157666 0.157912 0.158095 0.158216 0.158273 0.158266 0.158195 0.158059 0.157859 0.157594 0.157265 0.156871
0.103245 0.105760 0.108245 0.110701 0.113128 0.115525 0.117894 0.120233 0.122544 0.124826 0.127079 0.129303 0.131498 0.133663 0.135797 0.137902 0.139975 0.142018 0.144028 0.146005 0.147950 0.149860 0.151735 0.153575 0.155378 0.157144 0.158871 0.160559 0.162206 0.163811 0.165374 0.166893 0.168367 0.169794 0.171174 0.172505 0.173786 0.175015 0.176193 0.177316 0.178385 0.179398 0.180355 0.181253 0.182092 0.182871 0.183589 0.184245 0.184839 0.185370 0.185837 0.186240 0.186579 0.186853 0.187061 0.187205 0.187283 0.187295 0.187243 0.187126
0.093974 0.096965 0.099925 0.102855 0.105756 0.108627 0.111471 0.114286 0.117075 0.119836 0.122571 0.125279 0.127961 0.130616 0.133245 0.135847 0.138423 0.140971 0.143493 0.145987 0.148453 0.150891 0.153299 0.155679 0.158029 0.160347 0.162635 0.164890 0.167113 0.169301 0.171455 0.173573 0.175654 0.177697 0.179701 0.181665 0.183588 0.185469 0.187305 0.189097 0.190842 0.192540 0.194189 0.195788 0.197336 0.198830 0.200271 0.201657 0.202987 0.204259 0.205472 0.206626 0.207720 0.208752 0.209722 0.210630 0.211473 0.212253 0.212967 0.213617
0.077118 0.081097 0.085040 0.088951 0.092834 0.096692 0.100528 0.104343 0.108142 0.111925 0.115696 0.119457 0.123210 0.126958 0.130702 0.134445 0.138189 0.141938 0.145693 0.149458 0.153235 0.157029 0.160842 0.164678 0.168542 0.172439 0.176373 0.180328 0.184269 0.188198 0.192116 0.196023 0.199920 0.203808 0.207687 0.211558 0.215421 0.219278 0.223130 0.226976 0.230817 0.234655 0.238491 0.242324 0.246156 0.249988 0.253820 0.257655 0.261492 0.265332 0.269178 0.273031 0.276891 0.280760 0.284640 0.288533 0.292441 0.296366 0.300311 0.304278
0.098609 0.102497 0.106355 0.110185 0.113988 0.117766 0.121518 0.125248 0.128954 0.132637 0.136299 0.139940 0.143560 0.147159 0.150739 0.154300 0.157841 0.161363 0.164866 0.168350 0.171817 0.175264 0.178694 0.182105 0.185498 0.188873 0.192229 0.195567 0.198887 0.202187 0.205469 0.208731 0.211974 0.215197 0.218400 0.221583 0.224744 0.227884 0.231002 0.234097 0.237170 0.240218 0.243242 0.246240 0.249213 0.252158 0.255076 0.257965 0.260824 0.263653 0.266450 0.269214 0.271943 0.274638 0.277296 0.279916 0.282497 0.285037 0.287536 0.289991
0.092710 0.097275 0.101815 0.106333 0.110832 0.115314 0.119780 0.124234 0.128676 0.133110 0.137538 0.141960 0.146380 0.150800 0.155221 0.159646 0.164078 0.168519 0.172972 0.177440 0.181926 0.186434 0.190968 0.195531 0.200130 0.204737 0.209330 0.213911 0.218478 0.223033 0.227577 0.232109 0.236629 0.241140 0.245640 0.250131 0.254612 0.259084 0.263547 0.268003 0.272450 0.276890 0.281323 0.285750 0.290170 0.294584 0.298993 0.303397 0.307796 0.312191 0.316582 0.320970 0.325355 0.329737 0.334118 0.338497 0.342875 0.347252 0.351630 0.356008
0.094817 0.099895 0.104950 0.109984 0.115001 0.120003 0.124993 0.129973 0.134947 0.139916 0.144883 0.149851 0.154822 0.159800 0.164787 0.169786 0.174802 0.179837 0.184895 0.189982 0.195102 0.200255 0.205392 0.210514 0.215622 0.220716 0.225796 0.230864 0.235919 0.240962 0.245994 0.251015 0.256025 0.261025 0.266015 0.270995 0.275967 0.280930 0.285886 0.290833 0.295773 0.300707 0.305634 0.310554 0.315470 0.320380 0.325286 0.330187 0.335085 0.339979 0.344871 0.349761 0.354648 0.359535 0.364422 0.369308 0.374195 0.379084 0.383975 0.388869
0.088074 0.093468 0.098841 0.104195 0.109534 0.114860 0.120177 0.125487 0.130792 0.136096 0.141401 0.146710 0.152025 0.157351 0.162689 0.168044 0.173419 0.178819 0.184247 0.189709 0.195174 0.200621 0.206053 0.211468 0.216869 0.222254 0.227626 0.232983 0.238327 0.243658 0.248976 0.254282 0.259575 0.264857 0.270127 0.275386 0.280634 0.285871 0.291099 0.296316 0.301523 0.306721 0.311910 0.317089 0.322260 0.327422 0.332577 0.337723 0.342861 0.347992 0.353116 0.358233 0.363343 0.368446 0.373543 0.378635 0.383720 0.388800 0.393875 0.398944
0.088496 0.094427 0.100340 0.106237 0.112124 0.118004 0.123880 0.129756 0.135636 0.141524 0.147422 0.153336 0.159270 0.165228 0.171215 0.177238 0.183247 0.189238 0.195210 0.201166 0.207105 0.213028 0.218936 0.224828 0.230706 0.236569 0.242419 0.248256 0.254080 0.259891 0.265690 0.271477 0.277253 0.283018 0.288772 0.294515 0.300248 0.305972 0.311685 0.317390 0.323085 0.328772 0.334450 0.340121 0.345783 0.351438 0.357086 0.362727 0.368361 0.373988 0.379610 0.385226 0.390836 0.396442 0.402042 0.407638 0.413230 0.418818 0.424403 0.429984
0.100295 0.106664 0.113013 0.119345 0.125664 0.131974 0.138279 0.144580 0.150883 0.157191 0.163506 0.169834 0.176178 0.182542 0.188931 0.195351 0.201792 0.208215 0.214622 0.221012 0.227387 0.233746 0.240091 0.246421 0.252738 0.259041 0.265330 0.271608 0.277872 0.284125 0.290366 0.296596 0.302815 0.309023 0.315220 0.321408 0.327586 0.333755 0.339914 0.346064 0.352206 0.358340 0.364465 0.370583 0.376694 0.382797 0.388893 0.394983 0.401067 0.407145 0.413218 0.419285 0.425347 0.431405 0.437458 0.443507 0.449553 0.455596 0.461636 0.467674
0.081332 0.088526 0.095691 0.102835 0.109966 0.117089 0.124213 0.131342 0.138484 0.145646 0.152834 0.160051 0.167247 0.174425 0.181585 0.188729 0.195857 0.202970 0.210069 0.217154 0.224227 0.231289 0.238339 0.245379 0.252409 0.259431 0.266443 0.273448 0.280446 0.287437 0.294422 0.301402 0.308377 0.315349 0.322317 0.329283 0.336246 0.343209 0.350172 0.357135 0.364099 0.371066 0.378037 0.385011 0.391992 0.398979 0.405974 0.412979 0.419995 0.427024 0.434067 0.441127 0.448206 0.455307 0.462432 0.469585 0.476770 0.483991 0.491253 0.498562
0.080067 0.087791 0.095489 0.103171 0.110845 0.118521 0.126205 0.133906 0.141631 0.149378 0.157099 0.164798 0.172474 0.180131 0.187767 0.195386 0.202987 0.210571 0.218139 0.225692 0.233231 0.240755 0.248267 0.255766 0.263252 0.270728 0.278192 0.285646 0.293089 0.300524 0.307949 0.315366 0.322775 0.330176 0.337570 0.344958 0.352340 0.359717 0.367088 0.374455 0.381818 0.389178 0.396535 0.403891 0.411244 0.418598 0.425951 0.433304 0.440660 0.448017 0.455378 0.462743 0.470113 0.477490 0.484874 0.492266 0.499669 0.507084 0.514512 0.521954
0.085124 0.093053 0.100974 0.108894 0.116822 0.124762 0.132724 0.140713 0.148690 0.156639 0.164561 0.172457 0.180329 0.188177 0.196002 0.203805 0.211587 0.219348 0.227089 0.234811 0.242514 0.250197 0.257863 0.265511 0.273141 0.280754 0.288351 0.295931 0.303495 0.311042 0.318575 0.326091 0.333593 0.341079 0.348551 0.356008 0.363451 0.370879 0.378293 0.385694 0.393081 0.400454 0.407814 0.415161 0.422495 0.429815 0.437123 0.444419 0.451701 0.458972 0.466230 0.473476 0.480710 0.487932 0.495142 0.502340 0.509527 0.516702 0.523866 0.531019
0.090603 0.098946 0.107282 0.115618 0.123960 0.132315 0.140691 0.149094 0.157473 0.165825 0.174150 0.182449 0.190724 0.198975 0.207203 0.215409 0.223594 0.231757 0.239900 0.248022 0.256125 0.264209 0.272274 0.280320 0.288348 0.296358 0.304350 0.312325 0.320283 0.328224 0.336148 0.344056 0.351947 0.359823 0.367682 0.375526 0.383354 0.391167 0.398964 0.406746 0.414513 0.422266 0.430004 0.437727 0.445435 0.453129 0.460809 0.468475 0.476127 0.483765 0.491389 0.498999 0.506596 0.514179 0.521748 0.529304 0.536847 0.544377 0.551893 0.559397
0.077539 0.086615 0.095683 0.104756 0.113843 0.122938 0.131994 0.141013 0.149998 0.158951 0.167873 0.176766 0.185631 0.194469 0.203281 0.212068 0.220830 0.229568 0.238284 0.246977 0.255647 0.264297 0.272924 0.281531 0.290118 0.298684 0.307231 0.315758 0.324266 0.332754 0.341224 0.349675 0.358108 0.366523 0.374920 0.383299 0.391661 0.400005 0.408331 0.416641 0.424933 0.433209 0.441468 0.449711 0.457937 0.466146 0.474340 0.482517 0.490678 0.498823 0.506953 0.515067 0.523165 0.531248 0.539315 0.547367 0.555403 0.563425 0.571431 0.579423
0.101138 0.110170 0.119204 0.128245 0.137299 0.146373 0.155473 0.164552 0.173602 0.182624 0.191621 0.200592 0.209539 0.218462 0.227361 0.236238 0.245093 0.253926 0.262737 0.271528 0.280298 0.289048 0.297778 0.306489 0.315180 0.323852 0.332505 0.341139 0.349755 0.358353 0.366933 0.375495 0.384039 0.392566 0.401075 0.409567 0.418043 0.426501 0.434942 0.443367 0.451775 0.460167 0.468543 0.476902 0.485245 0.493573 0.501884 0.510180 0.518460 0.526725 0.534974 0.543207 0.551426 0.559629 0.567817 0.575989 0.584147 0.592290 0.600419 0.608532
0.109145 0.118841 0.128541 0.138252 0.147980 0.157725 0.167435 0.177112 0.186758 0.196373 0.205960 0.215518 0.225048 0.234552 0.244029 0.253481 0.262908 0.272311 0.281689 0.291044 0.300376 0.309685 0.318971 0.328235 0.337477 0.346698 0.355897 0.365074 0.374231 0.383367 0.392483 0.401578 0.410654 0.419709 0.428745 0.437761 0.446757 0.455734 0.464692 0.473632 0.482552 0.491453 0.500336 0.509201 0.518047 0.526875 0.535685 0.544477 0.553252 0.562008 0.570747 0.579468 0.588172 0.596858 0.605528 0.614180 0.622815 0.631433 0.640034 0.648619
0.085967 0.096276 0.106576 0.116880 0.127197 0.137482 0.147726 0.157931 0.168098 0.178230 0.188329 0.198394 0.208429 0.218433 0.228408 0.238354 0.248272 0.258163 0.268027 0.277865 0.287677 0.297463 0.307225 0.316962 0.326676 0.336365 0.346031 0.355673 0.365293 0.374890 0.384465 0.394017 0.403547 0.413056 0.422543 0.432009 0.441453 0.450877 0.460280 0.469662 0.479024 0.488365 0.497686 0.506987 0.516269 0.525530 0.534772 0.543995 0.553198 0.562382 0.571547 0.580693 0.589820 0.598929 0.608019 0.617090 0.626143 0.635178 0.644194 0.653193
0.114201 0.124614 0.135036 0.145474 0.155920 0.166328 0.176701 0.187041 0.197348 0.207624 0.217871 0.228088 0.238276 0.248437 0.258571 0.268679 0.278760 0.288816 0.298847 0.308853 0.318835 0.328793 0.338728 0.348639 0.358527 0.368393 0.378236 0.388057 0.397857 0.407634 0.417390 0.427125 0.436838 0.446531 0.456203 0.465854 0.475485 0.485096 0.494686 0.504257 0.513808 0.523340 0.532852 0.542344 0.551818 0.561272 0.570708 0.580124 0.589522 0.598901 0.608262 0.617605 0.626929 0.636235 0.645523 0.654793 0.664045 0.673280 0.682497 0.691696
0.101138 0.111959 0.122786 0.133629 0.144463 0.155256 0.166012 0.176730 0.187414 0.198065 0.208683 0.219270 0.229828 0.240356 0.250855 0.261326 0.271770 0.282188 0.292579 0.302944 0.313284 0.323598 0.333889 0.344154 0.354396 0.364615 0.374809 0.384981 0.395130 0.405257 0.415361 0.425442 0.435502 0.445540 0.455557 0.465552 0.475527 0.485480 0.495412 0.505324 0.515215 0.525086 0.534937 0.544768 0.554578 0.564370 0.574141 0.583893 0.593626 0.603339 0.613033 0.622709 0.632365 0.642003 0.651622 0.661222 0.670804 0.680368 0.689913 0.699441
0.120101 0.131232 0.142368 0.153516 0.164674 0.175791 0.186871 0.197915 0.208924 0.219900 0.230843 0.241755 0.252636 0.263487 0.274309 0.285102 0.295867 0.306605 0.317315 0.327999 0.338656 0.349287 0.359893 0.370473 0.381029 0.391560 0.402066 0.412549 0.423007 0.433442 0.443854 0.454243 0.464609 0.474952 0.485272 0.495570 0.505847 0.516101 0.526333 0.536544 0.546734 0.556902 0.567049 0.577176 0.587281 0.597366 0.607430 0.617474 0.627498 0.637502 0.647485 0.657449 0.667394 0.677318 0.687223 0.697109 0.706976 0.716823 0.726651 0.736461
0.123051 0.134476 0.145904 0.157344 0.168771 0.180156 0.191503 0.202813 0.214086 0.225326 0.236531 0.247704 0.258846 0.269956 0.281037 0.292087 0.303109 0.314102 0.325067 0.336004 0.346914 0.357798 0.368655 0.379486 0.390292 0.401072 0.411827 0.422557 0.433263 0.443944 0.454602 0.465236 0.475846 0.486433 0.496997 0.507538 0.518056 0.528552 0.539025 0.549477 0.559906 0.570314 0.580700 0.591065 0.601408 0.611730 0.622031 0.632312 0.642572 0.652811 0.663029 0.673228 0.683406 0.693564 0.703703 0.713821 0.723920 0.734000 0.744060 0.754100
0.107038 0.119119 0.131198 0.143216 0.155180 0.167091 0.178954 0.190771 0.202545 0.214276 0.225966 0.237618 0.249232 0.260809 0.272350 0.283857 0.295330 0.306769 0.318176 0.329550 0.340894 0.352206 0.363488 0.374740 0.385963 0.397157 0.408322 0.419458 0.430567 0.441648 0.452702 0.463729 0.474729 0.485702 0.496649 0.507571 0.518467 0.529337 0.540182 0.551002 0.561798 0.572569 0.583315 0.594037 0.604736 0.615410 0.626061 0.636689 0.647294 0.657875 0.668433 0.678969 0.689482 0.699973 0.710442 0.720888 0.731312 0.741715 0.752096 0.762455
0.134008 0.145979 0.157960 0.169893 0.181780 0.193623 0.205424 0.217185 0.228908 0.240594 0.252243 0.263857 0.275437 0.286984 0.298497 0.309979 0.321429 0.332848 0.344237 0.355596 0.366926 0.378227 0.389499 0.400743 0.411959 0.423148 0.434309 0.445444 0.456552 0.467633 0.478689 0.489719 0.500723 0.511702 0.522656 0.533586 0.544490 0.555371 0.566227 0.577059 0.587867 0.598652 0.609413 0.620151 0.630867 0.641559 0.652228 0.662875 0.673499 0.684102 0.694682 0.705240 0.715776 0.726291 0.736784 0.747256 0.757707 0.768136 0.778545 0.788932
0.128529 0.140650 0.152779 0.164866 0.176905 0.188898 0.200847 0.212754 0.224621 0.236449 0.248240 0.259994 0.271712 0.283396 0.295046 0.306663 0.318247 0.329800 0.341321 0.352812 0.364272 0.375702 0.387103 0.398475 0.409818 0.421133 0.432420 0.443679 0.454911 0.466116 0.477294 0.488445 0.499571 0.510670 0.521744 0.532792 0.543814 0.554812 0.565785 0.576732 0.587656 0.598555 0.609430 0.620281 0.631109 0.641912 0.652693 0.663450 0.674184 0.684895 0.695583 0.706249 0.716892 0.727513 0.738112 0.748689 0.759243 0.769777 0.780288 0.790778
0.141593 0.153602 0.165617 0.177585 0.189509 0.201389 0.213229 0.225030 0.236792 0.248518 0.260208 0.271864 0.283485 0.295074 0.306630 0.318154 0.329647 0.341110 0.352542 0.363944 0.375318 0.386662 0.397979 0.409267 0.420527 0.431760 0.442966 0.454145 0.465298 0.476424 0.487525 0.498600 0.509649 0.520673 0.531672 0.542647 0.553597 0.564522 0.575424 0.586301 0.597155 0.607986 0.618792 0.629576 0.640337 0.651075 0.661790 0.672482 0.683152 0.693800 0.704426 0.715030 0.725612 0.736173 0.746712 0.757230 0.767726 0.778202 0.788656 0.799090
0.135272 0.147341 0.159418 0.171449 0.183432 0.195370 0.207265 0.219119 0.230933 0.242709 0.254448 0.266151 0.277819 0.289453 0.301053 0.312620 0.324156 0.335659 0.347132 0.358574 0.369986 0.381368 0.392721 0.404045 0.415341 0.426609 0.437848 0.449061 0.460246 0.471404 0.482535 0.493640 0.504719 0.515771 0.526799 0.537800 0.548777 0.559728 0.570654 0.581556 0.592433 0.603287 0.614115 0.624921 0.635702 0.646460 0.657194 0.667905 0.678593 0.689258 0.699901 0.710520 0.721118 0.731693 0.742246 0.752776 0.763285 0.773772 0.784238 0.794682
0.159713 0.171606 0.183501 0.195392 0.207238 0.219041 0.230802 0.242523 0.254206 0.265851 0.277460 0.289033 0.300572 0.312077 0.323548 0.334988 0.346395 0.357771 0.369117 0.380431 0.391716 0.402972 0.414198 0.425396 0.436565 0.447707 0.458820 0.469906 0.480965 0.491997 0.503003 0.513982 0.524935 0.535862 0.546763 0.557639 0.568490 0.579316 0.590116 0.600893 0.611644 0.622372 0.633075 0.643755 0.654411 0.665043 0.675652 0.686237 0.696800 0.707340 0.717856 0.728351 0.738823 0.749272 0.759699 0.770105 0.780488 0.790850 0.801190 0.811508
0.144964 0.156902 0.168844 0.180744 0.192596 0.204403 0.216166 0.227888 0.239570 0.251214 0.262821 0.274392 0.285928 0.297429 0.308898 0.320333 0.331737 0.343109 0.354451 0.365762 0.377043 0.388295 0.399518 0.410712 0.421878 0.433016 0.444126 0.455208 0.466263 0.477292 0.488293 0.499268 0.510217 0.521139 0.532036 0.542907 0.553752 0.564572 0.575366 0.586136 0.596880 0.607600 0.618295 0.628965 0.639611 0.650233 0.660831 0.671404 0.681954 0.692480 0.702983 0.713461 0.723917 0.734349 0.744758 0.755144 0.765507 0.775848 0.786165 0.796460
0.144543 0.156039 0.167539 0.179005 0.190426 0.201803 0.213139 0.224435 0.235692 0.246913 0.258097 0.269246 0.280361 0.291443 0.302492 0.313509 0.324494 0.335449 0.346373 0.357268 0.368133 0.378969 0.389777 0.400557 0.411308 0.422032 0.432729 0.443399 0.454042 0.464659 0.475250 0.485815 0.496354 0.506868 0.517357 0.527820 0.538259 0.548674 0.559064 0.569430 0.579772 0.590090 0.600384 0.610655 0.620903 0.631128 0.641329 0.651508 0.661665 0.671799 0.681910 0.692000 0.702067 0.712113 0.722137 0.732139 0.742120 0.752079 0.762018 0.771935
0.143700 0.155044 0.166377 0.177657 0.188888 0.200073 0.211213 0.222312 0.233370 0.244390 0.255372 0.266317 0.277227 0.288103 0.298946 0.309755 0.320533 0.331279 0.341994 0.352679 0.363334 0.373960 0.384557 0.395125 0.405666 0.416178 0.426663 0.437120 0.447551 0.457955 0.468332 0.478684 0.489009 0.499309 0.509583 0.519832 0.530055 0.540254 0.550428 0.560578 0.570703 0.580804 0.590881 0.600933 0.610963 0.620968 0.630950 0.640909 0.650845 0.660758 0.670647 0.680514 0.690359 0.700181 0.709981 0.719758 0.729514 0.739247 0.748959 0.758649
0.148757 0.159763 0.170771 0.181737 0.192658 0.203536 0.214374 0.225173 0.235936 0.246663 0.257355 0.268015 0.278643 0.289239 0.299805 0.310341 0.320849 0.331328 0.341779 0.352202 0.362599 0.372970 0.383314 0.393633 0.403926 0.414193 0.424436 0.434655 0.444848 0.455018 0.465163 0.475285 0.485383 0.495457 0.505508 0.515536 0.525540 0.535522 0.545480 0.555416 0.565328 0.575219 0.585086 0.594931 0.604753 0.614554 0.624331 0.634087 0.643820 0.653531 0.663220 0.672887 0.682532 0.692155 0.701756 0.711336 0.720893 0.730429 0.739943 0.749436
0.145386 0.155725 0.166054 0.176378 0.186657 0.196891 0.207084 0.217236 0.227350 0.237426 0.247466 0.257472 0.267443 0.277381 0.287287 0.297161 0.307004 0.316816 0.326599 0.336353 0.346078 0.355774 0.365443 0.375084 0.384698 0.394285 0.403846 0.413380 0.422889 0.432372 0.441830 0.451262 0.460670 0.470053 0.479412 0.488746 0.498057 0.507344 0.516607 0.525847 0.535064 0.544258 0.553430 0.562578 0.571705 0.580809 0.589891 0.598951 0.607989 0.617006 0.626001 0.634975 0.643928 0.652860 0.661772 0.670662 0.679532 0.688382 0.697212 0.706021
0.132743 0.142916 0.153084 0.163236 0.173344 0.183410 0.193439 0.203432 0.213391 0.223320 0.233219 0.243089 0.252934 0.262753 0.272548 0.282321 0.292072 0.301802 0.311512 0.321204 0.330877 0.340534 0.350174 0.359798 0.369408 0.379004 0.388586 0.398156 0.407714 0.417262 0.426800 0.436328 0.445848 0.455361 0.464868 0.474370 0.483867 0.493362 0.502855 0.512348 0.521842 0.531340 0.540843 0.550353 0.559873 0.569406 0.578955 0.588524 0.598117 0.607739 0.617398 0.627101 0.636859 0.646683 0.656592 0.666609 0.676766 0.687116 0.697739 0.708788
0.146650 0.155746 0.164829 0.173904 0.182941 0.191938 0.200897 0.209818 0.218703 0.227553 0.236369 0.245153 0.253905 0.262625 0.271315 0.279975 0.288606 0.297209 0.305783 0.314329 0.322849 0.331341 0.339808 0.348248 0.356662 0.365052 0.373416 0.381756 0.390071 0.398362 0.406629 0.414873 0.423093 0.431291 0.439465 0.447617 0.455747 0.463854 0.471940 0.480003 0.488045 0.496066 0.504066 0.512044 0.520002 0.527939 0.535856 0.543753 0.551629 0.559486 0.567323 0.575140 0.582938 0.590717 0.598477 0.606218 0.613940 0.621643 0.629328 0.636995
0.139486 0.148095 0.156691 0.165259 0.173784 0.182268 0.190712 0.199120 0.207491 0.215828 0.224132 0.232403 0.240643 0.248853 0.257033 0.265184 0.273306 0.281401 0.289468 0.297508 0.305522 0.313510 0.321473 0.329410 0.337322 0.345209 0.353072 0.360911 0.368726 0.376517 0.384285 0.392030 0.399751 0.407450 0.415126 0.422779 0.430410 0.438019 0.445606 0.453171 0.460715 0.468237 0.475737 0.483216 0.490674 0.498111 0.505527 0.512922 0.520297 0.527651 0.534985 0.542298 0.549592 0.556866 0.564119 0.571353 0.578568 0.585763 0.592939 0.600095
0.138643 0.146393 0.154120 0.161830 0.169526 0.177186 0.184808 0.192394 0.199943 0.207459 0.214941 0.222391 0.229810 0.237199 0.244558 0.251887 0.259188 0.266462 0.273708 0.280927 0.288120 0.295287 0.302428 0.309544 0.316636 0.323703 0.330745 0.337764 0.344760 0.351732 0.358681 0.365608 0.372512 0.379393 0.386253 0.393091 0.399908 0.406703 0.413477 0.420230 0.426962 0.433674 0.440366 0.447038 0.453690 0.460322 0.466934 0.473527 0.480101 0.486656 0.493192 0.499710 0.506209 0.512689 0.519152 0.525597 0.532023 0.538432 0.544824 0.551198
0.121787 0.129059 0.136311 0.143550 0.150774 0.157960 0.165108 0.172221 0.179300 0.186347 0.193364 0.200351 0.207309 0.214240 0.221144 0.228022 0.234875 0.241704 0.248508 0.255288 0.262046 0.268780 0.275493 0.282183 0.288852 0.295499 0.302125 0.308730 0.315315 0.321879 0.328423 0.334947 0.341450 0.347934 0.354398 0.360843 0.367268 0.373674 0.380061 0.386428 0.392776 0.399105 0.405415 0.411706 0.417979 0.424232 0.430467 0.436683 0.442880 0.449059 0.455219 0.461360 0.467484 0.473588 0.479674 0.485742 0.491792 0.497823 0.503836 0.509831
0.114201 0.120592 0.126955 0.133293 0.139610 0.145884 0.152119 0.158316 0.164476 0.170601 0.176693 0.182752 0.188778 0.194775 0.200741 0.206678 0.212586 0.218467 0.224321 0.230148 0.235948 0.241723 0.247473 0.253199 0.258900 0.264577 0.270230 0.275861 0.281468 0.287054 0.292617 0.298158 0.303677 0.309176 0.314653 0.320110 0.325546 0.330960 0.336354 0.341725 0.347074 0.352400 0.357703 0.362983 0.368238 0.373468 0.378672 0.383849 0.388999 0.394120 0.399212 0.404273 0.409303 0.414299 0.419260 0.424186 0.429074 0.433922 0.438730 0.443494
0.111673 0.117438 0.123182 0.128906 0.134615 0.140288 0.145924 0.151527 0.157096 0.162634 0.168142 0.173620 0.179069 0.184490 0.189884 0.195251 0.200592 0.205908 0.211199 0.216465 0.221707 0.226925 0.232121 0.237293 0.242442 0.247569 0.252674 0.257758 0.262819 0.267859 0.272879 0.277877 0.282854 0.287812 0.292748 0.297665 0.302562 0.307439 0.312295 0.317131 0.321946 0.326739 0.331510 0.336258 0.340983 0.345684 0.350360 0.355010 0.359634 0.364230 0.368798 0.373336 0.377843 0.382318 0.386759 0.391166 0.395536 0.399867 0.404158 0.408408
0.115044 0.119948 0.124824 0.129673 0.134497 0.139297 0.144073 0.148827 0.153560 0.158271 0.162955 0.167611 0.172239 0.176839 0.181413 0.185961 0.190484 0.194982 0.199456 0.203905 0.208332 0.212735 0.217114 0.221470 0.225801 0.230107 0.234388 0.238643 0.242871 0.247071 0.251242 0.255384 0.259496 0.263575 0.267622 0.271634 0.275610 0.279549 0.283448 0.287307 0.291123 0.294895 0.298620 0.302296 0.305921 0.309493 0.313009 0.316466 0.319863 0.323197 0.326465 0.329664 0.332792 0.335847 0.338825 0.341726 0.344545 0.347281 0.349932 0.352496
0.093552 0.098519 0.103494 0.108451 0.113392 0.118322 0.123245 0.128166 0.133091 0.138026 0.142976 0.147950 0.152956 0.158004 0.163107 0.168282 0.173550 0.178943 0.184504 0.190306 0.196475 0.203270 0.211422 0.219887 0.228336 0.236769 0.245186 0.253587 0.261973 0.270344 0.278700 0.287042 0.295368 0.303680 0.311978 0.320261 0.328530 0.336785 0.345027 0.353254 0.361467 0.369667 0.377853 0.386026 0.394185 0.402331 0.410463 0.418582 0.426688 0.434780 0.442860 0.450926 0.458980 0.467020 0.475048 0.483062 0.491064 0.499053 0.507029 0.514993
0.096924 0.100631 0.104306 0.107948 0.111558 0.115138 0.118686 0.122204 0.125692 0.129149 0.132575 0.135970 0.139334 0.142666 0.145965 0.149230 0.152461 0.155657 0.158816 0.161938 0.165020 0.168062 0.171062 0.174018 0.176929 0.179792 0.182606 0.185369 0.188077 0.190730 0.193324 0.195856 0.198326 0.200729 0.203064 0.205327 0.207516 0.209630 0.211664 0.213617 0.215486 0.217270 0.218966 0.220572 0.222087 0.223509 0.224837 0.226069 0.227206 0.228246 0.229190 0.230036 0.230785 0.231438 0.231995 0.232456 0.232823 0.233096 0.233278 0.233369
0.093552 0.096921 0.100271 0.103603 0.106920 0.110222 0.113510 0.116775 0.120017 0.123235 0.126431 0.129606 0.132761 0.135895 0.139010 0.142107 0.145185 0.148246 0.151290 0.154317 0.157328 0.160323 0.163302 0.166266 0.169215 0.172148 0.175067 0.177969 0.180855 0.183724 0.186576 0.189411 0.192227 0.195024 0.197802 0.200559 0.203294 0.206008 0.208698 0.211363 0.214003 0.216616 0.219201 0.221757 0.224281 0.226772 0.229229 0.231650 0.234033 0.236375 0.238676 0.240932 0.243141 0.245302 0.247412 0.249469 0.251470 0.253412 0.255294 0.257113
0.110830 0.113515 0.116181 0.118827 0.121453 0.124060 0.126648 0.129215 0.131762 0.134289 0.136794 0.139278 0.141740 0.144179 0.146594 0.148986 0.151352 0.153692 0.156006 0.158291 0.160548 0.162774 0.164969 0.167132 0.169261 0.171355 0.173412 0.175431 0.177412 0.179352 0.181250 0.183105 0.184915 0.186680 0.188399 0.190069 0.191691 0.193264 0.194787 0.196261 0.197684 0.199058 0.200383 0.201660 0.202891 0.204079 0.205224 0.206333 0.207408 0.208457 0.209486 0.210504 0.211524 0.212562 0.213637 0.214781 0.216034 0.217464 0.219182 0.221410
0.079646 0.082192 0.084724 0.087242 0.089747 0.092242 0.094722 0.097181 0.099621 0.102043 0.104447 0.106835 0.109208 0.111566 0.113910 0.116241 0.118559 0.120866 0.123163 0.125449 0.127725 0.129993 0.132253 0.134504 0.136749 0.138987 0.141219 0.143445 0.145664 0.147879 0.150088 0.152293 0.154494 0.156691 0.158885 0.161076 0.163265 0.165453 0.167641 0.169829 0.172018 0.174210 0.176407 0.178608 0.180817 0.183035 0.185265 0.187509 0.189771 0.192054 0.194362 0.196701 0.199077 0.201498 0.203973 0.206514 0.209135 0.211856 0.214703 0.217710
0.082596 0.084671 0.086731 0.088777 0.090809 0.092827 0.094833 0.096826 0.098806 0.100773 0.102728 0.104670 0.106599 0.108516 0.110420 0.112312 0.114190 0.116054 0.117905 0.119742 0.121565 0.123372 0.125165 0.126941 0.128701 0.130445 0.132170 0.133878 0.135566 0.137235 0.138883 0.140511 0.142116 0.143699 0.145259 0.146794 0.148305 0.149790 0.151250 0.152684 0.154091 0.155472 0.156827 0.158155 0.159459 0.160740 0.161998 0.163237 0.164459 0.165670 0.166874 0.168079 0.169294 0.170533 0.171812 0.173156 0.174599 0.176194 0.178026 0.180252
0.092710 0.094256 0.095785 0.097296 0.098787 0.100258 0.101707 0.103135 0.104540 0.105920 0.107274 0.108602 0.109901 0.111170 0.112407 0.113611 0.114779 0.115911 0.117003 0.118054 0.119061 0.120024 0.120938 0.121804 0.122617 0.123376 0.124080 0.124725 0.125311 0.125835 0.126295 0.126691 0.127020 0.127282 0.127475 0.127598 0.127652 0.127636 0.127550 0.127393 0.127168 0.126874 0.126514 0.126089 0.125602 0.125054 0.124448 0.123786 0.123072 0.122310 0.121505 0.120660 0.119782 0.118878 0.117954 0.117021 0.116090 0.115173 0.114288 0.113457
0.079646 0.081244 0.082844 0.084449 0.086060 0.087679 0.089307 0.090947 0.092602 0.094273 0.095965 0.097680 0.099423 0.101198 0.103012 0.104870 0.106780 0.108753 0.110793 0.112908 0.115113 0.117429 0.119885 0.122523 0.125409 0.128656 0.132488 0.137488 0.143382 0.149305 0.155264 0.161269 0.167334 0.173476 0.179722 0.186111 0.192708 0.199629 0.207128 0.215960 0.231922 0.264977 0.297588 0.329776 0.361566 0.392984 0.424053 0.454800 0.485246 0.515415 0.545325 0.574996 0.604444 0.633685 0.662733 0.691600 0.720297 0.748836 0.777224 0.805471
0.076696 0.078011 0.079325 0.080638 0.081953 0.083270 0.084590 0.085914 0.087243 0.088579 0.089924 0.091278 0.092646 0.094027 0.095427 0.096847 0.098292 0.099766 0.101275 0.102825 0.104425 0.106086 0.107821 0.109647 0.111586 0.113673 0.115951 0.118493 0.121419 0.124957 0.129675 0.135670 0.141931 0.148449 0.155416 0.163367 0.175317 0.208331 0.240893 0.273025 0.304752 0.336100 0.367095 0.397762 0.428124 0.458204 0.488023 0.517599 0.546949 0.576090 0.605036 0.633798 0.662390 0.690821 0.719100 0.747238 0.775240 0.803114 0.830867 0.858505
0.085967 0.086782 0.087582 0.088367 0.089136 0.089888 0.090623 0.091338 0.092033 0.092707 0.093358 0.093985 0.094587 0.095161 0.095707 0.096223 0.096707 0.097157 0.097572 0.097950 0.098289 0.098587 0.098843 0.099055 0.099222 0.099342 0.099415 0.099439 0.099413 0.099337 0.099210 0.099033 0.098806 0.098531 0.098210 0.097846 0.097443 0.097006 0.096544 0.096064 0.095577 0.095099 0.094647 0.094247 0.093935 0.093764 0.093823 0.094271 0.095466 0.098194 0.100890 0.103554 0.106185 0.108784 0.111351 0.113886 0.116388 0.118858 0.121295 0.123699
0.086810 0.087755 0.088716 0.089698 0.090702 0.091734 0.092796 0.093895 0.095036 0.096227 0.097478 0.098801 0.100209 0.101724 0.103370 0.105183 0.107214 0.109540 0.112290 0.115704 0.120347 0.126818 0.134359 0.148642 0.181326 0.213556 0.245357 0.276753 0.307771 0.338437 0.368776 0.398811 0.428566 0.458060 0.487313 0.516342 0.545163 0.573789 0.602233 0.630507 0.658622 0.686586 0.714409 0.742098 0.769660 0.797101 0.824427 0.851643 0.878755 0.905766 0.932682 0.959504 0.986237 1.012884 1.039448 1.065932 1.092337 1.118666 1.144922 1.171106
0.063633 0.064854 0.066125 0.067454 0.068852 0.070315 0.071851 0.073477 0.075215 0.077096 0.079161 0.081476 0.084146 0.087364 0.091571 0.097443 0.103741 0.111110 0.126214 0.158757 0.190841 0.222493 0.253738 0.284604 0.315117 0.345303 0.375186 0.404789 0.434132 0.463235 0.492114 0.520785 0.549262 0.577559 0.605686 0.633655 0.661476 0.689157 0.716705 0.744129 0.771434 0.798626 0.825711 0.852692 0.879574 0.906362 0.933059 0.959668 0.986193 1.012636 1.039000 1.065287 1.091501 1.117641 1.143712 1.169715 1.195650 1.221521 1.247328 1.273072
0.080489 0.080847 0.081199 0.081545 0.081886 0.082220 0.082549 0.082872 0.083189 0.083501 0.083808 0.084110 0.084410 0.084707 0.085004 0.085303 0.085607 0.085919 0.086243 0.086585 0.086955 0.087360 0.087811 0.088322 0.088909 0.089594 0.090407 0.091387 0.092591 0.094100 0.096049 0.098679 0.102527 0.109285 0.119588 0.150530 0.181111 0.211362 0.241310 0.270978 0.300387 0.329557 0.358505 0.387247 0.415798 0.444169 0.472373 0.500419 0.528318 0.556077 0.583705 0.611207 0.638591 0.665862 0.693026 0.720086 0.747048 0.773915 0.800692 0.827381
0.096081 0.096498 0.096942 0.097419 0.097934 0.098492 0.099103 0.099776 0.100525 0.101365 0.102319 0.103417 0.104700 0.106232 0.108111 0.110511 0.113785 0.118890 0.126670 0.158938 0.190744 0.222116 0.253078 0.283658 0.313882 0.343776 0.373364 0.402670 0.431713 0.460514 0.489090 0.517457 0.545628 0.573618 0.601438 0.629099 0.656611 0.683983 0.711223 0.738337 0.765332 0.792215 0.818989 0.845661 0.872234 0.898712 0.925099 0.951399 0.977615 1.003749 1.029805 1.055784 1.081689 1.107522 1.133285 1.158980 1.184609 1.210173 1.235674 1.261113
0.084281 0.084568 0.084879 0.085217 0.085586 0.085993 0.086443 0.086944 0.087507 0.088144 0.088872 0.089713 0.090698 0.091870 0.093297 0.095085 0.097433 0.100774 0.106496 0.138492 0.170029 0.201136 0.231843 0.262176 0.292162 0.321828 0.351199 0.380295 0.409139 0.437748 0.466140 0.494330 0.522331 0.550156 0.577817 0.605323 0.632684 0.659908 0.687002 0.713973 0.740828 0.767572 0.794210 0.820747 0.847187 0.873534 0.899791 0.925963 0.952051 0.978059 1.003989 1.029844 1.055625 1.081336 1.106978 1.132552 1.158061 1.183505 1.208887 1.234208
0.086389 0.086285 0.086183 0.086082 0.085982 0.085886 0.085793 0.085706 0.085627 0.085559 0.085504 0.085468 0.085455 0.085474 0.085535 0.085650 0.085837 0.086122 0.086540 0.087148 0.088032 0.089349 0.091422 0.095178 0.107747 0.138544 0.168952 0.199003 0.228726 0.258146 0.287287 0.316170 0.344815 0.373238 0.401457 0.429484 0.457333 0.485014 0.512540 0.539918 0.567158 0.594267 0.621252 0.648119 0.674875 0.701523 0.728070 0.754518 0.780873 0.807138 0.833316 0.859410 0.885424 0.911359 0.937219 0.963005 0.988720 1.014365 1.039943 1.065455
0.078803 0.078838 0.078897 0.078984 0.079103 0.079260 0.079462 0.079718 0.080039 0.080440 0.080942 0.081573 0.082376 0.083415 0.084806 0.086773 0.089910 0.097433 0.128520 0.159557 0.190175 0.220404 0.250274 0.279810 0.309039 0.337984 0.366669 0.395112 0.423331 0.451343 0.479161 0.506799 0.534269 0.561580 0.588743 0.615767 0.642658 0.669424 0.696072 0.722608 0.749036 0.775361 0.801588 0.827721 0.853764 0.879720 0.905592 0.931383 0.957096 0.982733 1.008296 1.033788 1.059210 1.084565 1.109854 1.135079 1.160241 1.185342 1.210383 1.235364
0.086810 0.086447 0.086085 0.085724 0.085366 0.085011 0.084662 0.084319 0.083987 0.083668 0.083368 0.083091 0.082847 0.082645 0.082501 0.082434 0.082472 0.082658 0.083055 0.083770 0.085005 0.087227 0.092156 0.120218 0.150440 0.180298 0.209822 0.239040 0.267975 0.296649 0.325083 0.353293 0.381296 0.409106 0.436737 0.464199 0.491505 0.518662 0.545681 0.572567 0.599330 0.625974 0.652506 0.678931 0.705254 0.731478 0.757609 0.783650 0.809604 0.835475 0.861264 0.886976 0.912612 0.938174 0.963665 0.989087 1.014442 1.039730 1.064955 1.090116
0.064897 0.065099 0.065362 0.065696 0.066112 0.066629 0.067265 0.068042 0.068989 0.070160 0.071641 0.073582 0.076284 0.080539 0.089474 0.121154 0.152356 0.183111 0.213450 0.243400 0.272990 0.302246 0.331194 0.359856 0.388257 0.416415 0.444351 0.472078 0.499613 0.526967 0.554153 0.581182 0.608063 0.634804 0.661413 0.687899 0.714266 0.740521 0.766668 0.792714 0.818662 0.844517 0.870281 0.895959 0.921554 0.947068 0.972504 0.997865 1.023153 1.048370 1.073518 1.098598 1.123613 1.148565 1.173454 1.198282 1.223050 1.247760 1.272413 1.297010
0.080489 0.079978 0.079470 0.078967 0.078469 0.077978 0.077495 0.077021 0.076560 0.076113 0.075686 0.075282 0.074909 0.074576 0.074293 0.074077 0.073951 0.073946 0.074110 0.074519 0.075305 0.076742 0.079565 0.088040 0.116681 0.146705 0.176358 0.205672 0.234675 0.263391 0.291844 0.320052 0.348034 0.375807 0.403385 0.430782 0.458009 0.485077 0.511997 0.538776 0.565424 0.591945 0.618349 0.644639 0.670822 0.696902 0.722885 0.748773 0.774571 0.800282 0.825909 0.851456 0.876924 0.902317 0.927636 0.952884 0.978063 1.003175 1.028221 1.053203
0.080067 0.079409 0.078753 0.078097 0.077444 0.076793 0.076146 0.075503 0.074867 0.074239 0.073623 0.073021 0.072438 0.071880 0.071357 0.070877 0.070456 0.070110 0.069865 0.069759 0.069843 0.070204 0.070989 0.072491 0.075467 0.083834 0.112235 0.141927 0.171264 0.200277 0.228993 0.257437 0.285628 0.313587 0.341331 0.368875 0.396233 0.423417 0.450439 0.477309 0.504036 0.530627 0.557092 0.583435 0.609664 0.635783 0.661799 0.687715 0.713536 0.739265 0.764906 0.790463 0.815938 0.841334 0.866654 0.891900 0.917074 0.942178 0.967215 0.992185
0.061947 0.062092 0.062347 0.062734 0.063286 0.064032 0.065021 0.066348 0.068181 0.070873 0.075451 0.080995 0.089810 0.121068 0.151846 0.182176 0.212088 0.241611 0.270773 0.299602 0.328121 0.356356 0.384327 0.412054 0.439556 0.466848 0.493945 0.520862 0.547610 0.574201 0.600646 0.626952 0.653127 0.679179 0.705114 0.730937 0.756655 0.782271 0.807791 0.833218 0.858555 0.883807 0.908977 0.934067 0.959080 0.984018 1.008884 1.033679 1.058407 1.083068 1.107664 1.132198 1.156669 1.181081 1.205433 1.229728 1.253966 1.278149 1.302278 1.326353
0.068268 0.067529 0.066797 0.066073 0.065358 0.064652 0.063956 0.063271 0.062598 0.061938 0.061293 0.060666 0.060058 0.059475 0.058921 0.058401 0.057924 0.057497 0.057133 0.056848 0.056662 0.056606 0.056723 0.057078 0.057774 0.059000 0.061150 0.065403 0.082759 0.112629 0.142096 0.171202 0.199978 0.228450 0.256645 0.284583 0.312283 0.339765 0.367044 0.394133 0.421046 0.447795 0.474390 0.500839 0.527153 0.553337 0.579400 0.605347 0.631184 0.656916 0.682548 0.708084 0.733528 0.758884 0.784155 0.809344 0.834454 0.859488 0.884448 0.909335
