0.082677 0.085139 0.087791 0.090636 0.093682 0.096932 0.100390 0.104061 0.107949 0.112055 0.116384 0.120936 0.125716 0.130724 0.135962 0.141433 0.147138 0.153079 0.159258 0.165677 0.172337 0.179242 0.186392 0.193791 0.201440 0.209342 0.217498 0.225912 0.234583 0.243513 0.252702 0.262148 0.271849 0.281801 0.291963 0.302330 0.312909 0.323703 0.334717 0.345959 0.357434 0.369149 0.381112 0.393330 0.405812 0.418568 0.431606 0.444938 0.458575 0.472528 0.486809 0.501432 0.516410 0.531759 0.547492 0.563626 0.580178 0.597166 0.614606 0.632517
0.074803 0.077317 0.080048 0.083002 0.086187 0.089608 0.093269 0.097174 0.101326 0.105728 0.110381 0.115287 0.120446 0.125859 0.131524 0.137443 0.143613 0.150033 0.156701 0.163616 0.170774 0.178172 0.185807 0.193673 0.201765 0.210076 0.218582 0.227252 0.236087 0.245086 0.254248 0.263574 0.273064 0.282719 0.292539 0.302527 0.312682 0.323007 0.333503 0.344173 0.355018 0.366040 0.377242 0.388627 0.400197 0.411954 0.423902 0.436043 0.448381 0.460919 0.473659 0.486606 0.499762 0.513131 0.526717 0.540522 0.554552 0.568808 0.583296 0.598019
0.096063 0.099167 0.102465 0.105962 0.109661 0.113567 0.117681 0.122008 0.126550 0.131311 0.136293 0.141500 0.146935 0.152601 0.158502 0.164642 0.171025 0.177657 0.184542 0.191687 0.199097 0.206781 0.214745 0.222999 0.231552 0.240414 0.249596 0.259108 0.268964 0.279176 0.289756 0.300717 0.312073 0.323834 0.336010 0.348610 0.361638 0.375094 0.388964 0.403196 0.417804 0.432805 0.448217 0.464059 0.480352 0.497116 0.514375 0.532151 0.550471 0.569358 0.588840 0.608943 0.629696 0.651124 0.673256 0.696116 0.719731 0.744123 0.769312 0.795316
0.073622 0.076947 0.080557 0.084461 0.088662 0.093168 0.097980 0.103102 0.108535 0.114281 0.120341 0.126714 0.133400 0.140398 0.147707 0.155326 0.163253 0.171487 0.180023 0.188858 0.197988 0.207407 0.217107 0.227077 0.237291 0.247710 0.258333 0.269163 0.280202 0.291450 0.302912 0.314590 0.326487 0.338607 0.350954 0.363532 0.376346 0.389401 0.402702 0.416255 0.430066 0.444140 0.458483 0.473104 0.488007 0.503202 0.518693 0.534490 0.550600 0.567031 0.583791 0.600888 0.618331 0.636129 0.654291 0.672826 0.691743 0.711051 0.730761 0.750881
0.098425 0.101399 0.104548 0.107876 0.111387 0.115085 0.118970 0.123048 0.127320 0.131788 0.136457 0.141327 0.146402 0.151685 0.157179 0.162887 0.168812 0.174958 0.181330 0.187931 0.194768 0.201845 0.209168 0.216744 0.224581 0.232685 0.241066 0.249732 0.258692 0.267956 0.277536 0.287441 0.297683 0.308271 0.319217 0.330531 0.342219 0.354288 0.366743 0.379582 0.392800 0.406377 0.420259 0.434456 0.448978 0.463838 0.479047 0.494614 0.510552 0.526875 0.543594 0.560724 0.578276 0.596267 0.614711 0.633622 0.653012 0.672894 0.693280 0.714181
0.083465 0.086098 0.088914 0.091918 0.095112 0.098501 0.102086 0.105870 0.109854 0.114041 0.118429 0.123021 0.127815 0.132812 0.138011 0.143411 0.149010 0.154807 0.160800 0.166988 0.173366 0.179932 0.186683 0.193614 0.200718 0.207992 0.215425 0.223010 0.230735 0.238587 0.246549 0.254600 0.262706 0.270810 0.278889 0.286914 0.294851 0.302657 0.310273 0.317621 0.324587 0.330995 0.336543 0.340620 0.341520 0.327499 0.281440 0.233449 0.184118 0.133583 0.081657 0.027531 0.000000 0.000000 0.000000 0.000000 0.000000 0.000000 0.000000 0.000000
0.091339 0.093868 0.096550 0.099386 0.102379 0.105531 0.108843 0.112318 0.115956 0.119759 0.123725 0.127856 0.132151 0.136610 0.141232 0.146017 0.150962 0.156067 0.161330 0.166749 0.172321 0.178043 0.183913 0.189926 0.196078 0.202364 0.208778 0.215312 0.221957 0.228703 0.235536 0.242442 0.249400 0.256382 0.263357 0.270283 0.277103 0.283735 0.290033 0.295791 0.300672 0.303923 0.302970 0.257104 0.209012 0.159406 0.108404 0.055648 0.000000 0.000000 0.000000 0.000000 0.000000 0.000000 0.000000 0.000000 0.000000 0.000000 0.000000 0.000000
0.084252 0.085910 0.087668 0.089528 0.091491 0.093558 0.095729 0.098005 0.100385 0.102868 0.105451 0.108134 0.110911 0.113780 0.116735 0.119770 0.122878 0.126049 0.129273 0.132536 0.135823 0.139113 0.142382 0.145598 0.148719 0.151687 0.154420 0.156798 0.158629 0.159553 0.158775 0.153618 0.104391 0.052671 0.000000 0.000000 0.000000 0.000000 0.000000 0.000000 0.000000 0.000000 0.000000 0.000000 0.000000 0.000000 0.000000 0.000000 0.000000 0.000000 0.000000 0.000000 0.000000 0.000000 0.000000 0.000000 0.000000 0.000000 0.000000 0.000000
0.088189 0.089153 0.090161 0.091214 0.092309 0.093445 0.094619 0.095828 0.097069 0.098335 0.099620 0.100917 0.102214 0.103499 0.104756 0.105962 0.107090 0.108102 0.108945 0.109540 0.109769 0.109425 0.108112 0.104852 0.095476 0.043385 0.000000 0.000000 0.000000 0.000000 0.000000 0.000000 0.000000 0.000000 0.000000 0.000000 0.000000 0.000000 0.000000 0.000000 0.000000 0.000000 0.000000 0.000000 0.000000 0.000000 0.000000 0.000000 0.000000 0.000000 0.000000 0.000000 0.000000 0.000000 0.000000 0.000000 0.000000 0.000000 0.000000 0.000000
0.087008 0.088145 0.089336 0.090582 0.091880 0.093229 0.094626 0.096067 0.097546 0.099059 0.100598 0.102151 0.103706 0.105248 0.106753 0.108191 0.109524 0.110690 0.111600 0.112106 0.111930 0.110445 0.105520 0.054012 0.000000 0.000000 0.000000 0.000000 0.000000 0.000000 0.000000 0.000000 0.000000 0.000000 0.000000 0.000000 0.000000 0.000000 0.000000 0.000000 0.000000 0.000000 0.000000 0.000000 0.000000 0.000000 0.000000 0.000000 0.000000 0.000000 0.000000 0.000000 0.000000 0.000000 0.000000 0.000000 0.000000 0.000000 0.000000 0.000000
0.091339 0.092656 0.094026 0.095448 0.096917 0.098431 0.099986 0.101574 0.103189 0.104820 0.106457 0.108084 0.109681 0.111223 0.112673 0.113982 0.115079 0.115852 0.116107 0.115475 0.113030 0.104750 0.052971 0.000000 0.000000 0.000000 0.000000 0.000000 0.000000 0.000000 0.000000 0.000000 0.000000 0.000000 0.000000 0.000000 0.000000 0.000000 0.000000 0.000000 0.000000 0.000000 0.000000 0.000000 0.000000 0.000000 0.000000 0.000000 0.000000 0.000000 0.000000 0.000000 0.000000 0.000000 0.000000 0.000000 0.000000 0.000000 0.000000 0.000000
0.078740 0.079165 0.079587 0.080000 0.080397 0.080767 0.081097 0.081372 0.081569 0.081660 0.081603 0.081340 0.080778 0.079764 0.078004 0.074788 0.067336 0.013392 0.000000 0.000000 0.000000 0.000000 0.000000 0.000000 0.000000 0.000000 0.000000 0.000000 0.000000 0.000000 0.000000 0.000000 0.000000 0.000000 0.000000 0.000000 0.000000 0.000000 0.000000 0.000000 0.000000 0.000000 0.000000 0.000000 0.000000 0.000000 0.000000 0.000000 0.000000 0.000000 0.000000 0.000000 0.000000 0.000000 0.000000 0.000000 0.000000 0.000000 0.000000 0.000000
0.069685 0.070073 0.070449 0.070803 0.071127 0.071407 0.071627 0.071765 0.071791 0.071665 0.071327 0.070685 0.069578 0.067693 0.064226 0.055352 0.000677 0.000000 0.000000 0.000000 0.000000 0.000000 0.000000 0.000000 0.000000 0.000000 0.000000 0.000000 0.000000 0.000000 0.000000 0.000000 0.000000 0.000000 0.000000 0.000000 0.000000 0.000000 0.000000 0.000000 0.000000 0.000000 0.000000 0.000000 0.000000 0.000000 0.000000 0.000000 0.000000 0.000000 0.000000 0.000000 0.000000 0.000000 0.000000 0.000000 0.000000 0.000000 0.000000 0.000000
0.090945 0.091546 0.092162 0.092791 0.093430 0.094074 0.094719 0.095357 0.095982 0.096582 0.097145 0.097655 0.098087 0.098413 0.098587 0.098545 0.098181 0.097309 0.095551 0.091853 0.079957 0.026208 0.000000 0.000000 0.000000 0.000000 0.000000 0.000000 0.000000 0.000000 0.000000 0.000000 0.000000 0.000000 0.000000 0.000000 0.000000 0.000000 0.000000 0.000000 0.000000 0.000000 0.000000 0.000000 0.000000 0.000000 0.000000 0.000000 0.000000 0.000000 0.000000 0.000000 0.000000 0.000000 0.000000 0.000000 0.000000 0.000000 0.000000 0.000000
0.091339 0.092108 0.092904 0.093724 0.094565 0.095425 0.096300 0.097185 0.098074 0.098959 0.099832 0.100680 0.101487 0.102233 0.102888 0.103413 0.103749 0.103803 0.103415 0.102269 0.099562 0.091673 0.038716 0.000000 0.000000 0.000000 0.000000 0.000000 0.000000 0.000000 0.000000 0.000000 0.000000 0.000000 0.000000 0.000000 0.000000 0.000000 0.000000 0.000000 0.000000 0.000000 0.000000 0.000000 0.000000 0.000000 0.000000 0.000000 0.000000 0.000000 0.000000 0.000000 0.000000 0.000000 0.000000 0.000000 0.000000 0.000000 0.000000 0.000000
0.082677 0.084231 0.085859 0.087562 0.089338 0.091187 0.093104 0.095089 0.097136 0.099240 0.101395 0.103593 0.105822 0.108070 0.110320 0.112548 0.114725 0.116809 0.118738 0.120415 0.121677 0.122195 0.121129 0.114537 0.063393 0.008561 0.000000 0.000000 0.000000 0.000000 0.000000 0.000000 0.000000 0.000000 0.000000 0.000000 0.000000 0.000000 0.000000 0.000000 0.000000 0.000000 0.000000 0.000000 0.000000 0.000000 0.000000 0.000000 0.000000 0.000000 0.000000 0.000000 0.000000 0.000000 0.000000 0.000000 0.000000 0.000000 0.000000 0.000000
0.093701 0.095231 0.096836 0.098518 0.100276 0.102111 0.104024 0.106014 0.108082 0.110227 0.112447 0.114743 0.117111 0.119550 0.122058 0.124630 0.127264 0.129954 0.132696 0.135482 0.138305 0.141157 0.144025 0.146896 0.149753 0.152574 0.155332 0.157995 0.160519 0.162842 0.164875 0.166480 0.167430 0.167290 0.165011 0.156298 0.105980 0.053225 0.000000 0.000000 0.000000 0.000000 0.000000 0.000000 0.000000 0.000000 0.000000 0.000000 0.000000 0.000000 0.000000 0.000000 0.000000 0.000000 0.000000 0.000000 0.000000 0.000000 0.000000 0.000000
0.110236 0.111784 0.113397 0.115077 0.116826 0.118645 0.120535 0.122496 0.124531 0.126641 0.128826 0.131088 0.133428 0.135848 0.138348 0.140930 0.143596 0.146346 0.149183 0.152108 0.155123 0.158231 0.161433 0.164732 0.168131 0.171634 0.175242 0.178962 0.182796 0.186749 0.190828 0.195038 0.199385 0.203877 0.208522 0.213330 0.218310 0.223472 0.228829 0.234396 0.240190 0.246232 0.252541 0.259142 0.266062 0.273333 0.280991 0.289079 0.297647 0.306753 0.316469 0.326879 0.338086 0.350217 0.363429 0.377919 0.393940 0.411814 0.431961 0.454931
0.099606 0.101221 0.102915 0.104691 0.106551 0.108496 0.110528 0.112647 0.114856 0.117156 0.119548 0.122034 0.124613 0.127288 0.130059 0.132927 0.135893 0.138959 0.142125 0.145392 0.148761 0.152233 0.155809 0.159492 0.163281 0.167180 0.171188 0.175310 0.179546 0.183899 0.188373 0.192970 0.197694 0.202550 0.207541 0.212673 0.217951 0.223383 0.228975 0.234736 0.240674 0.246800 0.253126 0.259663 0.266427 0.273433 0.280701 0.288250 0.296104 0.304290 0.312838 0.321784 0.331168 0.341038 0.351449 0.362464 0.374161 0.386631 0.399981 0.414344
0.082283 0.083915 0.085658 0.087518 0.089497 0.091600 0.093830 0.096191 0.098686 0.101317 0.104089 0.107003 0.110063 0.113270 0.116627 0.120136 0.123800 0.127621 0.131601 0.135742 0.140046 0.144516 0.149155 0.153965 0.158949 0.164112 0.169456 0.174987 0.180708 0.186626 0.192745 0.199075 0.205620 0.212392 0.219398 0.226651 0.234162 0.241945 0.250017 0.258394 0.267096 0.276147 0.285571 0.295398 0.305661 0.316398 0.327651 0.339470 0.351910 0.365038 0.378927 0.393662 0.409340 0.426075 0.443990 0.463229 0.483945 0.506303 0.530468 0.556590
0.105118 0.107083 0.109140 0.111291 0.113540 0.115886 0.118334 0.120883 0.123536 0.126296 0.129163 0.132140 0.135228 0.138430 0.141748 0.145185 0.148741 0.152421 0.156226 0.160161 0.164228 0.168431 0.172774 0.177263 0.181902 0.186697 0.191655 0.196784 0.202092 0.207588 0.213283 0.219191 0.225324 0.231701 0.238338 0.245258 0.252486 0.260052 0.267990 0.276339 0.285150 0.294478 0.304395 0.314985 0.326355 0.338634 0.351992 0.366641 0.382863 0.401031 0.421652 0.445421 0.473303 0.506624 0.547101 0.596583 0.656017 0.723730 0.795454 0.867266
0.087795 0.090160 0.092675 0.095344 0.098170 0.101157 0.104310 0.107630 0.111120 0.114785 0.118626 0.122647 0.126851 0.131239 0.135816 0.140585 0.145550 0.150714 0.156082 0.161659 0.167451 0.173465 0.179708 0.186188 0.192916 0.199903 0.207160 0.214704 0.222552 0.230722 0.239237 0.248124 0.257413 0.267139 0.277342 0.288071 0.299383 0.311344 0.324034 0.337547 0.351997 0.367523 0.384289 0.402498 0.422395 0.444275 0.468491 0.495448 0.525588 0.559333 0.596990 0.638586 0.683707 0.731436 0.780501 0.829556 0.877438 0.923270 0.966420 1.006657
0.096850 0.099335 0.101953 0.104706 0.107596 0.110626 0.113798 0.117113 0.120574 0.124183 0.127940 0.131849 0.135910 0.140127 0.144500 0.149032 0.153726 0.158585 0.163611 0.168809 0.174183 0.179737 0.185476 0.191408 0.197539 0.203877 0.210432 0.217214 0.224237 0.231513 0.239060 0.246896 0.255044 0.263527 0.272377 0.281627 0.291317 0.301495 0.312218 0.323553 0.335581 0.348401 0.362132 0.376924 0.392961 0.410475 0.429761 0.451192 0.475244 0.502515 0.533729 0.569701 0.611184 0.658541 0.711292 0.767900 0.826187 0.884118 0.940232 0.993617
0.069685 0.072288 0.075100 0.078126 0.081371 0.084840 0.088537 0.092464 0.096623 0.101015 0.105641 0.110501 0.115595 0.120922 0.126483 0.132275 0.138298 0.144552 0.151035 0.157746 0.164687 0.171856 0.179253 0.186878 0.194733 0.202818 0.211133 0.219681 0.228462 0.237478 0.246730 0.256220 0.265949 0.275917 0.286125 0.296573 0.307260 0.318183 0.329338 0.340722 0.352326 0.364141 0.376155 0.388316 0.400615 0.413053 0.425632 0.438354 0.451222 0.464238 0.477405 0.490724 0.504200 0.517835 0.531632 0.545595 0.559727 0.574031 0.588510 0.603167
0.097244 0.099740 0.102363 0.105114 0.107997 0.111011 0.114159 0.117443 0.120863 0.124421 0.128118 0.131956 0.135935 0.140057 0.144324 0.148736 0.153297 0.158007 0.162870 0.167888 0.173065 0.178403 0.183909 0.189585 0.195439 0.201476 0.207706 0.214135 0.220775 0.227637 0.234735 0.242084 0.249702 0.257610 0.265832 0.274396 0.283336 0.292690 0.302505 0.312835 0.323746 0.335318 0.347649 0.360859 0.375098 0.390555 0.407474 0.426167 0.447047 0.470657 0.497714 0.529155 0.566131 0.609875 0.661232 0.719818 0.783481 0.849145 0.914287 0.977410
0.108661 0.111150 0.113740 0.116432 0.119228 0.122127 0.125130 0.128239 0.131453 0.134773 0.138200 0.141734 0.145375 0.149125 0.152983 0.156951 0.161030 0.165220 0.169523 0.173942 0.178476 0.183130 0.187905 0.192804 0.197831 0.202989 0.208284 0.213721 0.219305 0.225044 0.230945 0.237018 0.243273 0.249723 0.256380 0.263262 0.270386 0.277773 0.285449 0.293442 0.301787 0.310523 0.319700 0.329375 0.339617 0.350514 0.362171 0.374724 0.388344 0.403253 0.419746 0.438221 0.459227 0.483536 0.512253 0.546950 0.589764 0.643090 0.708066 0.780861
0.081102 0.083642 0.086339 0.089194 0.092210 0.095391 0.098736 0.102249 0.105929 0.109778 0.113797 0.117984 0.122342 0.126869 0.131566 0.136432 0.141469 0.146677 0.152055 0.157605 0.163328 0.169225 0.175299 0.181550 0.187983 0.194600 0.201406 0.208405 0.215604 0.223009 0.230628 0.238469 0.246543 0.254861 0.263438 0.272288 0.281430 0.290882 0.300669 0.310816 0.321355 0.332321 0.343753 0.355700 0.368215 0.381363 0.395219 0.409870 0.425420 0.441992 0.459729 0.478804 0.499417 0.521801 0.546224 0.572977 0.602363 0.634656 0.670044 0.708546
0.100000 0.103029 0.106191 0.109489 0.112921 0.116488 0.120190 0.124028 0.128000 0.132108 0.136350 0.140726 0.145237 0.149881 0.154661 0.159574 0.164623 0.169807 0.175128 0.180587 0.186185 0.191924 0.197808 0.203838 0.210018 0.216353 0.222847 0.229507 0.236337 0.243347 0.250544 0.257938 0.265541 0.273366 0.281428 0.289742 0.298330 0.307214 0.316418 0.325975 0.335918 0.346288 0.357134 0.368512 0.380490 0.393147 0.406581 0.420910 0.436279 0.452865 0.470892 0.490638 0.512453 0.536780 0.564164 0.595266 0.630826 0.671549 0.717863 0.769557
0.102362 0.105285 0.108324 0.111479 0.114751 0.118139 0.121643 0.125262 0.128994 0.132841 0.136800 0.140870 0.145052 0.149343 0.153743 0.158252 0.162868 0.167592 0.172421 0.177357 0.182399 0.187546 0.192800 0.198160 0.203627 0.209202 0.214887 0.220683 0.226592 0.232616 0.238758 0.245023 0.251412 0.257932 0.264587 0.271383 0.278327 0.285426 0.292690 0.300128 0.307752 0.315575 0.323611 0.331877 0.340392 0.349179 0.358262 0.367671 0.377440 0.387607 0.398221 0.409335 0.421013 0.433334 0.446391 0.460298 0.475193 0.491251 0.508686 0.527772
0.101181 0.103551 0.106012 0.108564 0.111207 0.113941 0.116766 0.119682 0.122688 0.125784 0.128969 0.132243 0.135606 0.139056 0.142593 0.146216 0.149924 0.153716 0.157593 0.161553 0.165596 0.169721 0.173928 0.178217 0.182587 0.187039 0.191573 0.196189 0.200887 0.205670 0.210537 0.215491 0.220532 0.225663 0.230887 0.236205 0.241622 0.247141 0.252766 0.258503 0.264356 0.270332 0.276438 0.282683 0.289075 0.295626 0.302345 0.309248 0.316350 0.323667 0.331220 0.339032 0.347129 0.355543 0.364309 0.373470 0.383077 0.393190 0.403881 0.415240
0.105512 0.108554 0.111697 0.114942 0.118288 0.121733 0.125276 0.128917 0.132654 0.136487 0.140413 0.144432 0.148542 0.152742 0.157031 0.161408 0.165872 0.170423 0.175058 0.179778 0.184583 0.189471 0.194442 0.199498 0.204637 0.209861 0.215170 0.220565 0.226048 0.231620 0.237283 0.243040 0.248894 0.254847 0.260903 0.267068 0.273346 0.279741 0.286262 0.292915 0.299708 0.306651 0.313754 0.321029 0.328488 0.336148 0.344026 0.352141 0.360516 0.369177 0.378154 0.387481 0.397199 0.407356 0.418007 0.429221 0.441077 0.453674 0.467131 0.481598
0.112205 0.115336 0.118555 0.121861 0.125252 0.128728 0.132286 0.135927 0.139647 0.143446 0.147323 0.151276 0.155304 0.159405 0.163579 0.167823 0.172137 0.176520 0.180971 0.185489 0.190073 0.194723 0.199438 0.204217 0.209061 0.213970 0.218944 0.223983 0.229087 0.234259 0.239498 0.244806 0.250185 0.255637 0.261164 0.266769 0.272454 0.278223 0.284081 0.290031 0.296079 0.302230 0.308490 0.314867 0.321368 0.328003 0.334781 0.341714 0.348813 0.356094 0.363573 0.371267 0.379197 0.387388 0.395866 0.404662 0.413814 0.423364 0.433363 0.443869
0.099606 0.102775 0.106032 0.109376 0.112807 0.116322 0.119920 0.123599 0.127357 0.131193 0.135104 0.139088 0.143144 0.147270 0.151463 0.155722 0.160045 0.164429 0.168874 0.173376 0.177936 0.182550 0.187218 0.191938 0.196708 0.201528 0.206395 0.211309 0.216270 0.221275 0.226324 0.231417 0.236552 0.241730 0.246950 0.252211 0.257515 0.262860 0.268248 0.273678 0.279152 0.284669 0.290232 0.295841 0.301497 0.307204 0.312961 0.318772 0.324640 0.330566 0.336554 0.342609 0.348733 0.354932 0.361209 0.367572 0.374025 0.380575 0.387230 0.393999
0.113780 0.116614 0.119510 0.122468 0.125486 0.128563 0.131698 0.134890 0.138137 0.141439 0.144794 0.148201 0.151658 0.155164 0.158718 0.162318 0.165964 0.169653 0.173384 0.177157 0.180970 0.184822 0.188711 0.192637 0.196599 0.200595 0.204625 0.208688 0.212783 0.216909 0.221066 0.225254 0.229471 0.233718 0.237994 0.242300 0.246635 0.250999 0.255393 0.259817 0.264272 0.268758 0.273276 0.277828 0.282414 0.287035 0.291694 0.296391 0.301129 0.305911 0.310738 0.315613 0.320538 0.325518 0.330556 0.335655 0.340819 0.346054 0.351363 0.356753
0.123228 0.126607 0.130037 0.133518 0.137048 0.140626 0.144250 0.147920 0.151632 0.155387 0.159183 0.163018 0.166892 0.170802 0.174748 0.178727 0.182740 0.186785 0.190861 0.194966 0.199100 0.203262 0.207451 0.211666 0.215906 0.220171 0.224460 0.228772 0.233109 0.237468 0.241849 0.246254 0.250681 0.255131 0.259605 0.264101 0.268622 0.273167 0.277738 0.282335 0.286959 0.291611 0.296293 0.301007 0.305753 0.310535 0.315353 0.320210 0.325109 0.330052 0.335042 0.340082 0.345176 0.350327 0.355540 0.360818 0.366167 0.371592 0.377098 0.382691
0.100787 0.103848 0.106948 0.110089 0.113271 0.116492 0.119754 0.123055 0.126395 0.129772 0.133187 0.136639 0.140126 0.143648 0.147203 0.150791 0.154410 0.158060 0.161740 0.165448 0.169183 0.172944 0.176730 0.180541 0.184374 0.188230 0.192107 0.196003 0.199919 0.203853 0.207804 0.211771 0.215754 0.219751 0.223763 0.227788 0.231825 0.235875 0.239936 0.244008 0.248091 0.252184 0.256287 0.260399 0.264522 0.268654 0.272796 0.276947 0.281109 0.285280 0.289463 0.293656 0.297861 0.302079 0.306309 0.310554 0.314813 0.319089 0.323381 0.327692
0.105906 0.108863 0.111847 0.114857 0.117895 0.120961 0.124055 0.127176 0.130325 0.133501 0.136704 0.139933 0.143189 0.146469 0.149775 0.153105 0.156458 0.159834 0.163233 0.166652 0.170092 0.173551 0.177029 0.180526 0.184039 0.187568 0.191113 0.194673 0.198246 0.201832 0.205429 0.209038 0.212657 0.216285 0.219922 0.223566 0.227217 0.230874 0.234537 0.238204 0.241875 0.245549 0.249225 0.252904 0.256583 0.260263 0.263944 0.267624 0.271304 0.274983 0.278660 0.282336 0.286010 0.289683 0.293353 0.297022 0.300689 0.304354 0.308017 0.311679
0.116142 0.119037 0.121951 0.124884 0.127836 0.130808 0.133800 0.136812 0.139843 0.142894 0.145965 0.149054 0.152163 0.155290 0.158436 0.161598 0.164778 0.167975 0.171187 0.174415 0.177657 0.180913 0.184182 0.187464 0.190758 0.194063 0.197378 0.200702 0.204036 0.207377 0.210725 0.214080 0.217440 0.220804 0.224173 0.227545 0.230919 0.234295 0.237672 0.241048 0.244424 0.247799 0.251172 0.254542 0.257909 0.261272 0.264631 0.267984 0.271333 0.274676 0.278013 0.281343 0.284667 0.287984 0.291294 0.294597 0.297892 0.301181 0.304462 0.307736
0.117323 0.120524 0.123724 0.126923 0.130124 0.133328 0.136536 0.139750 0.142970 0.146197 0.149432 0.152674 0.155925 0.159184 0.162452 0.165729 0.169014 0.172308 0.175611 0.178922 0.182240 0.185567 0.188901 0.192242 0.195589 0.198943 0.202303 0.205668 0.209037 0.212411 0.215789 0.219170 0.222553 0.225939 0.229325 0.232713 0.236100 0.239487 0.242872 0.246255 0.249636 0.253013 0.256386 0.259754 0.263117 0.266474 0.269824 0.273167 0.276501 0.279828 0.283145 0.286452 0.289749 0.293035 0.296310 0.299574 0.302826 0.306065 0.309292 0.312506
0.092913 0.095673 0.098382 0.101048 0.103679 0.106284 0.108866 0.111432 0.113985 0.116530 0.119069 0.121605 0.124142 0.126681 0.129224 0.131774 0.134331 0.136897 0.139474 0.142062 0.144663 0.147277 0.149905 0.152549 0.155208 0.157884 0.160576 0.163274 0.165962 0.168638 0.171304 0.173958 0.176601 0.179231 0.181849 0.184455 0.187046 0.189624 0.192187 0.194733 0.197263 0.199776 0.202269 0.204743 0.207196 0.209626 0.212032 0.214412 0.216765 0.219088 0.221380 0.223638 0.225859 0.228041 0.230181 0.232276 0.234320 0.236310 0.238242 0.240109
0.127953 0.131199 0.134418 0.137614 0.140790 0.143950 0.147097 0.150233 0.153361 0.156482 0.159598 0.162710 0.165821 0.168930 0.172039 0.175149 0.178260 0.181373 0.184489 0.187608 0.190730 0.193857 0.196987 0.200121 0.203260 0.206404 0.209552 0.212704 0.215862 0.219023 0.222190 0.225360 0.228535 0.231715 0.234898 0.238084 0.241275 0.244468 0.247664 0.250864 0.254065 0.257268 0.260473 0.263679 0.266886 0.270094 0.273301 0.276508 0.279714 0.282918 0.286121 0.289320 0.292517 0.295710 0.298898 0.302082 0.305260 0.308432 0.311597 0.314754
0.122441 0.125681 0.128868 0.132010 0.135114 0.138187 0.141233 0.144257 0.147262 0.150254 0.153233 0.156205 0.159170 0.162131 0.165090 0.168049 0.171009 0.173973 0.176942 0.179917 0.182899 0.185890 0.188891 0.191903 0.194927 0.197950 0.200961 0.203960 0.206949 0.209926 0.212893 0.215849 0.218795 0.221731 0.224656 0.227571 0.230476 0.233370 0.236253 0.239126 0.241987 0.244838 0.247677 0.250504 0.253319 0.256121 0.258911 0.261687 0.264449 0.267197 0.269930 0.272648 0.275350 0.278035 0.280702 0.283352 0.285982 0.288593 0.291182 0.293751
0.120079 0.123139 0.126138 0.129084 0.131986 0.134852 0.137688 0.140498 0.143288 0.146062 0.148823 0.151575 0.154321 0.157063 0.159804 0.162546 0.165290 0.168040 0.170796 0.173560 0.176335 0.179118 0.181886 0.184641 0.187382 0.190110 0.192826 0.195531 0.198224 0.200906 0.203578 0.206238 0.208888 0.211527 0.214155 0.216772 0.219379 0.221975 0.224559 0.227132 0.229693 0.232242 0.234778 0.237301 0.239812 0.242308 0.244790 0.247257 0.249709 0.252144 0.254563 0.256964 0.259346 0.261709 0.264052 0.266373 0.268672 0.270948 0.273198 0.275423
0.138976 0.142873 0.146666 0.150371 0.154000 0.157565 0.161075 0.164537 0.167958 0.171345 0.174702 0.178034 0.181345 0.184640 0.187921 0.191193 0.194457 0.197716 0.200974 0.204232 0.207477 0.210699 0.213902 0.217085 0.220250 0.223399 0.226531 0.229649 0.232752 0.235841 0.238917 0.241981 0.245032 0.248072 0.251100 0.254117 0.257122 0.260118 0.263102 0.266076 0.269040 0.271994 0.274938 0.277871 0.280795 0.283708 0.286611 0.289504 0.292386 0.295258 0.298119 0.300970 0.303810 0.306639 0.309456 0.312262 0.315057 0.317839 0.320609 0.323367
0.140157 0.143997 0.147717 0.151337 0.154873 0.158336 0.161737 0.165087 0.168391 0.171659 0.174895 0.178105 0.181293 0.184465 0.187623 0.190772 0.193889 0.196975 0.200032 0.203061 0.206066 0.209047 0.212006 0.214944 0.217863 0.220763 0.223646 0.226512 0.229362 0.232197 0.235017 0.237823 0.240615 0.243394 0.246159 0.248911 0.251651 0.254378 0.257092 0.259795 0.262485 0.265163 0.267828 0.270481 0.273122 0.275750 0.278366 0.280969 0.283559 0.286136 0.288699 0.291249 0.293785 0.296306 0.298813 0.301305 0.303781 0.306242 0.308686 0.311114
0.148032 0.151463 0.154801 0.158058 0.161248 0.164380 0.167464 0.170506 0.173514 0.176492 0.179446 0.182379 0.185297 0.188202 0.191097 0.193985 0.196862 0.199710 0.202531 0.205327 0.208099 0.210850 0.213580 0.216290 0.218982 0.221657 0.224314 0.226956 0.229582 0.232193 0.234789 0.237372 0.239941 0.242496 0.245038 0.247567 0.250084 0.252587 0.255078 0.257556 0.260022 0.262474 0.264914 0.267341 0.269756 0.272156 0.274544 0.276918 0.279278 0.281624 0.283956 0.286273 0.288575 0.290861 0.293132 0.295386 0.297624 0.299844 0.302046 0.304229
0.143307 0.147028 0.150562 0.153943 0.157196 0.160342 0.163397 0.166373 0.169282 0.172132 0.174930 0.177679 0.180358 0.182973 0.185528 0.188028 0.190477 0.192879 0.195235 0.197549 0.199822 0.202057 0.204255 0.206417 0.208545 0.210638 0.212699 0.214727 0.216724 0.218688 0.220621 0.222523 0.224393 0.226231 0.228037 0.229810 0.231550 0.233256 0.234928 0.236564 0.238163 0.239725 0.241247 0.242728 0.244167 0.245562 0.246909 0.248208 0.249455 0.250647 0.251781 0.252853 0.253858 0.254793 0.255651 0.256427 0.257112 0.257698 0.258176 0.258534
0.139764 0.143496 0.147015 0.150362 0.153565 0.156650 0.159634 0.162533 0.165358 0.168114 0.170783 0.173375 0.175898 0.178357 0.180759 0.183108 0.185408 0.187662 0.189875 0.192048 0.194184 0.196285 0.198353 0.200389 0.202394 0.204370 0.206318 0.208238 0.210131 0.211999 0.213840 0.215656 0.217447 0.219213 0.220953 0.222669 0.224360 0.226025 0.227665 0.229279 0.230867 0.232427 0.233961 0.235466 0.236942 0.238389 0.239805 0.241190 0.242541 0.243858 0.245140 0.246385 0.247591 0.248756 0.249878 0.250955 0.251985 0.252964 0.253890 0.254759
0.156299 0.160536 0.164564 0.168423 0.172143 0.175748 0.179257 0.182686 0.186026 0.189282 0.192462 0.195575 0.198630 0.201632 0.204586 0.207498 0.210371 0.213210 0.216017 0.218796 0.221548 0.224277 0.226983 0.229670 0.232338 0.234988 0.237623 0.240244 0.242851 0.245445 0.248028 0.250600 0.253161 0.255713 0.258256 0.260791 0.263318 0.265837 0.268349 0.270855 0.273354 0.275848 0.278335 0.280817 0.283294 0.285766 0.288233 0.290695 0.293153 0.295607 0.298056 0.300501 0.302942 0.305379 0.307812 0.310242 0.312667 0.315089 0.317507 0.319922
0.173622 0.177873 0.181926 0.185816 0.189573 0.193219 0.196773 0.200250 0.203636 0.206939 0.210170 0.213337 0.216447 0.219506 0.222520 0.225492 0.228428 0.231331 0.234203 0.237048 0.239868 0.242666 0.245443 0.248201 0.250942 0.253666 0.256377 0.259074 0.261759 0.264432 0.267095 0.269749 0.272393 0.275030 0.277659 0.280281 0.282897 0.285506 0.288111 0.290710 0.293304 0.295894 0.298480 0.301063 0.303642 0.306217 0.308790 0.311360 0.313927 0.316492 0.319055 0.321615 0.324174 0.326731 0.329286 0.331840 0.334392 0.336943 0.339493 0.342041
0.153150 0.157578 0.161708 0.165604 0.169311 0.172859 0.176251 0.179510 0.182657 0.185707 0.188673 0.191567 0.194397 0.197171 0.199895 0.202577 0.205219 0.207828 0.210405 0.212956 0.215482 0.217987 0.220472 0.222940 0.225392 0.227830 0.230256 0.232671 0.235077 0.237473 0.239862 0.242244 0.244620 0.246991 0.249358 0.251721 0.254080 0.256437 0.258791 0.261144 0.263495 0.265845 0.268194 0.270544 0.272893 0.275242 0.277592 0.279942 0.282294 0.284646 0.287000 0.289355 0.291712 0.294071 0.296431 0.298794 0.301158 0.303525 0.305894 0.308266
0.207087 0.211585 0.215898 0.220061 0.224098 0.228034 0.231884 0.235639 0.239308 0.242901 0.246427 0.249895 0.253310 0.256679 0.260005 0.263295 0.266550 0.269775 0.272972 0.276145 0.279295 0.282424 0.285535 0.288629 0.291708 0.294772 0.297824 0.300864 0.303894 0.306913 0.309924 0.312927 0.315922 0.318911 0.321893 0.324870 0.327842 0.330809 0.333773 0.336732 0.339688 0.342641 0.345591 0.348539 0.351484 0.354427 0.357369 0.360309 0.363248 0.366186 0.369123 0.372058 0.374993 0.377928 0.380862 0.383796 0.386729 0.389663 0.392596 0.395529
0.166142 0.169752 0.173215 0.176559 0.179809 0.182977 0.186053 0.189050 0.191980 0.194851 0.197672 0.200448 0.203187 0.205893 0.208569 0.211220 0.213849 0.216459 0.219053 0.221632 0.224198 0.226754 0.229301 0.231841 0.234374 0.236902 0.239425 0.241946 0.244464 0.246981 0.249497 0.252013 0.254529 0.257045 0.259564 0.262084 0.264606 0.267130 0.269658 0.272188 0.274722 0.277259 0.279801 0.282346 0.284896 0.287449 0.290008 0.292571 0.295139 0.297711 0.300289 0.302872 0.305459 0.308052 0.310650 0.313253 0.315862 0.318475 0.321094 0.323719
0.162992 0.167142 0.171017 0.174677 0.178168 0.181500 0.184693 0.187770 0.190751 0.193649 0.196476 0.199244 0.201959 0.204631 0.207263 0.209863 0.212434 0.214980 0.217505 0.220012 0.222503 0.224981 0.227448 0.229905 0.232355 0.234798 0.237236 0.239671 0.242103 0.244533 0.246962 0.249391 0.251821 0.254252 0.256685 0.259121 0.261559 0.264000 0.266445 0.268894 0.271347 0.273805 0.276268 0.278736 0.281209 0.283688 0.286172 0.288662 0.291158 0.293660 0.296168 0.298682 0.301203 0.303730 0.306263 0.308803 0.311350 0.313903 0.316462 0.319028
0.177953 0.181709 0.185316 0.188805 0.192191 0.195472 0.198663 0.201779 0.204829 0.207824 0.210770 0.213675 0.216544 0.219381 0.222192 0.224979 0.227746 0.230495 0.233229 0.235950 0.238660 0.241361 0.244054 0.246741 0.249422 0.252099 0.254774 0.257445 0.260116 0.262785 0.265454 0.268124 0.270795 0.273467 0.276141 0.278817 0.281496 0.284178 0.286863 0.289551 0.292243 0.294939 0.297639 0.300343 0.303051 0.305764 0.308482 0.311204 0.313931 0.316662 0.319399 0.322141 0.324887 0.327639 0.330395 0.333157 0.335924 0.338696 0.341473 0.344255
0.170472 0.174517 0.178352 0.182025 0.185554 0.188951 0.192237 0.195430 0.198544 0.201592 0.204582 0.207524 0.210423 0.213286 0.216118 0.218924 0.221705 0.224468 0.227213 0.229943 0.232661 0.235369 0.238068 0.240760 0.243447 0.246128 0.248807 0.251483 0.254157 0.256831 0.259504 0.262179 0.264854 0.267531 0.270210 0.272891 0.275576 0.278263 0.280955 0.283650 0.286349 0.289052 0.291760 0.294472 0.297189 0.299911 0.302638 0.305370 0.308108 0.310850 0.313598 0.316351 0.319110 0.321874 0.324644 0.327419 0.330199 0.332985 0.335776 0.338573
0.166535 0.169936 0.173201 0.176360 0.179429 0.182404 0.185299 0.188127 0.190898 0.193623 0.196306 0.198956 0.201577 0.204173 0.206749 0.209307 0.211851 0.214384 0.216907 0.219422 0.221932 0.224437 0.226940 0.229441 0.231941 0.234442 0.236945 0.239449 0.241956 0.244466 0.246980 0.249499 0.252022 0.254551 0.257085 0.259625 0.262171 0.264724 0.267283 0.269848 0.272421 0.275001 0.277588 0.280182 0.282783 0.285392 0.288009 0.290633 0.293264 0.295903 0.298550 0.301204 0.303865 0.306535 0.309211 0.311896 0.314587 0.317287 0.319993 0.322707
0.170079 0.173413 0.176617 0.179719 0.182726 0.185643 0.188484 0.191261 0.193986 0.196666 0.199308 0.201919 0.204503 0.207064 0.209608 0.212136 0.214651 0.217157 0.219655 0.222146 0.224634 0.227119 0.229602 0.232084 0.234568 0.237053 0.239540 0.242030 0.244524 0.247023 0.249526 0.252034 0.254548 0.257068 0.259594 0.262127 0.264666 0.267213 0.269767 0.272328 0.274896 0.277472 0.280056 0.282647 0.285247 0.287854 0.290469 0.293092 0.295723 0.298362 0.301008 0.303663 0.306326 0.308996 0.311674 0.314360 0.317054 0.319756 0.322465 0.325181
0.136220 0.139047 0.141696 0.144178 0.146529 0.148773 0.150933 0.153023 0.155058 0.157047 0.159000 0.160923 0.162823 0.164705 0.166573 0.168430 0.170280 0.172126 0.173970 0.175815 0.177661 0.179511 0.181366 0.183228 0.185097 0.186974 0.188860 0.190757 0.192664 0.194582 0.196512 0.198454 0.200409 0.202377 0.204358 0.206352 0.208361 0.210383 0.212420 0.214470 0.216535 0.218615 0.220709 0.222817 0.224941 0.227078 0.229231 0.231398 0.233579 0.235776 0.237986 0.240211 0.242450 0.244704 0.246972 0.249253 0.251549 0.253859 0.256182 0.258519
0.141732 0.144329 0.146830 0.149227 0.151541 0.153786 0.155976 0.158121 0.160229 0.162307 0.164361 0.166396 0.168417 0.170427 0.172428 0.174425 0.176419 0.178412 0.180407 0.182404 0.184405 0.186412 0.188424 0.190445 0.192473 0.194511 0.196558 0.198615 0.200683 0.202762 0.204853 0.206956 0.209071 0.211198 0.213338 0.215490 0.217656 0.219835 0.222027 0.224233 0.226451 0.228684 0.230929 0.233189 0.235461 0.237747 0.240047 0.242360 0.244686 0.247025 0.249378 0.251743 0.254122 0.256513 0.258918 0.261335 0.263765 0.266207 0.268662 0.271128
0.129921 0.132341 0.134656 0.136864 0.138983 0.141029 0.143017 0.144957 0.146859 0.148731 0.150578 0.152407 0.154221 0.156024 0.157821 0.159613 0.161403 0.163194 0.164987 0.166784 0.168587 0.170397 0.172214 0.174040 0.175877 0.177724 0.179582 0.181452 0.183335 0.185231 0.187140 0.189064 0.191001 0.192953 0.194919 0.196900 0.198897 0.200908 0.202935 0.204977 0.207035 0.209109 0.211198 0.213302 0.215422 0.217558 0.219709 0.221876 0.224058 0.226256 0.228469 0.230697 0.232941 0.235199 0.237472 0.239761 0.242064 0.244381 0.246713 0.249059
0.137008 0.139494 0.141898 0.144213 0.146456 0.148641 0.150778 0.152877 0.154945 0.156988 0.159012 0.161020 0.163018 0.165008 0.166993 0.168975 0.170957 0.172941 0.174928 0.176919 0.178916 0.180920 0.182933 0.184954 0.186984 0.189025 0.191077 0.193140 0.195215 0.197302 0.199402 0.201515 0.203641 0.205780 0.207932 0.210099 0.212279 0.214473 0.216681 0.218904 0.221140 0.223390 0.225655 0.227933 0.230226 0.232533 0.234853 0.237188 0.239536 0.241899 0.244274 0.246664 0.249067 0.251483 0.253912 0.256355 0.258811 0.261279 0.263761 0.266254
0.124016 0.126269 0.128434 0.130504 0.132498 0.134429 0.136310 0.138151 0.139959 0.141742 0.143506 0.145254 0.146992 0.148722 0.150448 0.152172 0.153897 0.155624 0.157356 0.159094 0.160839 0.162593 0.164356 0.166130 0.167915 0.169713 0.171523 0.173347 0.175184 0.177036 0.178903 0.180784 0.182681 0.184594 0.186523 0.188467 0.190428 0.192405 0.194399 0.196409 0.198436 0.200480 0.202540 0.204617 0.206710 0.208820 0.210947 0.213090 0.215250 0.217426 0.219618 0.221827 0.224051 0.226292 0.228548 0.230821 0.233109 0.235412 0.237731 0.240065
0.124016 0.125837 0.127616 0.129360 0.131058 0.132720 0.134353 0.135963 0.137557 0.139139 0.140712 0.142281 0.143847 0.145414 0.146983 0.148557 0.150137 0.151725 0.153322 0.154929 0.156548 0.158178 0.159821 0.161478 0.163150 0.164836 0.166538 0.168255 0.169989 0.171739 0.173506 0.175290 0.177091 0.178910 0.180747 0.182601 0.184473 0.186364 0.188272 0.190198 0.192143 0.194106 0.196086 0.198085 0.200102 0.202137 0.204190 0.206261 0.208349 0.210455 0.212579 0.214720 0.216878 0.219054 0.221247 0.223456 0.225683 0.227926 0.230185 0.232461
0.105512 0.106968 0.108362 0.109686 0.110949 0.112162 0.113335 0.114477 0.115592 0.116688 0.117768 0.118837 0.119897 0.120953 0.122006 0.123059 0.124114 0.125173 0.126237 0.127308 0.128387 0.129476 0.130575 0.131685 0.132808 0.133944 0.135095 0.136259 0.137440 0.138636 0.139849 0.141078 0.142326 0.143591 0.144874 0.146176 0.147497 0.148838 0.150197 0.151577 0.152977 0.154397 0.155838 0.157299 0.158780 0.160283 0.161807 0.163352 0.164918 0.166505 0.168113 0.169743 0.171394 0.173066 0.174760 0.176474 0.178210 0.179968 0.181746 0.183545
0.115748 0.117718 0.119626 0.121468 0.123252 0.124990 0.126690 0.128361 0.130009 0.131638 0.133255 0.134863 0.136466 0.138065 0.139665 0.141266 0.142872 0.144484 0.146103 0.147731 0.149370 0.151019 0.152680 0.154354 0.156042 0.157744 0.159461 0.161194 0.162943 0.164707 0.166489 0.168288 0.170104 0.171938 0.173789 0.175658 0.177546 0.179451 0.181375 0.183318 0.185278 0.187258 0.189255 0.191271 0.193306 0.195359 0.197430 0.199519 0.201627 0.203753 0.205896 0.208058 0.210237 0.212434 0.214649 0.216881 0.219130 0.221396 0.223679 0.225979
0.105906 0.107447 0.108929 0.110345 0.111708 0.113028 0.114315 0.115575 0.116814 0.118038 0.119250 0.120455 0.121655 0.122853 0.124052 0.125254 0.126461 0.127674 0.128895 0.130125 0.131367 0.132619 0.133885 0.135164 0.136457 0.137766 0.139091 0.140432 0.141790 0.143165 0.144559 0.145971 0.147402 0.148852 0.150322 0.151812 0.153321 0.154851 0.156401 0.157972 0.159564 0.161177 0.162811 0.164465 0.166141 0.167839 0.169557 0.171297 0.173058 0.174840 0.176644 0.178469 0.180315 0.182182 0.184070 0.185979 0.187909 0.189859 0.191830 0.193822
0.093701 0.094752 0.095752 0.096692 0.097578 0.098421 0.099226 0.100000 0.100749 0.101476 0.102185 0.102880 0.103564 0.104238 0.104906 0.105569 0.106229 0.106888 0.107546 0.108207 0.108870 0.109537 0.110208 0.110886 0.111571 0.112263 0.112964 0.113675 0.114395 0.115127 0.115870 0.116625 0.117392 0.118173 0.118968 0.119778 0.120602 0.121442 0.122298 0.123170 0.124059 0.124965 0.125890 0.126832 0.127792 0.128772 0.129771 0.130789 0.131827 0.132886 0.133965 0.135064 0.136185 0.137327 0.138490 0.139675 0.140882 0.142112 0.143363 0.144637
0.107087 0.108754 0.110377 0.111970 0.113520 0.115037 0.116528 0.117998 0.119453 0.120898 0.122335 0.123769 0.125202 0.126636 0.128075 0.129519 0.130971 0.132432 0.133903 0.135386 0.136881 0.138390 0.139914 0.141453 0.143008 0.144580 0.146169 0.147776 0.149401 0.151044 0.152707 0.154388 0.156090 0.157811 0.159552 0.161313 0.163094 0.164896 0.166719 0.168562 0.170425 0.172310 0.174215 0.176140 0.178086 0.180053 0.182040 0.184048 0.186076 0.188124 0.190192 0.192280 0.194388 0.196516 0.198663 0.200830 0.203015 0.205220 0.207443 0.209685
0.079921 0.080581 0.081165 0.081677 0.082113 0.082482 0.082791 0.083045 0.083250 0.083409 0.083525 0.083602 0.083641 0.083644 0.083613 0.083548 0.083449 0.083319 0.083157 0.082962 0.082736 0.082478 0.082188 0.081864 0.081507 0.081116 0.080689 0.080225 0.079723 0.079182 0.078599 0.077973 0.077302 0.076583 0.075813 0.074989 0.074109 0.073167 0.072161 0.071084 0.069933 0.068700 0.067378 0.065961 0.064438 0.062800 0.061033 0.059124 0.057055 0.054806 0.052351 0.049660 0.046693 0.043399 0.039713 0.035541 0.030753 0.025150 0.018407 0.009927
0.106299 0.108086 0.109840 0.111573 0.113277 0.114956 0.116617 0.118264 0.119901 0.121533 0.123163 0.124792 0.126425 0.128062 0.129706 0.131359 0.133021 0.134695 0.136382 0.138082 0.139796 0.141526 0.143272 0.145035 0.146815 0.148613 0.150429 0.152264 0.154118 0.155992 0.157885 0.159798 0.161731 0.163685 0.165658 0.167652 0.169667 0.171702 0.173758 0.175834 0.177931 0.180048 0.182185 0.184343 0.186521 0.188719 0.190937 0.193174 0.195432 0.197708 0.200005 0.202320 0.204654 0.207007 0.209378 0.211768 0.214176 0.216602 0.219045 0.221505
0.092126 0.093443 0.094726 0.095974 0.097187 0.098372 0.099534 0.100678 0.101809 0.102929 0.104042 0.105152 0.106260 0.107370 0.108482 0.109599 0.110723 0.111854 0.112995 0.114147 0.115311 0.116488 0.117679 0.118886 0.120108 0.121346 0.122602 0.123877 0.125170 0.126482 0.127814 0.129167 0.130541 0.131936 0.133353 0.134792 0.136253 0.137737 0.139244 0.140774 0.142328 0.143906 0.145507 0.147133 0.148782 0.150456 0.152154 0.153876 0.155623 0.157394 0.159189 0.161009 0.162853 0.164721 0.166614 0.168531 0.170471 0.172436 0.174424 0.176436
0.097638 0.099240 0.100818 0.102378 0.103928 0.105461 0.106981 0.108491 0.109995 0.111497 0.113000 0.114505 0.116016 0.117534 0.119060 0.120597 0.122146 0.123708 0.125285 0.126877 0.128486 0.130111 0.131755 0.133417 0.135099 0.136801 0.138522 0.140265 0.142029 0.143814 0.145621 0.147450 0.149302 0.151176 0.153072 0.154991 0.156933 0.158898 0.160886 0.162896 0.164930 0.166986 0.169065 0.171167 0.173292 0.175439 0.177608 0.179800 0.182014 0.184249 0.186507 0.188786 0.191086 0.193408 0.195750 0.198114 0.200498 0.202902 0.205326 0.207770
0.079921 0.081003 0.082036 0.083029 0.083988 0.084905 0.085788 0.086641 0.087468 0.088273 0.089060 0.089831 0.090589 0.091337 0.092077 0.092810 0.093538 0.094264 0.094988 0.095713 0.096439 0.097167 0.097900 0.098638 0.099382 0.100132 0.100891 0.101659 0.102437 0.103226 0.104026 0.104839 0.105665 0.106504 0.107358 0.108227 0.109113 0.110014 0.110933 0.111870 0.112825 0.113798 0.114792 0.115805 0.116838 0.117892 0.118968 0.120066 0.121185 0.122328 0.123493 0.124682 0.125894 0.127130 0.128391 0.129676 0.130986 0.132321 0.133681 0.135067
0.091732 0.093616 0.095462 0.097280 0.099077 0.100849 0.102602 0.104341 0.106071 0.107794 0.109515 0.111237 0.112961 0.114691 0.116428 0.118175 0.119932 0.121701 0.123484 0.125282 0.127095 0.128925 0.130773 0.132639 0.134523 0.136428 0.138352 0.140296 0.142262 0.144248 0.146256 0.148286 0.150337 0.152411 0.154507 0.156624 0.158764 0.160926 0.163109 0.165314 0.167539 0.169785 0.172051 0.174337 0.176641 0.178964 0.181305 0.183663 0.186038 0.188428 0.190833 0.193252 0.195685 0.198129 0.200585 0.203051 0.205527 0.208010 0.210500 0.212996
0.081496 0.082967 0.084400 0.085800 0.087177 0.088524 0.089848 0.091152 0.092441 0.093718 0.094987 0.096251 0.097512 0.098773 0.100036 0.101302 0.102575 0.103854 0.105143 0.106442 0.107753 0.109077 0.110415 0.111768 0.113137 0.114523 0.115927 0.117350 0.118791 0.120253 0.121736 0.123239 0.124764 0.126311 0.127881 0.129474 0.131089 0.132729 0.134392 0.136078 0.137788 0.139521 0.141277 0.143056 0.144858 0.146682 0.148528 0.150395 0.152283 0.154191 0.156119 0.158065 0.160030 0.162013 0.164011 0.166026 0.168055 0.170097 0.172152 0.174218
0.089370 0.091099 0.092808 0.094501 0.096184 0.097859 0.099530 0.101201 0.102874 0.104551 0.106232 0.107917 0.109609 0.111310 0.113020 0.114742 0.116477 0.118225 0.119988 0.121766 0.123562 0.125374 0.127203 0.129051 0.130916 0.132800 0.134702 0.136622 0.138560 0.140516 0.142490 0.144480 0.146487 0.148510 0.150549 0.152602 0.154669 0.156749 0.158841 0.160944 0.163057 0.165179 0.167309 0.169445 0.171587 0.173732 0.175879 0.178028 0.180175 0.182321 0.184463 0.186599 0.188729 0.190850 0.192962 0.195061 0.197148 0.199221 0.201277 0.203317
0.055512 0.055521 0.055395 0.055120 0.054694 0.054115 0.053376 0.052472 0.051392 0.050123 0.048648 0.046947 0.044991 0.042748 0.040170 0.037198 0.033750 0.029709 0.024900 0.019046 0.011651 0.001688 0.000000 0.000000 0.000000 0.000000 0.000000 0.000000 0.000000 0.000000 0.000000 0.000000 0.000000 0.000000 0.000000 0.000000 0.000000 0.000000 0.000000 0.000000 0.000000 0.000000 0.000000 0.000000 0.000000 0.000000 0.000000 0.000000 0.000000 0.000000 0.000000 0.000000 0.000000 0.000000 0.000000 0.000000 0.000000 0.000000 0.000000 0.000000
0.086614 0.088478 0.090323 0.092152 0.093969 0.095779 0.097583 0.099383 0.101184 0.102985 0.104789 0.106597 0.108411 0.110231 0.112058 0.113894 0.115738 0.117590 0.119452 0.121322 0.123202 0.125090 0.126986 0.128890 0.130803 0.132722 0.134648 0.136580 0.138516 0.140456 0.142399 0.144344 0.146289 0.148233 0.150175 0.152114 0.154048 0.155977 0.157898 0.159810 0.161713 0.163605 0.165485 0.167352 0.169204 0.171041 0.172862 0.174667 0.176454 0.178223 0.179973 0.181705 0.183418 0.185112 0.186787 0.188443 0.190080 0.191699 0.193300 0.194883
0.071654 0.072681 0.073669 0.074621 0.075541 0.076431 0.077295 0.078130 0.078938 0.079721 0.080481 0.081220 0.081939 0.082641 0.083327 0.083998 0.084656 0.085301 0.085935 0.086559 0.087174 0.087780 0.088379 0.088972 0.089559 0.090141 0.090718 0.091290 0.091859 0.092425 0.092987 0.093546 0.094103 0.094656 0.095208 0.095757 0.096303 0.096847 0.097389 0.097928 0.098463 0.098996 0.099525 0.100050 0.100570 0.101086 0.101596 0.102099 0.102596 0.103084 0.103564 0.104034 0.104493 0.104940 0.105374 0.105794 0.106198 0.106585 0.106953 0.107301
0.076772 0.077346 0.077890 0.078405 0.078890 0.079347 0.079776 0.080177 0.080551 0.080897 0.081217 0.081509 0.081773 0.082010 0.082219 0.082399 0.082549 0.082670 0.082760 0.082817 0.082842 0.082832 0.082787 0.082705 0.082584 0.082422 0.082218 0.081969 0.081673 0.081328 0.080931 0.080478 0.079967 0.079394 0.078755 0.078047 0.077264 0.076402 0.075456 0.074419 0.073286 0.072047 0.070697 0.069225 0.067621 0.065872 0.063966 0.061886 0.059612 0.057121 0.054386 0.051370 0.048030 0.044308 0.040125 0.035373 0.029893 0.023436 0.015575 0.005455
0.068898 0.069821 0.070694 0.071518 0.072296 0.073031 0.073721 0.074366 0.074968 0.075527 0.076045 0.076524 0.076964 0.077365 0.077730 0.078057 0.078349 0.078604 0.078823 0.079006 0.079154 0.079265 0.079340 0.079378 0.079379 0.079341 0.079265 0.079149 0.078992 0.078793 0.078550 0.078262 0.077927 0.077544 0.077109 0.076622 0.076078 0.075477 0.074813 0.074085 0.073288 0.072418 0.071470 0.070439 0.069318 0.068102 0.066783 0.065351 0.063796 0.062108 0.060272 0.058271 0.056088 0.053697 0.051071 0.048174 0.044959 0.041366 0.037314 0.032688
0.074016 0.074816 0.075574 0.076291 0.076968 0.077605 0.078204 0.078765 0.079288 0.079774 0.080224 0.080637 0.081013 0.081353 0.081657 0.081923 0.082152 0.082343 0.082497 0.082611 0.082686 0.082721 0.082714 0.082665 0.082572 0.082435 0.082251 0.082020 0.081738 0.081405 0.081019 0.080576 0.080075 0.079512 0.078884 0.078188 0.077420 0.076577 0.075652 0.074641 0.073539 0.072338 0.071031 0.069611 0.068066 0.066387 0.064560 0.062571 0.060401 0.058031 0.055433 0.052577 0.049424 0.045921 0.042002 0.037574 0.032508 0.026603 0.019537 0.010715
0.084252 0.084902 0.085522 0.086112 0.086672 0.087201 0.087701 0.088169 0.088607 0.089014 0.089388 0.089731 0.090041 0.090319 0.090562 0.090771 0.090945 0.091083 0.091184 0.091248 0.091274 0.091260 0.091206 0.091111 0.090973 0.090792 0.090566 0.090294 0.089974 0.089607 0.089189 0.088720 0.088198 0.087621 0.086988 0.086296 0.085544 0.084728 0.083847 0.082898 0.081878 0.080783 0.079610 0.078355 0.077013 0.075580 0.074048 0.072412 0.070664 0.068794 0.066792 0.064645 0.062339 0.059855 0.057171 0.054259 0.051085 0.047603 0.043756 0.039462
0.068898 0.068844 0.068702 0.068471 0.068144 0.067718 0.067187 0.066546 0.065787 0.064903 0.063885 0.062723 0.061405 0.059917 0.058243 0.056363 0.054254 0.051887 0.049224 0.046214 0.042799 0.038897 0.034395 0.029128 0.022838 0.015081 0.004971 0.000000 0.000000 0.000000 0.000000 0.000000 0.000000 0.000000 0.000000 0.000000 0.000000 0.000000 0.000000 0.000000 0.000000 0.000000 0.000000 0.000000 0.000000 0.000000 0.000000 0.000000 0.000000 0.000000 0.000000 0.000000 0.000000 0.000000 0.000000 0.000000 0.000000 0.000000 0.000000 0.000000
0.074409 0.074516 0.074547 0.074499 0.074370 0.074155 0.073849 0.073448 0.072945 0.072336 0.071613 0.070768 0.069792 0.068675 0.067406 0.065972 0.064358 0.062545 0.060514 0.058238 0.055687 0.052823 0.049600 0.045956 0.041809 0.037047 0.031507 0.024936 0.016905 0.006570 0.000000 0.000000 0.000000 0.000000 0.000000 0.000000 0.000000 0.000000 0.000000 0.000000 0.000000 0.000000 0.000000 0.000000 0.000000 0.000000 0.000000 0.000000 0.000000 0.000000 0.000000 0.000000 0.000000 0.000000 0.000000 0.000000 0.000000 0.000000 0.000000 0.000000
0.092520 0.092868 0.093177 0.093447 0.093676 0.093861 0.094000 0.094092 0.094134 0.094124 0.094060 0.093938 0.093756 0.093512 0.093203 0.092826 0.092379 0.091858 0.091260 0.090583 0.089824 0.088980 0.088048 0.087027 0.085913 0.084704 0.083396 0.081987 0.080472 0.078847 0.077109 0.075251 0.073267 0.071150 0.068888 0.066471 0.063884 0.061107 0.058117 0.054885 0.051373 0.047529 0.043288 0.038557 0.033200 0.027015 0.019666 0.010530 0.000000 0.000000 0.000000 0.000000 0.000000 0.000000 0.000000 0.000000 0.000000 0.000000 0.000000 0.000000
0.074016 0.073089 0.072044 0.070871 0.069557 0.068090 0.066453 0.064629 0.062595 0.060325 0.057789 0.054946 0.051747 0.048129 0.044007 0.039265 0.033735 0.027160 0.019107 0.008750 0.000000 0.000000 0.000000 0.000000 0.000000 0.000000 0.000000 0.000000 0.000000 0.000000 0.000000 0.000000 0.000000 0.000000 0.000000 0.000000 0.000000 0.000000 0.000000 0.000000 0.000000 0.000000 0.000000 0.000000 0.000000 0.000000 0.000000 0.000000 0.000000 0.000000 0.000000 0.000000 0.000000 0.000000 0.000000 0.000000 0.000000 0.000000 0.000000 0.000000
0.056693 0.055602 0.054303 0.052773 0.050981 0.048884 0.046430 0.043559 0.040192 0.036218 0.031482 0.025745 0.018618 0.009375 0.000000 0.000000 0.000000 0.000000 0.000000 0.000000 0.000000 0.000000 0.000000 0.000000 0.000000 0.000000 0.000000 0.000000 0.000000 0.000000 0.000000 0.000000 0.000000 0.000000 0.000000 0.000000 0.000000 0.000000 0.000000 0.000000 0.000000 0.000000 0.000000 0.000000 0.000000 0.000000 0.000000 0.000000 0.000000 0.000000 0.000000 0.000000 0.000000 0.000000 0.000000 0.000000 0.000000 0.000000 0.000000 0.000000
0.090551 0.090484 0.090373 0.090214 0.090004 0.089739 0.089414 0.089024 0.088564 0.088026 0.087404 0.086690 0.085875 0.084949 0.083901 0.082717 0.081384 0.079883 0.078195 0.076299 0.074165 0.071763 0.069052 0.065986 0.062504 0.058534 0.053978 0.048707 0.042540 0.035210 0.026284 0.014973 0.000000 0.000000 0.000000 0.000000 0.000000 0.000000 0.000000 0.000000 0.000000 0.000000 0.000000 0.000000 0.000000 0.000000 0.000000 0.000000 0.000000 0.000000 0.000000 0.000000 0.000000 0.000000 0.000000 0.000000 0.000000 0.000000 0.000000 0.000000
0.075197 0.073534 0.071725 0.069755 0.067603 0.065247 0.062659 0.059804 0.056639 0.053109 0.049144 0.044646 0.039480 0.033445 0.026223 0.017254 0.005382 0.000000 0.000000 0.000000 0.000000 0.000000 0.000000 0.000000 0.000000 0.000000 0.000000 0.000000 0.000000 0.000000 0.000000 0.000000 0.000000 0.000000 0.000000 0.000000 0.000000 0.000000 0.000000 0.000000 0.000000 0.000000 0.000000 0.000000 0.000000 0.000000 0.000000 0.000000 0.000000 0.000000 0.000000 0.000000 0.000000 0.000000 0.000000 0.000000 0.000000 0.000000 0.000000 0.000000
0.075197 0.073920 0.072523 0.070993 0.069313 0.067465 0.065426 0.063168 0.060659 0.057857 0.054707 0.051141 0.047063 0.042339 0.036771 0.030040 0.021574 0.010155 0.000000 0.000000 0.000000 0.000000 0.000000 0.000000 0.000000 0.000000 0.000000 0.000000 0.000000 0.000000 0.000000 0.000000 0.000000 0.000000 0.000000 0.000000 0.000000 0.000000 0.000000 0.000000 0.000000 0.000000 0.000000 0.000000 0.000000 0.000000 0.000000 0.000000 0.000000 0.000000 0.000000 0.000000 0.000000 0.000000 0.000000 0.000000 0.000000 0.000000 0.000000 0.000000
0.090551 0.089938 0.089270 0.088542 0.087747 0.086878 0.085926 0.084882 0.083735 0.082471 0.081075 0.079528 0.077810 0.075891 0.073740 0.071314 0.068557 0.065397 0.061732 0.057418 0.052231 0.045788 0.037326 0.024791 0.000000 0.000000 0.000000 0.000000 0.000000 0.000000 0.000000 0.000000 0.000000 0.000000 0.000000 0.000000 0.000000 0.000000 0.000000 0.000000 0.000000 0.000000 0.000000 0.000000 0.000000 0.000000 0.000000 0.000000 0.000000 0.000000 0.000000 0.000000 0.000000 0.000000 0.000000 0.000000 0.000000 0.000000 0.000000 0.000000
0.075591 0.074472 0.073248 0.071905 0.070426 0.068791 0.066978 0.064957 0.062691 0.060134 0.057224 0.053879 0.049978 0.045343 0.039676 0.032414 0.022174 0.002155 0.000000 0.000000 0.000000 0.000000 0.000000 0.000000 0.000000 0.000000 0.000000 0.000000 0.000000 0.000000 0.000000 0.000000 0.000000 0.000000 0.000000 0.000000 0.000000 0.000000 0.000000 0.000000 0.000000 0.000000 0.000000 0.000000 0.000000 0.000000 0.000000 0.000000 0.000000 0.000000 0.000000 0.000000 0.000000 0.000000 0.000000 0.000000 0.000000 0.000000 0.000000 0.000000
0.090945 0.090259 0.089522 0.088727 0.087867 0.086933 0.085917 0.084807 0.083591 0.082253 0.080775 0.079133 0.077301 0.075244 0.072916 0.070261 0.067199 0.063619 0.059356 0.054145 0.047510 0.038396 0.023170 0.000000 0.000000 0.000000 0.000000 0.000000 0.000000 0.000000 0.000000 0.000000 0.000000 0.000000 0.000000 0.000000 0.000000 0.000000 0.000000 0.000000 0.000000 0.000000 0.000000 0.000000 0.000000 0.000000 0.000000 0.000000 0.000000 0.000000 0.000000 0.000000 0.000000 0.000000 0.000000 0.000000 0.000000 0.000000 0.000000 0.000000
0.058268 0.056747 0.055043 0.053123 0.050946 0.048464 0.045609 0.042290 0.038379 0.033698 0.027968 0.020715 0.011005 0.000000 0.000000 0.000000 0.000000 0.000000 0.000000 0.000000 0.000000 0.000000 0.000000 0.000000 0.000000 0.000000 0.000000 0.000000 0.000000 0.000000 0.000000 0.000000 0.000000 0.000000 0.000000 0.000000 0.000000 0.000000 0.000000 0.000000 0.000000 0.000000 0.000000 0.000000 0.000000 0.000000 0.000000 0.000000 0.000000 0.000000 0.000000 0.000000 0.000000 0.000000 0.000000 0.000000 0.000000 0.000000 0.000000 0.000000
0.085827 0.085283 0.084704 0.084085 0.083421 0.082704 0.081927 0.081082 0.080156 0.079137 0.078009 0.076754 0.075349 0.073763 0.071961 0.069896 0.067502 0.064694 0.061343 0.057257 0.052109 0.045267 0.035118 0.012979 0.000000 0.000000 0.000000 0.000000 0.000000 0.000000 0.000000 0.000000 0.000000 0.000000 0.000000 0.000000 0.000000 0.000000 0.000000 0.000000 0.000000 0.000000 0.000000 0.000000 0.000000 0.000000 0.000000 0.000000 0.000000 0.000000 0.000000 0.000000 0.000000 0.000000 0.000000 0.000000 0.000000 0.000000 0.000000 0.000000
0.086614 0.086194 0.085752 0.085284 0.084785 0.084251 0.083674 0.083049 0.082365 0.081615 0.080784 0.079860 0.078825 0.077658 0.076332 0.074815 0.073065 0.071026 0.068627 0.065766 0.062302 0.058014 0.052544 0.045206 0.034321 0.011835 0.000000 0.000000 0.000000 0.000000 0.000000 0.000000 0.000000 0.000000 0.000000 0.000000 0.000000 0.000000 0.000000 0.000000 0.000000 0.000000 0.000000 0.000000 0.000000 0.000000 0.000000 0.000000 0.000000 0.000000 0.000000 0.000000 0.000000 0.000000 0.000000 0.000000 0.000000 0.000000 0.000000 0.000000
0.047244 0.044970 0.042371 0.039371 0.035866 0.031704 0.026660 0.020388 0.012269 0.001005 0.000000 0.000000 0.000000 0.000000 0.000000 0.000000 0.000000 0.000000 0.000000 0.000000 0.000000 0.000000 0.000000 0.000000 0.000000 0.000000 0.000000 0.000000 0.000000 0.000000 0.000000 0.000000 0.000000 0.000000 0.000000 0.000000 0.000000 0.000000 0.000000 0.000000 0.000000 0.000000 0.000000 0.000000 0.000000 0.000000 0.000000 0.000000 0.000000 0.000000 0.000000 0.000000 0.000000 0.000000 0.000000 0.000000 0.000000 0.000000 0.000000 0.000000
0.072835 0.072548 0.072264 0.071981 0.071696 0.071408 0.071112 0.070806 0.070483 0.070138 0.069764 0.069353 0.068893 0.068373 0.067776 0.067083 0.066268 0.065302 0.064145 0.062746 0.061040 0.058938 0.056315 0.052993 0.048692 0.042940 0.034786 0.021601 0.000000 0.000000 0.000000 0.000000 0.000000 0.000000 0.000000 0.000000 0.000000 0.000000 0.000000 0.000000 0.000000 0.000000 0.000000 0.000000 0.000000 0.000000 0.000000 0.000000 0.000000 0.000000 0.000000 0.000000 0.000000 0.000000 0.000000 0.000000 0.000000 0.000000 0.000000 0.000000
