0.037619 0.037030 0.036450 0.035864 0.035263 0.034638 0.033982 0.033290 0.032555 0.031770 0.030917 0.029942 0.028753 0.027059 0.024170 0.019868 0.014396 0.008013 0.002970 0.001087 0.000398 0.000146 0.000053 0.000020 0.000007 0.000003 0.000001 0.000000 0.000000 0.000000 0.000000 0.000000 0.000000 0.000000 0.000000 0.000000 0.000000 0.000000 0.000000 0.000000 0.000000 0.000000 0.000000 0.000000 0.000000 0.000000 0.000000 0.000000 0.000000 0.000000
0.038085 0.037944 0.037650 0.037240 0.036739 0.036164 0.035526 0.034833 0.034085 0.033283 0.032414 0.031434 0.030260 0.028671 0.025994 0.021873 0.016506 0.010199 0.004076 0.001492 0.000546 0.000200 0.000073 0.000027 0.000010 0.000004 0.000001 0.000000 0.000000 0.000000 0.000000 0.000000 0.000000 0.000000 0.000000 0.000000 0.000000 0.000000 0.000000 0.000000 0.000000 0.000000 0.000000 0.000000 0.000000 0.000000 0.000000 0.000000 0.000000 0.000000
0.044208 0.042896 0.041750 0.040718 0.039763 0.038857 0.037976 0.037104 0.036227 0.035329 0.034392 0.033371 0.032186 0.030644 0.028106 0.024151 0.018941 0.012803 0.005989 0.002192 0.000802 0.000294 0.000108 0.000039 0.000014 0.000005 0.000002 0.000001 0.000000 0.000000 0.000000 0.000000 0.000000 0.000000 0.000000 0.000000 0.000000 0.000000 0.000000 0.000000 0.000000 0.000000 0.000000 0.000000 0.000000 0.000000 0.000000 0.000000 0.000000 0.000000
0.041236 0.041165 0.040953 0.040631 0.040219 0.039731 0.039176 0.038559 0.037882 0.037145 0.036338 0.035440 0.034380 0.032983 0.030644 0.026908 0.021917 0.016020 0.009393 0.003597 0.001316 0.000482 0.000176 0.000065 0.000024 0.000009 0.000003 0.000001 0.000000 0.000000 0.000000 0.000000 0.000000 0.000000 0.000000 0.000000 0.000000 0.000000 0.000000 0.000000 0.000000 0.000000 0.000000 0.000000 0.000000 0.000000 0.000000 0.000000 0.000000 0.000000
0.044899 0.044591 0.044233 0.043826 0.043369 0.042864 0.042311 0.041708 0.041053 0.040343 0.039567 0.038709 0.037721 0.036443 0.034316 0.030818 0.026056 0.020397 0.014078 0.007135 0.002612 0.000956 0.000350 0.000128 0.000047 0.000017 0.000006 0.000002 0.000001 0.000000 0.000000 0.000000 0.000000 0.000000 0.000000 0.000000 0.000000 0.000000 0.000000 0.000000 0.000000 0.000000 0.000000 0.000000 0.000000 0.000000 0.000000 0.000000 0.000000 0.000000
0.051335 0.050522 0.049750 0.049005 0.048276 0.047554 0.046830 0.046097 0.045346 0.044567 0.043748 0.042870 0.041889 0.040666 0.038702 0.035422 0.030881 0.025450 0.019412 0.012837 0.005872 0.002149 0.000787 0.000288 0.000105 0.000039 0.000014 0.000005 0.000002 0.000001 0.000000 0.000000 0.000000 0.000000 0.000000 0.000000 0.000000 0.000000 0.000000 0.000000 0.000000 0.000000 0.000000 0.000000 0.000000 0.000000 0.000000 0.000000 0.000000 0.000000
0.053793 0.053169 0.052552 0.051935 0.051315 0.050687 0.050047 0.049392 0.048716 0.048014 0.047275 0.046483 0.045600 0.044511 0.042831 0.039903 0.035672 0.030495 0.024712 0.018463 0.011722 0.004975 0.001821 0.000666 0.000244 0.000089 0.000033 0.000012 0.000004 0.000002 0.000001 0.000000 0.000000 0.000000 0.000000 0.000000 0.000000 0.000000 0.000000 0.000000 0.000000 0.000000 0.000000 0.000000 0.000000 0.000000 0.000000 0.000000 0.000000 0.000000
0.053098 0.053017 0.052848 0.052607 0.052308 0.051959 0.051567 0.051134 0.050661 0.050147 0.049587 0.048968 0.048265 0.047391 0.046044 0.043545 0.039713 0.034867 0.029389 0.023474 0.017152 0.010343 0.004098 0.001500 0.000549 0.000201 0.000074 0.000027 0.000010 0.000004 0.000001 0.000000 0.000000 0.000000 0.000000 0.000000 0.000000 0.000000 0.000000 0.000000 0.000000 0.000000 0.000000 0.000000 0.000000 0.000000 0.000000 0.000000 0.000000 0.000000
0.055690 0.055247 0.054856 0.054496 0.054152 0.053812 0.053467 0.053110 0.052733 0.052329 0.051889 0.051400 0.050837 0.050140 0.049080 0.046992 0.043573 0.039083 0.033926 0.028342 0.022405 0.016079 0.009268 0.003533 0.001293 0.000473 0.000173 0.000063 0.000023 0.000008 0.000003 0.000001 0.000000 0.000000 0.000000 0.000000 0.000000 0.000000 0.000000 0.000000 0.000000 0.000000 0.000000 0.000000 0.000000 0.000000 0.000000 0.000000 0.000000 0.000000
0.056529 0.056553 0.056529 0.056462 0.056357 0.056216 0.056041 0.055833 0.055591 0.055314 0.054995 0.054627 0.054191 0.053643 0.052832 0.051186 0.048229 0.044112 0.039251 0.033946 0.028319 0.022379 0.016065 0.009289 0.003555 0.001301 0.000476 0.000174 0.000064 0.000023 0.000009 0.000003 0.000001 0.000000 0.000000 0.000000 0.000000 0.000000 0.000000 0.000000 0.000000 0.000000 0.000000 0.000000 0.000000 0.000000 0.000000 0.000000 0.000000 0.000000
0.060612 0.060671 0.060660 0.060596 0.060490 0.060352 0.060184 0.059991 0.059773 0.059528 0.059252 0.058939 0.058572 0.058122 0.057490 0.056281 0.053850 0.050157 0.045586 0.040509 0.035115 0.029460 0.023525 0.017240 0.010525 0.004261 0.001560 0.000571 0.000209 0.000076 0.000028 0.000010 0.000004 0.000001 0.000001 0.000000 0.000000 0.000000 0.000000 0.000000 0.000000 0.000000 0.000000 0.000000 0.000000 0.000000 0.000000 0.000000 0.000000 0.000000
0.067319 0.066713 0.066230 0.065837 0.065507 0.065219 0.064959 0.064715 0.064477 0.064237 0.063985 0.063712 0.063403 0.063033 0.062539 0.061680 0.059782 0.056569 0.052328 0.047482 0.042296 0.036872 0.031227 0.025331 0.019116 0.012496 0.005698 0.002086 0.000763 0.000279 0.000102 0.000037 0.000014 0.000005 0.000002 0.000001 0.000000 0.000000 0.000000 0.000000 0.000000 0.000000 0.000000 0.000000 0.000000 0.000000 0.000000 0.000000 0.000000 0.000000
0.068010 0.068310 0.068523 0.068669 0.068759 0.068805 0.068814 0.068789 0.068735 0.068651 0.068537 0.068390 0.068200 0.067949 0.067594 0.066986 0.065539 0.062780 0.058880 0.054278 0.049299 0.044093 0.038703 0.033123 0.027318 0.021226 0.014758 0.007942 0.002936 0.001075 0.000393 0.000144 0.000053 0.000019 0.000007 0.000003 0.000001 0.000000 0.000000 0.000000 0.000000 0.000000 0.000000 0.000000 0.000000 0.000000 0.000000 0.000000 0.000000 0.000000
0.072218 0.072565 0.072825 0.073018 0.073159 0.073260 0.073327 0.073365 0.073378 0.073366 0.073328 0.073260 0.073156 0.072998 0.072749 0.072293 0.071116 0.068667 0.065050 0.060693 0.055945 0.050979 0.045853 0.040577 0.035132 0.029482 0.023574 0.017330 0.010708 0.004431 0.001622 0.000594 0.000217 0.000080 0.000029 0.000011 0.000004 0.000001 0.000001 0.000000 0.000000 0.000000 0.000000 0.000000 0.000000 0.000000 0.000000 0.000000 0.000000 0.000000
0.080217 0.079610 0.079185 0.078893 0.078697 0.078570 0.078492 0.078448 0.078425 0.078414 0.078407 0.078393 0.078363 0.078298 0.078164 0.077850 0.076905 0.074738 0.071397 0.067293 0.062789 0.058072 0.053213 0.048229 0.043114 0.037846 0.032396 0.026717 0.020746 0.014411 0.007809 0.002896 0.001060 0.000388 0.000142 0.000052 0.000019 0.000007 0.000003 0.000001 0.000000 0.000000 0.000000 0.000000 0.000000 0.000000 0.000000 0.000000 0.000000 0.000000
0.079370 0.080120 0.080718 0.081208 0.081620 0.081975 0.082289 0.082570 0.082826 0.083060 0.083274 0.083468 0.083638 0.083776 0.083851 0.083766 0.083216 0.081555 0.078667 0.074907 0.070678 0.066209 0.061596 0.056872 0.052040 0.047090 0.042006 0.036761 0.031322 0.025640 0.019652 0.013337 0.006866 0.002517 0.000921 0.000337 0.000123 0.000045 0.000017 0.000006 0.000002 0.000001 0.000000 0.000000 0.000000 0.000000 0.000000 0.000000 0.000000 0.000000
0.085337 0.085632 0.085980 0.086357 0.086749 0.087146 0.087540 0.087929 0.088309 0.088680 0.089040 0.089389 0.089726 0.090046 0.090311 0.090458 0.090357 0.089515 0.087422 0.084208 0.080304 0.076052 0.071622 0.067079 0.062443 0.057715 0.052888 0.047947 0.042874 0.037643 0.032219 0.026557 0.020606 0.014377 0.008052 0.003039 0.001112 0.000407 0.000149 0.000055 0.000020 0.000007 0.000003 0.000001 0.000000 0.000000 0.000000 0.000000 0.000000 0.000000
0.091197 0.091751 0.092281 0.092789 0.093280 0.093756 0.094218 0.094670 0.095113 0.095549 0.095981 0.096412 0.096844 0.097272 0.097658 0.097964 0.098131 0.097995 0.096990 0.094702 0.091346 0.087369 0.083089 0.078660 0.074138 0.069542 0.064873 0.060124 0.055286 0.050343 0.045278 0.040067 0.034678 0.029070 0.023206 0.017072 0.010846 0.004783 0.001751 0.000641 0.000235 0.000086 0.000031 0.000012 0.000004 0.000002 0.000001 0.000000 0.000000 0.000000
0.099238 0.099785 0.100273 0.100724 0.101150 0.101562 0.101968 0.102373 0.102781 0.103196 0.103622 0.104063 0.104525 0.104990 0.105425 0.105808 0.106107 0.106258 0.106067 0.104923 0.102491 0.099038 0.095012 0.090717 0.086294 0.081796 0.077240 0.072627 0.067952 0.063208 0.058383 0.053466 0.048438 0.043278 0.037959 0.032447 0.026708 0.020709 0.014541 0.008358 0.003216 0.001177 0.000431 0.000158 0.000058 0.000021 0.000008 0.000003 0.000001 0.000000
0.108624 0.108465 0.108446 0.108536 0.108708 0.108946 0.109236 0.109569 0.109938 0.110340 0.110776 0.111245 0.111746 0.112251 0.112737 0.113188 0.113582 0.113888 0.114032 0.113767 0.112444 0.109853 0.106324 0.102295 0.098037 0.093671 0.089242 0.084765 0.080241 0.075667 0.071037 0.066344 0.061577 0.056725 0.051773 0.046703 0.041491 0.036109 0.030524 0.024708 0.018647 0.012507 0.006356 0.002328 0.000852 0.000312 0.000114 0.000042 0.000015 0.000006
0.110096 0.110884 0.111612 0.112293 0.112940 0.113561 0.114165 0.114758 0.115346 0.115936 0.116536 0.117154 0.117787 0.118414 0.119018 0.119588 0.120111 0.120568 0.120924 0.121093 0.120761 0.119283 0.116577 0.113025 0.109043 0.104866 0.100595 0.096269 0.091901 0.087491 0.083038 0.078538 0.073985 0.069372 0.064691 0.059932 0.055082 0.050125 0.045042 0.039809 0.034396 0.028774 0.022916 0.016847 0.010754 0.004801 0.001757 0.000643 0.000235 0.000086
0.114013 0.115010 0.115912 0.116741 0.117514 0.118245 0.118948 0.119631 0.120303 0.120975 0.121653 0.122349 0.123069 0.123792 0.124497 0.125175 0.125816 0.126407 0.126929 0.127344 0.127557 0.127215 0.125695 0.122973 0.119457 0.115545 0.111456 0.107282 0.103060 0.098799 0.094503 0.090169 0.085794 0.081376 0.076907 0.072383 0.067796 0.063138 0.058397 0.053560 0.048612 0.043531 0.038293 0.032866 0.027227 0.021347 0.015308 0.009271 0.003777 0.001383
0.122002 0.122120 0.122343 0.122654 0.123036 0.123478 0.123971 0.124508 0.125086 0.125701 0.126357 0.127056 0.127804 0.128576 0.129348 0.130105 0.130838 0.131538 0.132192 0.132779 0.133263 0.133550 0.133307 0.131902 0.129289 0.125866 0.122041 0.118038 0.113952 0.109821 0.105655 0.101457 0.097228 0.092965 0.088664 0.084322 0.079935 0.075496 0.071000 0.066440 0.061805 0.057086 0.052267 0.047333 0.042261 0.037026 0.031599 0.025957 0.020076 0.014090
0.123608 0.124004 0.124494 0.125052 0.125660 0.126307 0.126987 0.127695 0.128431 0.129196 0.129994 0.130833 0.131707 0.132589 0.133465 0.134328 0.135170 0.135987 0.136770 0.137508 0.138182 0.138760 0.139159 0.139112 0.137982 0.135607 0.132345 0.128629 0.124711 0.120704 0.116650 0.112565 0.108452 0.104312 0.100143 0.095943 0.091709 0.087438 0.083125 0.078767 0.074358 0.069890 0.065357 0.060749 0.056055 0.051260 0.046346 0.041292 0.036072 0.030657
0.120971 0.122737 0.124256 0.125598 0.126813 0.127938 0.129001 0.130023 0.131023 0.132016 0.133017 0.134037 0.135057 0.136066 0.137059 0.138034 0.138989 0.139920 0.140824 0.141694 0.142520 0.143287 0.143966 0.144491 0.144667 0.143910 0.141876 0.138840 0.135256 0.131425 0.127490 0.123504 0.119487 0.115447 0.111385 0.107299 0.103188 0.099050 0.094883 0.090682 0.086445 0.082167 0.077844 0.073470 0.069038 0.064541 0.059969 0.055310 0.050550 0.045670
0.129265 0.129417 0.129796 0.130334 0.130985 0.131720 0.132517 0.133365 0.134258 0.135194 0.136178 0.137207 0.138255 0.139306 0.140354 0.141393 0.142422 0.143436 0.144432 0.145405 0.146348 0.147253 0.148105 0.148879 0.149523 0.149888 0.149496 0.147835 0.145064 0.141635 0.137904 0.134045 0.130131 0.126188 0.122225 0.118243 0.114243 0.110224 0.106183 0.102119 0.098028 0.093909 0.089757 0.085569 0.081342 0.077069 0.072746 0.068365 0.063919 0.059398
0.128327 0.129536 0.130610 0.131604 0.132554 0.133487 0.134419 0.135363 0.136329 0.137328 0.138368 0.139457 0.140574 0.141700 0.142827 0.143950 0.145068 0.146175 0.147270 0.148349 0.149406 0.150435 0.151428 0.152372 0.153243 0.153999 0.154520 0.154409 0.153071 0.150558 0.147305 0.143698 0.139945 0.136129 0.132283 0.128419 0.124539 0.120643 0.116731 0.112801 0.108851 0.104879 0.100883 0.096860 0.092807 0.088722 0.084600 0.080438 0.076230 0.071971
0.130364 0.130832 0.131472 0.132233 0.133083 0.134002 0.134974 0.135991 0.137050 0.138151 0.139297 0.140496 0.141737 0.142991 0.144245 0.145494 0.146735 0.147964 0.149180 0.150379 0.151558 0.152714 0.153839 0.154927 0.155966 0.156934 0.157794 0.158447 0.158558 0.157495 0.155226 0.152161 0.148706 0.145086 0.141395 0.137671 0.133926 0.130165 0.126388 0.122594 0.118784 0.114954 0.111104 0.107232 0.103337 0.099415 0.095465 0.091483 0.087468 0.083414
0.125461 0.127179 0.128768 0.130265 0.131695 0.133077 0.134426 0.135756 0.137076 0.138399 0.139736 0.141101 0.142493 0.143887 0.145272 0.146642 0.147997 0.149335 0.150656 0.151957 0.153238 0.154496 0.155727 0.156928 0.158090 0.159203 0.160251 0.161200 0.161972 0.162318 0.161607 0.159653 0.156814 0.153523 0.150035 0.146464 0.142853 0.139217 0.135563 0.131891 0.128203 0.124497 0.120773 0.117030 0.113265 0.109479 0.105669 0.101833 0.097970 0.094077
0.128026 0.129378 0.130719 0.132048 0.133363 0.134668 0.135966 0.137262 0.138562 0.139874 0.141207 0.142574 0.143971 0.145373 0.146770 0.148157 0.149532 0.150895 0.152244 0.153578 0.154896 0.156196 0.157477 0.158734 0.159964 0.161161 0.162315 0.163413 0.164430 0.165311 0.165905 0.165756 0.164350 0.161870 0.158775 0.155404 0.151916 0.148376 0.144808 0.141220 0.137615 0.133995 0.130357 0.126703 0.123032 0.119341 0.115631 0.111900 0.108147 0.104369
0.133123 0.133962 0.134840 0.135759 0.136717 0.137712 0.138744 0.139814 0.140920 0.142068 0.143261 0.144508 0.145803 0.147120 0.148445 0.149772 0.151098 0.152422 0.153741 0.155054 0.156360 0.157657 0.158942 0.160213 0.161467 0.162700 0.163908 0.165082 0.166214 0.167284 0.168259 0.169060 0.169478 0.168971 0.167197 0.164473 0.161260 0.157841 0.154337 0.150794 0.147230 0.143650 0.140055 0.136447 0.132825 0.129189 0.125537 0.121868 0.118182 0.114478
0.134788 0.135444 0.136193 0.137014 0.137894 0.138824 0.139798 0.140813 0.141870 0.142969 0.144115 0.145316 0.146569 0.147850 0.149144 0.150445 0.151748 0.153053 0.154358 0.155661 0.156961 0.158257 0.159546 0.160827 0.162099 0.163358 0.164601 0.165824 0.167022 0.168187 0.169309 0.170366 0.171318 0.172071 0.172405 0.171774 0.169880 0.167070 0.163803 0.160350 0.156823 0.153261 0.149682 0.146091 0.142489 0.138875 0.135250 0.131614 0.127964 0.124300
0.130396 0.131873 0.133241 0.134532 0.135770 0.136976 0.138162 0.139341 0.140522 0.141716 0.142932 0.144182 0.145477 0.146800 0.148133 0.149469 0.150804 0.152137 0.153469 0.154798 0.156124 0.157446 0.158763 0.160074 0.161378 0.162672 0.163957 0.165227 0.166482 0.167717 0.168927 0.170104 0.171236 0.172302 0.173259 0.174011 0.174347 0.173744 0.171871 0.169063 0.165787 0.162320 0.158779 0.155206 0.151616 0.148016 0.144407 0.140789 0.137162 0.133524
0.129367 0.130264 0.131236 0.132259 0.133320 0.134409 0.135521 0.136655 0.137810 0.138989 0.140198 0.141443 0.142733 0.144073 0.145437 0.146809 0.148182 0.149554 0.150925 0.152294 0.153660 0.155022 0.156380 0.157733 0.159080 0.160421 0.161754 0.163077 0.164389 0.165688 0.166970 0.168232 0.169468 0.170671 0.171829 0.172921 0.173905 0.174689 0.175070 0.174550 0.172756 0.169996 0.166741 0.163284 0.159749 0.156180 0.152596 0.149001 0.145399 0.141788
0.124488 0.125652 0.126784 0.127898 0.129007 0.130119 0.131239 0.132374 0.133527 0.134704 0.135911 0.137154 0.138443 0.139789 0.141175 0.142577 0.143985 0.145394 0.146803 0.148212 0.149619 0.151024 0.152426 0.153825 0.155220 0.156609 0.157993 0.159370 0.160739 0.162098 0.163445 0.164779 0.166096 0.167392 0.168663 0.169901 0.171093 0.172220 0.173241 0.174068 0.174505 0.174072 0.172362 0.169662 0.166446 0.163018 0.159507 0.155961 0.152398 0.148825
0.119232 0.120163 0.121135 0.122144 0.123188 0.124264 0.125371 0.126508 0.127675 0.128874 0.130108 0.131382 0.132703 0.134082 0.135501 0.136938 0.138381 0.139829 0.141277 0.142727 0.144175 0.145623 0.147069 0.148513 0.149954 0.151391 0.152824 0.154252 0.155673 0.157088 0.158493 0.159889 0.161274 0.162644 0.163997 0.165330 0.166637 0.167910 0.169140 0.170304 0.171364 0.172234 0.172724 0.172362 0.170722 0.168080 0.164910 0.161522 0.158047 0.154536
0.110859 0.111889 0.112994 0.114151 0.115345 0.116566 0.117810 0.119073 0.120355 0.121658 0.122986 0.124345 0.125743 0.127189 0.128663 0.130147 0.131636 0.133126 0.134615 0.136104 0.137592 0.139079 0.140564 0.142047 0.143528 0.145006 0.146480 0.147950 0.149416 0.150877 0.152331 0.153778 0.155217 0.156646 0.158063 0.159466 0.160852 0.162218 0.163559 0.164866 0.166130 0.167329 0.168426 0.169338 0.169876 0.169578 0.168003 0.165417 0.162296 0.158953
0.099988 0.101957 0.103739 0.105384 0.106930 0.108406 0.109834 0.111230 0.112609 0.113983 0.115363 0.116759 0.118186 0.119654 0.121149 0.122654 0.124162 0.125669 0.127177 0.128684 0.130190 0.131696 0.133201 0.134706 0.136210 0.137712 0.139213 0.140712 0.142208 0.143701 0.145190 0.146675 0.148154 0.149626 0.151091 0.152546 0.153991 0.155421 0.156836 0.158231 0.159601 0.160939 0.162234 0.163466 0.164598 0.165548 0.166137 0.165922 0.164434 0.161915
0.098359 0.098900 0.099593 0.100403 0.101303 0.102274 0.103306 0.104388 0.105517 0.106689 0.107905 0.109169 0.110484 0.111862 0.113292 0.114749 0.116219 0.117699 0.119186 0.120678 0.122174 0.123675 0.125179 0.126686 0.128196 0.129707 0.131219 0.132733 0.134246 0.135759 0.137270 0.138780 0.140287 0.141790 0.143289 0.144782 0.146268 0.147746 0.149213 0.150667 0.152106 0.153526 0.154922 0.156286 0.157608 0.158869 0.160034 0.161025 0.161673 0.161577
0.089527 0.090335 0.091185 0.092078 0.093014 0.093991 0.095010 0.096069 0.097168 0.098309 0.099494 0.100727 0.102014 0.103365 0.104772 0.106210 0.107665 0.109132 0.110608 0.112093 0.113585 0.115083 0.116586 0.118095 0.119608 0.121125 0.122645 0.124168 0.125692 0.127219 0.128745 0.130272 0.131799 0.133324 0.134846 0.136365 0.137880 0.139390 0.140892 0.142386 0.143870 0.145341 0.146797 0.148233 0.149645 0.151026 0.152365 0.153644 0.154830 0.155851
0.077512 0.078875 0.080188 0.081465 0.082718 0.083957 0.085191 0.086426 0.087670 0.088929 0.090210 0.091521 0.092871 0.094271 0.095711 0.097172 0.098643 0.100123 0.101609 0.103101 0.104599 0.106102 0.107610 0.109123 0.110640 0.112162 0.113686 0.115214 0.116745 0.118277 0.119811 0.121345 0.122880 0.124414 0.125947 0.127477 0.129004 0.130527 0.132045 0.133555 0.135058 0.136550 0.138031 0.139496 0.140944 0.142369 0.143767 0.145130 0.146448 0.147702
0.069211 0.070373 0.071549 0.072735 0.073929 0.075132 0.076345 0.077569 0.078807 0.080063 0.081342 0.082649 0.083991 0.085379 0.086806 0.088251 0.089708 0.091173 0.092644 0.094121 0.095604 0.097093 0.098586 0.100084 0.101587 0.103094 0.104605 0.106118 0.107633 0.109151 0.110669 0.112188 0.113706 0.115223 0.116737 0.118249 0.119757 0.121259 0.122755 0.124242 0.125720 0.127185 0.128636 0.130070 0.131484 0.132873 0.134235 0.135563 0.136850 0.138085
0.062964 0.063910 0.064879 0.065871 0.066886 0.067924 0.068986 0.070070 0.071180 0.072316 0.073480 0.074675 0.075906 0.077178 0.078499 0.079864 0.081251 0.082649 0.084056 0.085471 0.086896 0.088330 0.089770 0.091215 0.092665 0.094118 0.095574 0.097030 0.098488 0.099945 0.101401 0.102854 0.104304 0.105750 0.107190 0.108623 0.110047 0.111460 0.112859 0.114241 0.115603 0.116940 0.118251 0.119531 0.120775 0.121979 0.123139 0.124245 0.125285 0.126232
0.057594 0.058354 0.059146 0.059968 0.060820 0.061700 0.062609 0.063545 0.064508 0.065498 0.066515 0.067561 0.068635 0.069741 0.070882 0.072060 0.073277 0.074530 0.075818 0.077137 0.078471 0.079809 0.081147 0.082483 0.083817 0.085148 0.086477 0.087801 0.089120 0.090432 0.091736 0.093030 0.094314 0.095585 0.096842 0.098078 0.099286 0.100460 0.101592 0.102677 0.103709 0.104684 0.105597 0.106445 0.107222 0.107920 0.108528 0.109027 0.109385 0.109552
0.051810 0.052569 0.053348 0.054147 0.054963 0.055798 0.056649 0.057516 0.058399 0.059297 0.060210 0.061138 0.062080 0.063036 0.064007 0.064993 0.065995 0.067015 0.068050 0.069103 0.070170 0.071247 0.072329 0.073413 0.074492 0.075564 0.076625 0.077670 0.078699 0.079707 0.080693 0.081654 0.082589 0.083497 0.084376 0.085226 0.086042 0.086823 0.087564 0.088261 0.088905 0.089488 0.089996 0.090413 0.090710 0.090847 0.090763 0.090346 0.089464 0.087883
0.046748 0.047578 0.048406 0.049232 0.050057 0.050879 0.051701 0.052522 0.053341 0.054161 0.054979 0.055797 0.056614 0.057429 0.058242 0.059053 0.059860 0.060664 0.061464 0.062260 0.063050 0.063834 0.064610 0.065377 0.066132 0.066873 0.067599 0.068306 0.068993 0.069658 0.070298 0.070911 0.071496 0.072049 0.072568 0.073049 0.073486 0.073873 0.074198 0.074446 0.074593 0.074605 0.074433 0.073986 0.073142 0.071766 0.069476 0.065897 0.061353 0.056374
0.044693 0.045393 0.046078 0.046755 0.047425 0.048090 0.048753 0.049413 0.050070 0.050725 0.051377 0.052024 0.052667 0.053303 0.053931 0.054550 0.055158 0.055753 0.056334 0.056899 0.057448 0.057978 0.058489 0.058980 0.059449 0.059895 0.060316 0.060712 0.061081 0.061421 0.061728 0.062000 0.062232 0.062417 0.062543 0.062599 0.062560 0.062395 0.062061 0.061485 0.060551 0.059142 0.057038 0.053715 0.049240 0.044123 0.038786 0.033360 0.027959 0.022722
0.044729 0.045046 0.045396 0.045772 0.046172 0.046590 0.047024 0.047471 0.047928 0.048391 0.048858 0.049325 0.049790 0.050250 0.050701 0.051141 0.051566 0.051975 0.052364 0.052731 0.053074 0.053392 0.053681 0.053941 0.054170 0.054366 0.054526 0.054648 0.054729 0.054761 0.054736 0.054642 0.054456 0.054148 0.053677 0.052977 0.051936 0.050440 0.048341 0.045171 0.040749 0.035500 0.029903 0.024340 0.018965 0.013734 0.008553 0.003628 0.001328 0.000486
0.042968 0.043227 0.043512 0.043822 0.044154 0.044505 0.044870 0.045246 0.045629 0.046014 0.046399 0.046779 0.047151 0.047511 0.047855 0.048180 0.048483 0.048760 0.049009 0.049227 0.049412 0.049560 0.049670 0.049738 0.049760 0.049732 0.049647 0.049494 0.049254 0.048899 0.048388 0.047659 0.046598 0.045088 0.042996 0.039910 0.035518 0.030182 0.024463 0.018837 0.013382 0.007991 0.003191 0.001168 0.000427 0.000156 0.000057 0.000021 0.000008 0.000003
0.039224 0.039714 0.040211 0.040706 0.041195 0.041675 0.042143 0.042596 0.043033 0.043452 0.043850 0.044226 0.044576 0.044899 0.045192 0.045452 0.045676 0.045862 0.046006 0.046107 0.046159 0.046159 0.046103 0.045982 0.045784 0.045487 0.045057 0.044438 0.043527 0.042191 0.040288 0.037428 0.033213 0.027950 0.022195 0.016466 0.010865 0.005280 0.001933 0.000707 0.000259 0.000095 0.000035 0.000013 0.000005 0.000002 0.000001 0.000000 0.000000 0.000000
0.037015 0.037753 0.038411 0.039007 0.039551 0.040053 0.040519 0.040951 0.041353 0.041725 0.042067 0.042378 0.042655 0.042897 0.043102 0.043265 0.043383 0.043453 0.043469 0.043427 0.043318 0.043132 0.042848 0.042430 0.041812 0.040867 0.039435 0.037218 0.033655 0.028850 0.023295 0.017477 0.011698 0.005922 0.002168 0.000794 0.000290 0.000106 0.000039 0.000014 0.000005 0.000002 0.000001 0.000000 0.000000 0.000000 0.000000 0.000000 0.000000 0.000000
0.040054 0.040028 0.040067 0.040156 0.040283 0.040435 0.040604 0.040782 0.040961 0.041135 0.041297 0.041441 0.041562 0.041653 0.041708 0.041721 0.041685 0.041591 0.041428 0.041183 0.040827 0.040307 0.039507 0.038234 0.036063 0.032492 0.027749 0.022306 0.016480 0.010544 0.004701 0.001721 0.000630 0.000231 0.000084 0.000031 0.000011 0.000004 0.000002 0.000001 0.000000 0.000000 0.000000 0.000000 0.000000 0.000000 0.000000 0.000000 0.000000 0.000000
0.039330 0.039369 0.039450 0.039561 0.039691 0.039831 0.039974 0.040113 0.040242 0.040356 0.040449 0.040514 0.040546 0.040539 0.040483 0.040371 0.040190 0.039924 0.039546 0.038997 0.038134 0.036638 0.033869 0.029785 0.024811 0.019271 0.013308 0.007145 0.002642 0.000967 0.000354 0.000130 0.000047 0.000017 0.000006 0.000002 0.000001 0.000000 0.000000 0.000000 0.000000 0.000000 0.000000 0.000000 0.000000 0.000000 0.000000 0.000000 0.000000 0.000000
0.035572 0.036312 0.036923 0.037432 0.037859 0.038219 0.038521 0.038771 0.038974 0.039130 0.039239 0.039298 0.039302 0.039245 0.039118 0.038906 0.038587 0.038118 0.037388 0.036061 0.033467 0.029577 0.024792 0.019408 0.013513 0.007241 0.002672 0.000978 0.000358 0.000131 0.000048 0.000018 0.000006 0.000002 0.000001 0.000000 0.000000 0.000000 0.000000 0.000000 0.000000 0.000000 0.000000 0.000000 0.000000 0.000000 0.000000 0.000000 0.000000 0.000000
0.037976 0.037845 0.037802 0.037817 0.037869 0.037941 0.038020 0.038095 0.038157 0.038197 0.038207 0.038176 0.038094 0.037948 0.037718 0.037377 0.036870 0.036046 0.034346 0.031296 0.027120 0.022188 0.016706 0.010692 0.004587 0.001679 0.000615 0.000225 0.000082 0.000030 0.000011 0.000004 0.000001 0.000001 0.000000 0.000000 0.000000 0.000000 0.000000 0.000000 0.000000 0.000000 0.000000 0.000000 0.000000 0.000000 0.000000 0.000000 0.000000 0.000000
0.035912 0.036118 0.036285 0.036426 0.036549 0.036657 0.036750 0.036826 0.036880 0.036907 0.036900 0.036849 0.036742 0.036561 0.036279 0.035850 0.035159 0.033751 0.031029 0.027098 0.022323 0.016953 0.011041 0.004837 0.001770 0.000648 0.000237 0.000087 0.000032 0.000012 0.000004 0.000002 0.000001 0.000000 0.000000 0.000000 0.000000 0.000000 0.000000 0.000000 0.000000 0.000000 0.000000 0.000000 0.000000 0.000000 0.000000 0.000000 0.000000 0.000000
0.034052 0.034189 0.034357 0.034541 0.034729 0.034914 0.035087 0.035242 0.035372 0.035471 0.035529 0.035537 0.035480 0.035340 0.035085 0.034655 0.033884 0.032148 0.029031 0.024763 0.019710 0.014066 0.007820 0.002905 0.001063 0.000389 0.000142 0.000052 0.000019 0.000007 0.000003 0.000001 0.000000 0.000000 0.000000 0.000000 0.000000 0.000000 0.000000 0.000000 0.000000 0.000000 0.000000 0.000000 0.000000 0.000000 0.000000 0.000000 0.000000 0.000000
0.031801 0.032323 0.032780 0.033184 0.033543 0.033863 0.034145 0.034391 0.034598 0.034762 0.034877 0.034935 0.034922 0.034818 0.034590 0.034172 0.033354 0.031441 0.028111 0.023644 0.018407 0.012566 0.006113 0.002238 0.000819 0.000300 0.000110 0.000040 0.000015 0.000005 0.000002 0.000001 0.000000 0.000000 0.000000 0.000000 0.000000 0.000000 0.000000 0.000000 0.000000 0.000000 0.000000 0.000000 0.000000 0.000000 0.000000 0.000000 0.000000 0.000000
0.034012 0.034108 0.034241 0.034394 0.034559 0.034725 0.034885 0.035031 0.035157 0.035254 0.035313 0.035322 0.035264 0.035116 0.034837 0.034335 0.033274 0.030931 0.027232 0.022532 0.017148 0.011179 0.004890 0.001790 0.000655 0.000240 0.000088 0.000032 0.000012 0.000004 0.000002 0.000001 0.000000 0.000000 0.000000 0.000000 0.000000 0.000000 0.000000 0.000000 0.000000 0.000000 0.000000 0.000000 0.000000 0.000000 0.000000 0.000000 0.000000 0.000000
0.035046 0.035225 0.035383 0.035524 0.035654 0.035771 0.035875 0.035962 0.036027 0.036065 0.036064 0.036013 0.035894 0.035676 0.035303 0.034625 0.033056 0.030115 0.026005 0.021100 0.015617 0.009570 0.003815 0.001396 0.000511 0.000187 0.000068 0.000025 0.000009 0.000003 0.000001 0.000000 0.000000 0.000000 0.000000 0.000000 0.000000 0.000000 0.000000 0.000000 0.000000 0.000000 0.000000 0.000000 0.000000 0.000000 0.000000 0.000000 0.000000 0.000000
0.035779 0.035808 0.035871 0.035955 0.036050 0.036147 0.036239 0.036318 0.036377 0.036408 0.036398 0.036334 0.036195 0.035943 0.035504 0.034620 0.032589 0.029241 0.024901 0.019902 0.014381 0.008303 0.003143 0.001150 0.000421 0.000154 0.000056 0.000021 0.000008 0.000003 0.000001 0.000000 0.000000 0.000000 0.000000 0.000000 0.000000 0.000000 0.000000 0.000000 0.000000 0.000000 0.000000 0.000000 0.000000 0.000000 0.000000 0.000000 0.000000 0.000000
0.033891 0.034321 0.034693 0.035016 0.035298 0.035543 0.035753 0.035926 0.036062 0.036156 0.036198 0.036178 0.036074 0.035850 0.035423 0.034487 0.032348 0.028929 0.024576 0.019603 0.014126 0.008101 0.003054 0.001118 0.000409 0.000150 0.000055 0.000020 0.000007 0.000003 0.000001 0.000000 0.000000 0.000000 0.000000 0.000000 0.000000 0.000000 0.000000 0.000000 0.000000 0.000000 0.000000 0.000000 0.000000 0.000000 0.000000 0.000000 0.000000 0.000000
0.034876 0.034978 0.035098 0.035230 0.035367 0.035503 0.035633 0.035751 0.035851 0.035924 0.035963 0.035952 0.035873 0.035691 0.035339 0.034596 0.032769 0.029618 0.025445 0.020603 0.015253 0.009381 0.003758 0.001375 0.000503 0.000184 0.000067 0.000025 0.000009 0.000003 0.000001 0.000000 0.000000 0.000000 0.000000 0.000000 0.000000 0.000000 0.000000 0.000000 0.000000 0.000000 0.000000 0.000000 0.000000 0.000000 0.000000 0.000000 0.000000 0.000000
0.034127 0.034236 0.034359 0.034493 0.034635 0.034779 0.034923 0.035061 0.035187 0.035295 0.035376 0.035420 0.035409 0.035318 0.035098 0.034628 0.033412 0.030871 0.027144 0.022610 0.017518 0.011920 0.005771 0.002112 0.000773 0.000283 0.000104 0.000038 0.000014 0.000005 0.000002 0.000001 0.000000 0.000000 0.000000 0.000000 0.000000 0.000000 0.000000 0.000000 0.000000 0.000000 0.000000 0.000000 0.000000 0.000000 0.000000 0.000000 0.000000 0.000000
0.032123 0.032424 0.032717 0.033000 0.033273 0.033535 0.033784 0.034019 0.034237 0.034434 0.034605 0.034742 0.034834 0.034863 0.034800 0.034579 0.034005 0.032405 0.029442 0.025395 0.020630 0.015330 0.009490 0.003840 0.001405 0.000514 0.000188 0.000069 0.000025 0.000009 0.000003 0.000001 0.000000 0.000000 0.000000 0.000000 0.000000 0.000000 0.000000 0.000000 0.000000 0.000000 0.000000 0.000000 0.000000 0.000000 0.000000 0.000000 0.000000 0.000000
0.031429 0.031782 0.032107 0.032410 0.032697 0.032972 0.033234 0.033485 0.033723 0.033946 0.034150 0.034329 0.034475 0.034574 0.034607 0.034532 0.034261 0.033447 0.031355 0.027916 0.023506 0.018456 0.012884 0.006739 0.002470 0.000904 0.000331 0.000121 0.000044 0.000016 0.000006 0.000002 0.000001 0.000000 0.000000 0.000000 0.000000 0.000000 0.000000 0.000000 0.000000 0.000000 0.000000 0.000000 0.000000 0.000000 0.000000 0.000000 0.000000 0.000000
0.032508 0.032512 0.032580 0.032693 0.032839 0.033007 0.033190 0.033381 0.033576 0.033769 0.033954 0.034124 0.034271 0.034382 0.034438 0.034406 0.034213 0.033615 0.031868 0.028740 0.024565 0.019716 0.014360 0.008473 0.003259 0.001193 0.000437 0.000160 0.000058 0.000021 0.000008 0.000003 0.000001 0.000000 0.000000 0.000000 0.000000 0.000000 0.000000 0.000000 0.000000 0.000000 0.000000 0.000000 0.000000 0.000000 0.000000 0.000000 0.000000 0.000000
0.031160 0.031570 0.031918 0.032224 0.032500 0.032756 0.032996 0.033225 0.033441 0.033645 0.033835 0.034004 0.034147 0.034251 0.034296 0.034245 0.034013 0.033264 0.031290 0.028049 0.023913 0.019198 0.014026 0.008356 0.003239 0.001186 0.000434 0.000159 0.000058 0.000021 0.000008 0.000003 0.000001 0.000000 0.000000 0.000000 0.000000 0.000000 0.000000 0.000000 0.000000 0.000000 0.000000 0.000000 0.000000 0.000000 0.000000 0.000000 0.000000 0.000000
0.032553 0.032545 0.032609 0.032722 0.032868 0.033036 0.033217 0.033404 0.033592 0.033774 0.033946 0.034099 0.034226 0.034312 0.034335 0.034252 0.033960 0.033026 0.030849 0.027532 0.023447 0.018856 0.013842 0.008353 0.003277 0.001200 0.000439 0.000161 0.000059 0.000022 0.000008 0.000003 0.000001 0.000000 0.000000 0.000000 0.000000 0.000000 0.000000 0.000000 0.000000 0.000000 0.000000 0.000000 0.000000 0.000000 0.000000 0.000000 0.000000 0.000000
0.031402 0.031869 0.032262 0.032601 0.032901 0.033173 0.033422 0.033654 0.033869 0.034067 0.034247 0.034404 0.034532 0.034620 0.034651 0.034593 0.034371 0.033723 0.031952 0.028956 0.025075 0.020629 0.015751 0.010429 0.004726 0.001730 0.000633 0.000232 0.000085 0.000031 0.000011 0.000004 0.000002 0.000001 0.000000 0.000000 0.000000 0.000000 0.000000 0.000000 0.000000 0.000000 0.000000 0.000000 0.000000 0.000000 0.000000 0.000000 0.000000 0.000000
0.033794 0.033717 0.033715 0.033768 0.033858 0.033975 0.034109 0.034253 0.034402 0.034550 0.034692 0.034823 0.034935 0.035020 0.035066 0.035052 0.034943 0.034658 0.033907 0.031988 0.028801 0.024706 0.020027 0.014887 0.009255 0.003779 0.001383 0.000506 0.000185 0.000068 0.000025 0.000009 0.000003 0.000001 0.000000 0.000000 0.000000 0.000000 0.000000 0.000000 0.000000 0.000000 0.000000 0.000000 0.000000 0.000000 0.000000 0.000000 0.000000 0.000000
0.032520 0.032878 0.033184 0.033452 0.033693 0.033913 0.034118 0.034309 0.034488 0.034656 0.034810 0.034950 0.035071 0.035168 0.035234 0.035258 0.035221 0.035092 0.034802 0.034138 0.032470 0.029432 0.025309 0.020470 0.015097 0.009193 0.003671 0.001344 0.000492 0.000180 0.000066 0.000024 0.000009 0.000003 0.000001 0.000000 0.000000 0.000000 0.000000 0.000000 0.000000 0.000000 0.000000 0.000000 0.000000 0.000000 0.000000 0.000000 0.000000 0.000000
0.033515 0.033591 0.033688 0.033801 0.033925 0.034057 0.034194 0.034334 0.034473 0.034610 0.034740 0.034860 0.034967 0.035056 0.035119 0.035149 0.035134 0.035056 0.034886 0.034560 0.033909 0.032358 0.029394 0.025219 0.020219 0.014613 0.008428 0.003203 0.001172 0.000429 0.000157 0.000057 0.000021 0.000008 0.000003 0.000001 0.000000 0.000000 0.000000 0.000000 0.000000 0.000000 0.000000 0.000000 0.000000 0.000000 0.000000 0.000000 0.000000 0.000000
0.033198 0.033253 0.033337 0.033443 0.033564 0.033695 0.033832 0.033972 0.034110 0.034245 0.034372 0.034489 0.034591 0.034674 0.034732 0.034758 0.034742 0.034671 0.034524 0.034270 0.033838 0.033020 0.031132 0.027817 0.023350 0.018099 0.012228 0.005797 0.002122 0.000777 0.000284 0.000104 0.000038 0.000014 0.000005 0.000002 0.000001 0.000000 0.000000 0.000000 0.000000 0.000000 0.000000 0.000000 0.000000 0.000000 0.000000 0.000000 0.000000 0.000000
0.031613 0.032014 0.032355 0.032649 0.032908 0.033140 0.033348 0.033537 0.033709 0.033863 0.034001 0.034119 0.034217 0.034291 0.034335 0.034345 0.034311 0.034224 0.034066 0.033814 0.033422 0.032786 0.031497 0.028871 0.024938 0.020062 0.014510 0.008323 0.003138 0.001149 0.000420 0.000154 0.000056 0.000021 0.000008 0.000003 0.000001 0.000000 0.000000 0.000000 0.000000 0.000000 0.000000 0.000000 0.000000 0.000000 0.000000 0.000000 0.000000 0.000000
0.033760 0.033677 0.033647 0.033655 0.033691 0.033746 0.033814 0.033887 0.033963 0.034037 0.034104 0.034162 0.034204 0.034228 0.034226 0.034194 0.034122 0.034001 0.033817 0.033551 0.033170 0.032613 0.031698 0.029773 0.026466 0.022029 0.016805 0.010943 0.004767 0.001745 0.000639 0.000234 0.000086 0.000031 0.000011 0.000004 0.000002 0.000001 0.000000 0.000000 0.000000 0.000000 0.000000 0.000000 0.000000 0.000000 0.000000 0.000000 0.000000 0.000000
0.033189 0.033334 0.033457 0.033567 0.033666 0.033758 0.033844 0.033924 0.033998 0.034063 0.034119 0.034162 0.034189 0.034197 0.034180 0.034134 0.034052 0.033924 0.033742 0.033489 0.033144 0.032672 0.031996 0.030865 0.028568 0.024899 0.020166 0.014681 0.008538 0.003253 0.001191 0.000436 0.000160 0.000058 0.000021 0.000008 0.000003 0.000001 0.000000 0.000000 0.000000 0.000000 0.000000 0.000000 0.000000 0.000000 0.000000 0.000000 0.000000 0.000000
0.032882 0.032987 0.033096 0.033208 0.033321 0.033432 0.033540 0.033643 0.033740 0.033828 0.033906 0.033971 0.034020 0.034050 0.034056 0.034034 0.033978 0.033882 0.033736 0.033531 0.033251 0.032874 0.032365 0.031642 0.030443 0.028060 0.024281 0.019417 0.013776 0.007478 0.002761 0.001011 0.000370 0.000135 0.000050 0.000018 0.000007 0.000002 0.000001 0.000000 0.000000 0.000000 0.000000 0.000000 0.000000 0.000000 0.000000 0.000000 0.000000 0.000000
0.032317 0.032459 0.032604 0.032749 0.032895 0.033038 0.033179 0.033315 0.033445 0.033568 0.033680 0.033780 0.033865 0.033932 0.033978 0.033998 0.033988 0.033942 0.033854 0.033714 0.033513 0.033235 0.032859 0.032348 0.031623 0.030428 0.028055 0.024277 0.019399 0.013731 0.007430 0.002743 0.001004 0.000368 0.000135 0.000049 0.000018 0.000007 0.000002 0.000001 0.000000 0.000000 0.000000 0.000000 0.000000 0.000000 0.000000 0.000000 0.000000 0.000000
0.032036 0.032232 0.032422 0.032606 0.032784 0.032956 0.033122 0.033282 0.033434 0.033579 0.033715 0.033840 0.033953 0.034052 0.034133 0.034193 0.034229 0.034235 0.034207 0.034138 0.034018 0.033839 0.033585 0.033235 0.032753 0.032063 0.030925 0.028643 0.024961 0.020178 0.014609 0.008426 0.003211 0.001175 0.000430 0.000157 0.000058 0.000021 0.000008 0.000003 0.000001 0.000000 0.000000 0.000000 0.000000 0.000000 0.000000 0.000000 0.000000 0.000000
0.032822 0.032947 0.033070 0.033193 0.033317 0.033441 0.033567 0.033693 0.033820 0.033946 0.034070 0.034192 0.034308 0.034418 0.034519 0.034607 0.034680 0.034733 0.034762 0.034761 0.034725 0.034644 0.034508 0.034304 0.034013 0.033601 0.033002 0.032023 0.030055 0.026663 0.022089 0.016677 0.010621 0.004543 0.001663 0.000609 0.000223 0.000082 0.000030 0.000011 0.000004 0.000001 0.000001 0.000000 0.000000 0.000000 0.000000 0.000000 0.000000 0.000000
0.033562 0.033572 0.033601 0.033647 0.033710 0.033788 0.033878 0.033979 0.034089 0.034206 0.034329 0.034456 0.034585 0.034714 0.034840 0.034962 0.035075 0.035178 0.035267 0.035336 0.035382 0.035397 0.035375 0.035305 0.035175 0.034967 0.034651 0.034169 0.033370 0.031747 0.028669 0.024236 0.018826 0.012689 0.006079 0.002225 0.000814 0.000298 0.000109 0.000040 0.000015 0.000005 0.000002 0.000001 0.000000 0.000000 0.000000 0.000000 0.000000 0.000000
0.032700 0.032781 0.032891 0.033019 0.033162 0.033315 0.033475 0.033640 0.033809 0.033980 0.034153 0.034326 0.034499 0.034670 0.034840 0.035005 0.035166 0.035319 0.035462 0.035593 0.035708 0.035802 0.035869 0.035903 0.035893 0.035824 0.035674 0.035403 0.034922 0.033963 0.031750 0.027977 0.022972 0.017127 0.010601 0.004294 0.001572 0.000575 0.000211 0.000077 0.000028 0.000010 0.000004 0.000001 0.000001 0.000000 0.000000 0.000000 0.000000 0.000000
0.030874 0.031344 0.031744 0.032091 0.032399 0.032676 0.032931 0.033169 0.033393 0.033608 0.033814 0.034015 0.034210 0.034401 0.034587 0.034769 0.034946 0.035117 0.035280 0.035434 0.035575 0.035700 0.035803 0.035876 0.035908 0.035876 0.035738 0.035398 0.034629 0.032847 0.029628 0.025223 0.020013 0.014207 0.007904 0.002953 0.001081 0.000396 0.000145 0.000053 0.000019 0.000007 0.000003 0.000001 0.000000 0.000000 0.000000 0.000000 0.000000 0.000000
0.033297 0.033187 0.033135 0.033129 0.033157 0.033211 0.033285 0.033376 0.033480 0.033593 0.033714 0.033842 0.033974 0.034109 0.034245 0.034382 0.034517 0.034649 0.034775 0.034892 0.034995 0.035079 0.035134 0.035145 0.035077 0.034848 0.034254 0.032787 0.029986 0.026127 0.021593 0.016567 0.011122 0.005434 0.001989 0.000728 0.000267 0.000098 0.000036 0.000013 0.000005 0.000002 0.000001 0.000000 0.000000 0.000000 0.000000 0.000000 0.000000 0.000000
0.032874 0.032878 0.032889 0.032910 0.032941 0.032982 0.033032 0.033092 0.033159 0.033233 0.033313 0.033397 0.033484 0.033573 0.033661 0.033748 0.033830 0.033905 0.033968 0.034016 0.034038 0.034023 0.033946 0.033754 0.033278 0.031966 0.029368 0.025772 0.021553 0.016895 0.011815 0.006366 0.002352 0.000861 0.000315 0.000115 0.000042 0.000015 0.000006 0.000002 0.000001 0.000000 0.000000 0.000000 0.000000 0.000000 0.000000 0.000000 0.000000 0.000000
0.031085 0.031299 0.031487 0.031657 0.031810 0.031952 0.032083 0.032205 0.032320 0.032429 0.032532 0.032628 0.032719 0.032802 0.032878 0.032943 0.032997 0.033034 0.033051 0.033039 0.032984 0.032859 0.032604 0.032007 0.030388 0.027571 0.023881 0.019629 0.014957 0.009862 0.004444 0.001627 0.000595 0.000218 0.000080 0.000029 0.000011 0.000004 0.000001 0.000001 0.000000 0.000000 0.000000 0.000000 0.000000 0.000000 0.000000 0.000000 0.000000 0.000000
0.030983 0.031059 0.031153 0.031258 0.031368 0.031481 0.031593 0.031702 0.031808 0.031909 0.032005 0.032095 0.032178 0.032253 0.032318 0.032373 0.032414 0.032439 0.032440 0.032410 0.032331 0.032166 0.031819 0.030868 0.028724 0.025485 0.021505 0.017035 0.012151 0.006799 0.002533 0.000927 0.000339 0.000124 0.000045 0.000017 0.000006 0.000002 0.000001 0.000000 0.000000 0.000000 0.000000 0.000000 0.000000 0.000000 0.000000 0.000000 0.000000 0.000000
0.030975 0.031157 0.031302 0.031423 0.031525 0.031616 0.031699 0.031776 0.031848 0.031918 0.031984 0.032048 0.032109 0.032168 0.032223 0.032275 0.032321 0.032361 0.032391 0.032405 0.032389 0.032311 0.032093 0.031421 0.029595 0.026565 0.022686 0.018260 0.013407 0.008097 0.003183 0.001165 0.000427 0.000156 0.000057 0.000021 0.000008 0.000003 0.000001 0.000000 0.000000 0.000000 0.000000 0.000000 0.000000 0.000000 0.000000 0.000000 0.000000 0.000000
0.032587 0.032376 0.032227 0.032126 0.032060 0.032022 0.032005 0.032004 0.032017 0.032042 0.032075 0.032118 0.032168 0.032226 0.032291 0.032367 0.032452 0.032550 0.032660 0.032773 0.032862 0.032895 0.032834 0.032584 0.031783 0.029746 0.026509 0.022452 0.017861 0.012832 0.007330 0.002772 0.001014 0.000371 0.000136 0.000050 0.000018 0.000007 0.000002 0.000001 0.000000 0.000000 0.000000 0.000000 0.000000 0.000000 0.000000 0.000000 0.000000 0.000000
0.030394 0.030618 0.030794 0.030937 0.031056 0.031159 0.031252 0.031339 0.031424 0.031509 0.031596 0.031689 0.031789 0.031900 0.032025 0.032169 0.032337 0.032529 0.032723 0.032906 0.033068 0.033198 0.033277 0.033271 0.033103 0.032528 0.030875 0.027904 0.023958 0.019388 0.014345 0.008850 0.003620 0.001325 0.000485 0.000178 0.000065 0.000024 0.000009 0.000003 0.000001 0.000000 0.000000 0.000000 0.000000 0.000000 0.000000 0.000000 0.000000 0.000000
0.030251 0.030247 0.030272 0.030318 0.030380 0.030453 0.030535 0.030625 0.030722 0.030827 0.030941 0.031065 0.031203 0.031358 0.031538 0.031747 0.031986 0.032234 0.032480 0.032718 0.032943 0.033147 0.033322 0.033452 0.033512 0.033448 0.033107 0.032028 0.029605 0.025985 0.021560 0.016584 0.011131 0.005355 0.001960 0.000718 0.000263 0.000096 0.000035 0.000013 0.000005 0.000002 0.000001 0.000000 0.000000 0.000000 0.000000 0.000000 0.000000 0.000000
0.029397 0.029533 0.029657 0.029773 0.029881 0.029985 0.030088 0.030190 0.030296 0.030407 0.030527 0.030660 0.030811 0.030987 0.031196 0.031437 0.031692 0.031951 0.032208 0.032461 0.032706 0.032938 0.033151 0.033338 0.033486 0.033573 0.033559 0.033339 0.032595 0.030616 0.027291 0.022979 0.018011 0.012513 0.006558 0.002407 0.000881 0.000322 0.000118 0.000043 0.000016 0.000006 0.000002 0.000001 0.000000 0.000000 0.000000 0.000000 0.000000 0.000000
0.030119 0.030158 0.030185 0.030205 0.030224 0.030244 0.030268 0.030300 0.030343 0.030399 0.030474 0.030571 0.030698 0.030863 0.031062 0.031277 0.031501 0.031728 0.031956 0.032183 0.032405 0.032620 0.032823 0.033008 0.033166 0.033283 0.033338 0.033289 0.033034 0.032204 0.030044 0.026494 0.021936 0.016701 0.010894 0.004794 0.001755 0.000642 0.000235 0.000086 0.000031 0.000012 0.000004 0.000002 0.000001 0.000000 0.000000 0.000000 0.000000 0.000000
0.030858 0.030633 0.030458 0.030322 0.030220 0.030145 0.030095 0.030068 0.030066 0.030088 0.030140 0.030225 0.030350 0.030508 0.030683 0.030866 0.031055 0.031247 0.031441 0.031634 0.031823 0.032005 0.032175 0.032328 0.032455 0.032543 0.032572 0.032504 0.032252 0.031510 0.029494 0.026034 0.021488 0.016211 0.010340 0.004390 0.001607 0.000588 0.000215 0.000079 0.000029 0.000011 0.000004 0.000001 0.000001 0.000000 0.000000 0.000000 0.000000 0.000000
0.028293 0.028437 0.028550 0.028640 0.028715 0.028783 0.028847 0.028913 0.028988 0.029075 0.029184 0.029321 0.029483 0.029654 0.029829 0.030006 0.030183 0.030358 0.030530 0.030696 0.030853 0.030998 0.031125 0.031228 0.031293 0.031304 0.031227 0.030985 0.030359 0.028695 0.025599 0.021336 0.016277 0.010642 0.004812 0.001761 0.000645 0.000236 0.000086 0.000032 0.000012 0.000004 0.000002 0.000001 0.000000 0.000000 0.000000 0.000000 0.000000 0.000000
0.027731 0.027782 0.027831 0.027878 0.027924 0.027971 0.028021 0.028076 0.028141 0.028221 0.028322 0.028451 0.028597 0.028748 0.028900 0.029049 0.029195 0.029334 0.029466 0.029586 0.029690 0.029773 0.029826 0.029836 0.029782 0.029621 0.029240 0.028329 0.026188 0.022696 0.018200 0.013021 0.007447 0.002835 0.001038 0.000380 0.000139 0.000051 0.000019 0.000007 0.000002 0.000001 0.000000 0.000000 0.000000 0.000000 0.000000 0.000000 0.000000 0.000000
0.028405 0.028270 0.028156 0.028059 0.027979 0.027913 0.027861 0.027824 0.027803 0.027802 0.027825 0.027879 0.027961 0.028053 0.028147 0.028238 0.028323 0.028398 0.028460 0.028504 0.028522 0.028504 0.028434 0.028283 0.027986 0.027354 0.025830 0.022926 0.018884 0.014059 0.008705 0.003584 0.001312 0.000480 0.000176 0.000064 0.000024 0.000009 0.000003 0.000001 0.000000 0.000000 0.000000 0.000000 0.000000 0.000000 0.000000 0.000000 0.000000 0.000000
0.027834 0.027808 0.027767 0.027716 0.027660 0.027599 0.027539 0.027481 0.027430 0.027388 0.027362 0.027358 0.027384 0.027426 0.027470 0.027509 0.027537 0.027550 0.027541 0.027502 0.027421 0.027279 0.027039 0.026615 0.025697 0.023572 0.020187 0.015890 0.010946 0.005469 0.002002 0.000733 0.000268 0.000098 0.000036 0.000013 0.000005 0.000002 0.000001 0.000000 0.000000 0.000000 0.000000 0.000000 0.000000 0.000000 0.000000 0.000000 0.000000 0.000000
0.027770 0.027687 0.027604 0.027522 0.027440 0.027358 0.027277 0.027199 0.027126 0.027060 0.027006 0.026969 0.026957 0.026969 0.026986 0.026995 0.026990 0.026963 0.026907 0.026809 0.026652 0.026401 0.025983 0.025133 0.023157 0.019962 0.015861 0.011117 0.005792 0.002121 0.000776 0.000284 0.000104 0.000038 0.000014 0.000005 0.000002 0.000001 0.000000 0.000000 0.000000 0.000000 0.000000 0.000000 0.000000 0.000000 0.000000 0.000000 0.000000 0.000000
