0.194563 0.199828 0.204992 0.210236 0.215756 0.221632 0.227651 0.233703 0.239760 0.245823 0.251898 0.257996 0.264123 0.270287 0.276491 0.282741 0.289038 0.295385 0.301782 0.308231 0.314733 0.321287 0.327893 0.334551 0.341262 0.348023 0.354835 0.361697 0.368609 0.375569 0.382578 0.389633 0.396735 0.403882 0.411074 0.418310 0.425589 0.432911 0.440274 0.447679 0.455123 0.462607 0.470129 0.477689 0.485287 0.492921 0.500592 0.508297 0.516037 0.523811
0.219963 0.220227 0.221547 0.223844 0.227112 0.231182 0.235741 0.240629 0.245760 0.251084 0.256569 0.262191 0.267934 0.273784 0.279731 0.285767 0.291885 0.298081 0.304349 0.310688 0.317092 0.323561 0.330091 0.336681 0.343329 0.350034 0.356793 0.363606 0.370471 0.377388 0.384354 0.391369 0.398433 0.405543 0.412699 0.419900 0.427146 0.434434 0.441765 0.449138 0.456552 0.464006 0.471499 0.479031 0.486600 0.494207 0.501851 0.509530 0.517245 0.524994
0.210590 0.214233 0.218139 0.222424 0.227224 0.232411 0.237782 0.243257 0.248809 0.254431 0.260122 0.265881 0.271710 0.277608 0.283575 0.289610 0.295713 0.301881 0.308115 0.314412 0.320771 0.327191 0.333670 0.340208 0.346802 0.353452 0.360157 0.366914 0.373724 0.380586 0.387497 0.394458 0.401466 0.408522 0.415625 0.422773 0.429966 0.437202 0.444482 0.451804 0.459168 0.466573 0.474018 0.481502 0.489025 0.496587 0.504185 0.511821 0.519493 0.527200
0.205105 0.211082 0.216727 0.222339 0.228165 0.234125 0.240088 0.246024 0.251938 0.257847 0.263766 0.269706 0.275677 0.281685 0.287737 0.293836 0.299983 0.306181 0.312430 0.318731 0.325085 0.331491 0.337949 0.344459 0.351021 0.357633 0.364296 0.371009 0.377771 0.384582 0.391441 0.398348 0.405303 0.412303 0.419350 0.426441 0.433578 0.440758 0.447982 0.455248 0.462556 0.469906 0.477297 0.484728 0.492199 0.499709 0.507257 0.514843 0.522466 0.530126
0.230198 0.230173 0.231563 0.234163 0.237849 0.242281 0.247160 0.252333 0.257714 0.263253 0.268917 0.274684 0.280537 0.286466 0.292463 0.298523 0.304640 0.310813 0.317039 0.323316 0.329644 0.336022 0.342449 0.348924 0.355448 0.362020 0.368641 0.375309 0.382025 0.388788 0.395599 0.402456 0.409359 0.416308 0.423303 0.430343 0.437427 0.444555 0.451727 0.458942 0.466199 0.473499 0.480840 0.488222 0.495644 0.503106 0.510607 0.518147 0.525725 0.533340
0.211058 0.217896 0.224131 0.230150 0.236256 0.242423 0.248545 0.254604 0.260618 0.266608 0.272592 0.278584 0.284595 0.290632 0.296700 0.302802 0.308942 0.315121 0.321341 0.327604 0.333911 0.340262 0.346660 0.353103 0.359594 0.366131 0.372716 0.379349 0.386028 0.392754 0.399527 0.406345 0.413209 0.420118 0.427073 0.434072 0.441116 0.448203 0.455335 0.462509 0.469725 0.476984 0.484284 0.491626 0.499007 0.506428 0.513889 0.521388 0.528925 0.536499
0.229200 0.231535 0.234699 0.238624 0.243290 0.248457 0.253890 0.259483 0.265182 0.270961 0.276804 0.282703 0.288648 0.294638 0.300671 0.306746 0.312866 0.319031 0.325242 0.331499 0.337803 0.344154 0.350555 0.357004 0.363501 0.370045 0.376635 0.383270 0.389948 0.396671 0.403437 0.410246 0.417099 0.423996 0.430935 0.437916 0.444940 0.452005 0.459112 0.466259 0.473446 0.480674 0.487940 0.495245 0.502589 0.509970 0.517389 0.524844 0.532335 0.539861
0.227094 0.231193 0.235502 0.240174 0.245334 0.250840 0.256514 0.262283 0.268117 0.274004 0.279936 0.285906 0.291914 0.297963 0.304062 0.310214 0.316418 0.322673 0.328976 0.335327 0.341722 0.348162 0.354645 0.361171 0.367739 0.374349 0.380999 0.387690 0.394420 0.401190 0.407998 0.414844 0.421727 0.428648 0.435605 0.442600 0.449630 0.456696 0.463798 0.470935 0.478107 0.485313 0.492554 0.499828 0.507136 0.514478 0.521852 0.529258 0.536697 0.544167
0.225896 0.230315 0.235076 0.240239 0.245881 0.251841 0.257927 0.264060 0.270213 0.276374 0.282541 0.288714 0.294912 0.301141 0.307408 0.313711 0.320054 0.326435 0.332856 0.339315 0.345813 0.352349 0.358923 0.365535 0.372184 0.378869 0.385591 0.392348 0.399142 0.405970 0.412833 0.419730 0.426662 0.433627 0.440625 0.447656 0.454720 0.461816 0.468944 0.476104 0.483295 0.490517 0.497770 0.505053 0.512367 0.519710 0.527083 0.534485 0.541916 0.549376
0.227180 0.232522 0.237868 0.243413 0.249311 0.255442 0.261650 0.267879 0.274110 0.280340 0.286566 0.292802 0.299063 0.305356 0.311683 0.318047 0.324447 0.330884 0.337357 0.343868 0.350415 0.356998 0.363618 0.370273 0.376964 0.383690 0.390451 0.397247 0.404077 0.410941 0.417839 0.424770 0.431733 0.438729 0.445758 0.452818 0.459909 0.467032 0.474185 0.481369 0.488583 0.495826 0.503099 0.510401 0.517732 0.525091 0.532478 0.539893 0.547336 0.554805
0.241773 0.244288 0.247702 0.251925 0.256911 0.262389 0.268127 0.274015 0.279997 0.286039 0.292122 0.298244 0.304414 0.310633 0.316900 0.323214 0.329572 0.335975 0.342419 0.348906 0.355433 0.362001 0.368608 0.375254 0.381938 0.388660 0.395420 0.402216 0.409049 0.415918 0.422821 0.429760 0.436733 0.443740 0.450781 0.457854 0.464960 0.472098 0.479267 0.486467 0.493698 0.500959 0.508250 0.515570 0.522918 0.530296 0.537701 0.545134 0.552595 0.560082
0.233906 0.240759 0.247127 0.253364 0.259720 0.266110 0.272443 0.278709 0.284921 0.291095 0.297243 0.303379 0.309529 0.315710 0.321929 0.328191 0.334497 0.340849 0.347246 0.353689 0.360177 0.366709 0.373286 0.379906 0.386570 0.393275 0.400022 0.406809 0.413636 0.420502 0.427407 0.434349 0.441328 0.448344 0.455395 0.462481 0.469601 0.476755 0.483941 0.491160 0.498411 0.505693 0.513006 0.520349 0.527721 0.535122 0.542552 0.550010 0.557496 0.565008
0.256436 0.257696 0.260196 0.263762 0.268232 0.273255 0.278608 0.284173 0.289884 0.295701 0.301595 0.307548 0.313556 0.319628 0.325766 0.331967 0.338230 0.344551 0.350929 0.357360 0.363844 0.370379 0.376963 0.383595 0.390273 0.396997 0.403765 0.410576 0.417429 0.424323 0.431257 0.438230 0.445241 0.452290 0.459375 0.466496 0.473651 0.480841 0.488065 0.495321 0.502609 0.509928 0.517279 0.524659 0.532070 0.539509 0.546976 0.554472 0.561995 0.569545
0.239389 0.246120 0.252383 0.258560 0.264871 0.271204 0.277496 0.283745 0.289967 0.296176 0.302383 0.308594 0.314814 0.321059 0.327346 0.333682 0.340069 0.346507 0.352995 0.359533 0.366119 0.372753 0.379432 0.386157 0.392926 0.399737 0.406590 0.413484 0.420418 0.427390 0.434401 0.441448 0.448531 0.455651 0.462804 0.469992 0.477213 0.484466 0.491752 0.499069 0.506416 0.513793 0.521201 0.528637 0.536101 0.543594 0.551113 0.558660 0.566234 0.573833
0.250283 0.252462 0.255786 0.260116 0.265294 0.270968 0.276926 0.283059 0.289309 0.295641 0.302029 0.308460 0.314919 0.321399 0.327907 0.334455 0.341046 0.347679 0.354354 0.361070 0.367826 0.374620 0.381452 0.388322 0.395228 0.402169 0.409146 0.416158 0.423204 0.430283 0.437396 0.444541 0.451718 0.458926 0.466165 0.473435 0.480735 0.488065 0.495424 0.502811 0.510227 0.517671 0.525142 0.532641 0.540166 0.547717 0.555295 0.562898 0.570526 0.578178
0.231911 0.239251 0.246254 0.253251 0.260381 0.267505 0.274565 0.281558 0.288494 0.295388 0.302250 0.309089 0.315909 0.322713 0.329505 0.336289 0.343084 0.349900 0.356742 0.363611 0.370508 0.377434 0.384389 0.391374 0.398388 0.405433 0.412506 0.419609 0.426742 0.433904 0.441095 0.448315 0.455564 0.462841 0.470147 0.477481 0.484844 0.492234 0.499651 0.507096 0.514567 0.522065 0.529589 0.537140 0.544716 0.552317 0.559943 0.567595 0.575270 0.582970
0.246535 0.250554 0.255340 0.260872 0.267017 0.273471 0.280080 0.286771 0.293509 0.300277 0.307064 0.313866 0.320676 0.327494 0.334316 0.341141 0.347969 0.354804 0.361649 0.368517 0.375417 0.382349 0.389314 0.396310 0.403337 0.410394 0.417481 0.424599 0.431748 0.438928 0.446138 0.453378 0.460649 0.467950 0.475280 0.482640 0.490029 0.497446 0.504892 0.512365 0.519867 0.527395 0.534951 0.542533 0.550142 0.557777 0.565438 0.573124 0.580836 0.588572
0.252868 0.258379 0.264006 0.269976 0.276256 0.282657 0.289107 0.295586 0.302091 0.308623 0.315185 0.321778 0.328403 0.335059 0.341744 0.348457 0.355197 0.361961 0.368750 0.375562 0.382400 0.389266 0.396162 0.403088 0.410045 0.417037 0.424071 0.431145 0.438258 0.445410 0.452599 0.459824 0.467084 0.474378 0.481705 0.489066 0.496458 0.503883 0.511338 0.518824 0.526341 0.533887 0.541463 0.549068 0.556702 0.564365 0.572055 0.579773 0.587519 0.595291
0.269392 0.272837 0.276946 0.281792 0.287185 0.292877 0.298759 0.304778 0.310908 0.317134 0.323444 0.329830 0.336285 0.342804 0.349380 0.356010 0.362689 0.369414 0.376181 0.382989 0.389834 0.396715 0.403631 0.410581 0.417564 0.424581 0.431632 0.438717 0.445839 0.452997 0.460192 0.467424 0.474691 0.481995 0.489335 0.496711 0.504122 0.511568 0.519048 0.526562 0.534110 0.541691 0.549305 0.556951 0.564630 0.572339 0.580080 0.587852 0.595654 0.603486
0.270929 0.274960 0.279604 0.284943 0.290756 0.296812 0.303011 0.309310 0.315688 0.322133 0.328639 0.335200 0.341813 0.348476 0.355185 0.361939 0.368736 0.375576 0.382455 0.389373 0.396329 0.403322 0.410350 0.417413 0.424510 0.431641 0.438804 0.446001 0.453230 0.460493 0.467788 0.475116 0.482477 0.489872 0.497299 0.504760 0.512254 0.519781 0.527341 0.534933 0.542558 0.550215 0.557905 0.565626 0.573378 0.581162 0.588977 0.596822 0.604697 0.612602
0.263888 0.270239 0.276738 0.283568 0.290557 0.297552 0.304512 0.311434 0.318327 0.325204 0.332076 0.338951 0.345838 0.352741 0.359666 0.366615 0.373591 0.380596 0.387631 0.394697 0.401796 0.408927 0.416090 0.423286 0.430514 0.437775 0.445068 0.452392 0.459749 0.467137 0.474556 0.482007 0.489489 0.497001 0.504545 0.512119 0.519723 0.527358 0.535023 0.542719 0.550444 0.558199 0.565983 0.573797 0.581640 0.589512 0.597412 0.605341 0.613298 0.621283
0.275443 0.279999 0.285199 0.291057 0.297280 0.303689 0.310206 0.316800 0.323455 0.330164 0.336922 0.343727 0.350576 0.357469 0.364402 0.371377 0.378392 0.385445 0.392537 0.399667 0.406834 0.414038 0.421277 0.428552 0.435862 0.443207 0.450585 0.457997 0.465442 0.472920 0.480429 0.487971 0.495543 0.503146 0.510780 0.518444 0.526137 0.533861 0.541613 0.549394 0.557204 0.565043 0.572909 0.580803 0.588725 0.596674 0.604650 0.612652 0.620682 0.628737
0.283916 0.287958 0.292682 0.298101 0.303920 0.309972 0.316186 0.322527 0.328975 0.335516 0.342140 0.348839 0.355607 0.362437 0.369326 0.376270 0.383265 0.390309 0.397400 0.404535 0.411712 0.418932 0.426192 0.433491 0.440828 0.448202 0.455613 0.463060 0.470542 0.478058 0.485608 0.493191 0.500807 0.508456 0.516136 0.523847 0.531588 0.539361 0.547162 0.554994 0.562854 0.570743 0.578660 0.586605 0.594578 0.602577 0.610604 0.618657 0.626736 0.634840
0.284345 0.288891 0.294222 0.300231 0.306575 0.313079 0.319669 0.326316 0.333007 0.339739 0.346509 0.353318 0.360165 0.367053 0.373980 0.380948 0.387956 0.395005 0.402095 0.409225 0.416396 0.423607 0.430857 0.438147 0.445476 0.452843 0.460248 0.467691 0.475170 0.482685 0.490237 0.497824 0.505445 0.513100 0.520790 0.528512 0.536267 0.544054 0.551872 0.559721 0.567601 0.575511 0.583451 0.591419 0.599417 0.607442 0.615495 0.623575 0.631682 0.639816
0.281525 0.288897 0.296089 0.303292 0.310390 0.317364 0.324239 0.331049 0.337825 0.344588 0.351356 0.358140 0.364949 0.371789 0.378663 0.385576 0.392528 0.399522 0.406558 0.413637 0.420758 0.427922 0.435129 0.442379 0.449671 0.457004 0.464378 0.471794 0.479249 0.486744 0.494277 0.501849 0.509458 0.517104 0.524787 0.532505 0.540258 0.548045 0.555866 0.563719 0.571606 0.579524 0.587473 0.595453 0.603463 0.611502 0.619570 0.627667 0.635791 0.643943
0.310375 0.310684 0.312942 0.316664 0.321277 0.326458 0.332025 0.337867 0.343915 0.350123 0.356461 0.362906 0.369444 0.376064 0.382758 0.389521 0.396349 0.403238 0.410185 0.417189 0.424248 0.431359 0.438521 0.445733 0.452994 0.460303 0.467658 0.475057 0.482501 0.489988 0.497517 0.505087 0.512697 0.520346 0.528034 0.535759 0.543521 0.551318 0.559151 0.567018 0.574918 0.582851 0.590817 0.598814 0.606841 0.614899 0.622986 0.631102 0.639247 0.647419
0.285144 0.294250 0.302483 0.310257 0.317608 0.324627 0.331421 0.338078 0.344663 0.351224 0.357791 0.364387 0.371025 0.377714 0.384458 0.391260 0.398122 0.405042 0.412021 0.419057 0.426149 0.433295 0.440494 0.447744 0.455044 0.462392 0.469787 0.477228 0.484712 0.492240 0.499809 0.507419 0.515069 0.522758 0.530484 0.538247 0.546047 0.553881 0.561749 0.569652 0.577587 0.585554 0.593553 0.601582 0.609642 0.617731 0.625849 0.633995 0.642169 0.650370
0.313534 0.312863 0.314423 0.317658 0.321951 0.326940 0.332417 0.338248 0.344344 0.350645 0.357109 0.363704 0.370408 0.377205 0.384083 0.391034 0.398049 0.405125 0.412256 0.419441 0.426675 0.433957 0.441285 0.448657 0.456073 0.463530 0.471028 0.478566 0.486142 0.493757 0.501408 0.509096 0.516819 0.524577 0.532369 0.540195 0.548053 0.555944 0.563866 0.571819 0.579802 0.587816 0.595858 0.603930 0.612029 0.620157 0.628312 0.636493 0.644701 0.652935
0.276164 0.284736 0.293023 0.301210 0.309187 0.316951 0.324543 0.332008 0.339385 0.346703 0.353987 0.361252 0.368511 0.375774 0.383047 0.390337 0.397646 0.404979 0.412337 0.419723 0.427137 0.434580 0.442054 0.449559 0.457096 0.464663 0.472263 0.479894 0.487556 0.495250 0.502976 0.510732 0.518519 0.526337 0.534185 0.542062 0.549970 0.557906 0.565871 0.573865 0.581886 0.589935 0.598012 0.606115 0.614245 0.622401 0.630583 0.638790 0.647022 0.655279
0.283701 0.290244 0.297241 0.304593 0.312033 0.319454 0.326829 0.334159 0.341453 0.348723 0.355978 0.363229 0.370482 0.377745 0.385022 0.392318 0.399635 0.406977 0.414344 0.421740 0.429164 0.436618 0.444103 0.451618 0.459165 0.466743 0.474352 0.481993 0.489664 0.497367 0.505101 0.512866 0.520661 0.528485 0.536340 0.544224 0.552138 0.560080 0.568050 0.576049 0.584075 0.592128 0.600208 0.608315 0.616448 0.624607 0.632791 0.641000 0.649234 0.657492
0.310141 0.312530 0.316150 0.320741 0.325922 0.331496 0.337361 0.343451 0.349724 0.356149 0.362703 0.369368 0.376128 0.382974 0.389896 0.396887 0.403941 0.411054 0.418222 0.425442 0.432711 0.440027 0.447388 0.454792 0.462239 0.469726 0.477252 0.484817 0.492419 0.500057 0.507732 0.515441 0.523185 0.530962 0.538772 0.546614 0.554488 0.562393 0.570328 0.578293 0.586287 0.594310 0.602362 0.610441 0.618548 0.626682 0.634842 0.643028 0.651240 0.659476
0.307631 0.312317 0.317603 0.323367 0.329355 0.335468 0.341674 0.347961 0.354325 0.360766 0.367281 0.373870 0.380529 0.387258 0.394053 0.400912 0.407832 0.414813 0.421850 0.428943 0.436090 0.443288 0.450536 0.457832 0.465176 0.472564 0.479997 0.487473 0.494990 0.502548 0.510145 0.517781 0.525455 0.533165 0.540911 0.548692 0.556508 0.564357 0.572238 0.580152 0.588097 0.596073 0.604080 0.612115 0.620180 0.628273 0.636394 0.644543 0.652718 0.660920
0.302643 0.308697 0.315121 0.321826 0.328585 0.335324 0.342031 0.348718 0.355397 0.362083 0.368785 0.375514 0.382274 0.389072 0.395911 0.402792 0.409719 0.416692 0.423711 0.430776 0.437889 0.445047 0.452252 0.459501 0.466795 0.474133 0.481514 0.488938 0.496402 0.503908 0.511453 0.519037 0.526659 0.534319 0.542015 0.549748 0.557515 0.565317 0.573153 0.581022 0.588924 0.596857 0.604821 0.612816 0.620841 0.628895 0.636979 0.645090 0.653229 0.661396
0.310653 0.314543 0.319324 0.324789 0.330622 0.336677 0.342886 0.349214 0.355638 0.362146 0.368727 0.375375 0.382083 0.388849 0.395669 0.402540 0.409461 0.416431 0.423448 0.430512 0.437621 0.444774 0.451972 0.459212 0.466495 0.473820 0.481186 0.488593 0.496039 0.503524 0.511049 0.518611 0.526210 0.533846 0.541518 0.549225 0.556967 0.564743 0.572553 0.580395 0.588270 0.596177 0.604115 0.612083 0.620082 0.628110 0.636167 0.644252 0.652366 0.660507
0.306293 0.310549 0.315626 0.321354 0.327408 0.333641 0.339989 0.346424 0.352932 0.359505 0.366137 0.372826 0.379568 0.386361 0.393204 0.400096 0.407036 0.414021 0.421052 0.428128 0.435248 0.442411 0.449616 0.456864 0.464152 0.471481 0.478850 0.486258 0.493705 0.501189 0.508711 0.516270 0.523866 0.531497 0.539163 0.546863 0.554597 0.562365 0.570166 0.577999 0.585864 0.593760 0.601686 0.609643 0.617630 0.625646 0.633690 0.641763 0.649863 0.657991
0.294436 0.300945 0.307587 0.314431 0.321282 0.328078 0.334822 0.341536 0.348238 0.354946 0.361673 0.368426 0.375213 0.382038 0.388903 0.395811 0.402761 0.409755 0.416793 0.423875 0.431000 0.438167 0.445377 0.452628 0.459921 0.467253 0.474626 0.482038 0.489487 0.496975 0.504500 0.512061 0.519659 0.527291 0.534958 0.542659 0.550394 0.558162 0.565962 0.573794 0.581658 0.589552 0.597476 0.605431 0.613414 0.621427 0.629468 0.637537 0.645633 0.653756
0.303325 0.305736 0.309450 0.314178 0.319499 0.325190 0.331137 0.337272 0.343555 0.349957 0.356459 0.363048 0.369713 0.376447 0.383244 0.390100 0.397011 0.403975 0.410990 0.418053 0.425163 0.432319 0.439520 0.446764 0.454051 0.461379 0.468747 0.476156 0.483603 0.491089 0.498612 0.506172 0.513768 0.521399 0.529066 0.536766 0.544501 0.552268 0.560067 0.567899 0.575762 0.583655 0.591579 0.599533 0.607515 0.615527 0.623566 0.631634 0.639729 0.647850
0.283660 0.289826 0.296156 0.302731 0.309358 0.315968 0.322560 0.329147 0.335744 0.342365 0.349018 0.355709 0.362441 0.369218 0.376041 0.382911 0.389827 0.396790 0.403799 0.410854 0.417954 0.425099 0.432287 0.439519 0.446793 0.454109 0.461465 0.468862 0.476299 0.483774 0.491287 0.498837 0.506424 0.514047 0.521705 0.529398 0.537125 0.544885 0.552678 0.560504 0.568361 0.576248 0.584167 0.592115 0.600093 0.608100 0.616135 0.624198 0.632288 0.640406
0.282161 0.286210 0.291116 0.296741 0.302737 0.308927 0.315235 0.321628 0.328089 0.334610 0.341186 0.347815 0.354495 0.361225 0.368005 0.374834 0.381711 0.388637 0.395610 0.402631 0.409697 0.416810 0.423967 0.431169 0.438414 0.445702 0.453032 0.460403 0.467815 0.475266 0.482757 0.490285 0.497851 0.505455 0.513094 0.520768 0.528477 0.536221 0.543998 0.551807 0.559649 0.567522 0.575427 0.583362 0.591326 0.599321 0.607344 0.615395 0.623474 0.631580
0.273187 0.278052 0.283357 0.289155 0.295185 0.301323 0.307527 0.313790 0.320113 0.326495 0.332939 0.339444 0.346009 0.352634 0.359318 0.366059 0.372857 0.379708 0.386614 0.393571 0.400579 0.407636 0.414742 0.421894 0.429093 0.436337 0.443625 0.450956 0.458329 0.465743 0.473198 0.480692 0.488225 0.495795 0.503403 0.511047 0.518727 0.526442 0.534191 0.541973 0.549789 0.557636 0.565516 0.573427 0.581368 0.589339 0.597340 0.605369 0.613427 0.621513
0.269216 0.272643 0.276920 0.281958 0.287423 0.293139 0.299025 0.305045 0.311175 0.317404 0.323721 0.330117 0.336589 0.343130 0.349737 0.356407 0.363137 0.369925 0.376769 0.383667 0.390617 0.397618 0.404668 0.411767 0.418913 0.426105 0.433342 0.440622 0.447946 0.455312 0.462719 0.470166 0.477653 0.485179 0.492743 0.500344 0.507981 0.515655 0.523363 0.531106 0.538883 0.546693 0.554535 0.562410 0.570315 0.578252 0.586219 0.594216 0.602242 0.610296
0.253160 0.258076 0.263459 0.269330 0.275427 0.281617 0.287855 0.294132 0.300449 0.306806 0.313208 0.319656 0.326152 0.332697 0.339291 0.345935 0.352629 0.359373 0.366167 0.373011 0.379903 0.386843 0.393831 0.400866 0.407948 0.415075 0.422247 0.429463 0.436723 0.444025 0.451369 0.458755 0.466181 0.473646 0.481151 0.488694 0.496275 0.503893 0.511547 0.519237 0.526961 0.534720 0.542513 0.550339 0.558198 0.566088 0.574010 0.581963 0.589946 0.597959
0.243914 0.248818 0.254135 0.259923 0.265931 0.272023 0.278155 0.284319 0.290517 0.296754 0.303033 0.309359 0.315733 0.322157 0.328632 0.335158 0.341737 0.348368 0.355051 0.361785 0.368571 0.375408 0.382294 0.389230 0.396215 0.403248 0.410327 0.417454 0.424626 0.431843 0.439104 0.446408 0.453755 0.461144 0.468574 0.476044 0.483554 0.491102 0.498689 0.506314 0.513975 0.521672 0.529405 0.537172 0.544974 0.552810 0.560678 0.568579 0.576511 0.584475
0.242620 0.245673 0.249485 0.254059 0.259090 0.264384 0.269854 0.275460 0.281183 0.287011 0.292935 0.298948 0.305044 0.311218 0.317466 0.323785 0.330173 0.336627 0.343144 0.349723 0.356361 0.363059 0.369813 0.376622 0.383486 0.390403 0.397372 0.404391 0.411461 0.418578 0.425744 0.432956 0.440213 0.447516 0.454863 0.462252 0.469684 0.477157 0.484671 0.492225 0.499817 0.507448 0.515117 0.522823 0.530565 0.538342 0.546155 0.554001 0.561881 0.569795
0.229325 0.232914 0.237061 0.241838 0.246993 0.252341 0.257811 0.263376 0.269025 0.274757 0.280570 0.286462 0.292430 0.298473 0.304589 0.310776 0.317032 0.323356 0.329746 0.336201 0.342719 0.349298 0.355938 0.362636 0.369392 0.376204 0.383072 0.389993 0.396967 0.403993 0.411070 0.418196 0.425370 0.432593 0.439862 0.447176 0.454535 0.461939 0.469385 0.476873 0.484403 0.491973 0.499583 0.507232 0.514919 0.522644 0.530406 0.538203 0.546036 0.553904
0.212120 0.216555 0.221290 0.226475 0.231927 0.237485 0.243096 0.248749 0.254444 0.260189 0.265989 0.271848 0.277770 0.283755 0.289805 0.295919 0.302099 0.308342 0.314650 0.321021 0.327455 0.333951 0.340507 0.347123 0.353798 0.360531 0.367321 0.374167 0.381067 0.388021 0.395028 0.402086 0.409195 0.416353 0.423561 0.430816 0.438117 0.445465 0.452857 0.460294 0.467774 0.475296 0.482860 0.490464 0.498109 0.505792 0.513514 0.521274 0.529071 0.536903
0.202570 0.205439 0.209020 0.213337 0.218146 0.223220 0.228457 0.233813 0.239270 0.244815 0.250445 0.256158 0.261950 0.267818 0.273761 0.279778 0.285865 0.292022 0.298248 0.304541 0.310901 0.317324 0.323812 0.330362 0.336973 0.343644 0.350374 0.357162 0.364007 0.370908 0.377863 0.384871 0.391932 0.399044 0.406207 0.413419 0.420679 0.427987 0.435341 0.442741 0.450186 0.457674 0.465205 0.472779 0.480394 0.488049 0.495744 0.503478 0.511250 0.519059
0.183497 0.187634 0.191976 0.196716 0.201769 0.206963 0.212237 0.217576 0.222979 0.228451 0.233996 0.239618 0.245318 0.251096 0.256952 0.262885 0.268893 0.274975 0.281129 0.287354 0.293649 0.300012 0.306441 0.312936 0.319494 0.326115 0.332797 0.339539 0.346340 0.353199 0.360113 0.367083 0.374107 0.381184 0.388313 0.395492 0.402722 0.410000 0.417326 0.424699 0.432118 0.439582 0.447090 0.454641 0.462234 0.469870 0.477546 0.485262 0.493017 0.500811
0.172950 0.175317 0.178402 0.182227 0.186660 0.191431 0.196406 0.201527 0.206766 0.212108 0.217546 0.223076 0.228695 0.234399 0.240186 0.246053 0.251999 0.258021 0.264117 0.270286 0.276526 0.282836 0.289213 0.295658 0.302167 0.308741 0.315378 0.322075 0.328834 0.335651 0.342525 0.349457 0.356444 0.363485 0.370580 0.377727 0.384925 0.392173 0.399470 0.406815 0.414208 0.421647 0.429131 0.436660 0.444233 0.451848 0.459505 0.467203 0.474941 0.482719
0.151639 0.155943 0.160325 0.164985 0.170006 0.175199 0.180466 0.185780 0.191138 0.196547 0.202013 0.207542 0.213140 0.218809 0.224551 0.230365 0.236252 0.242212 0.248244 0.254347 0.260520 0.266763 0.273075 0.279454 0.285899 0.292409 0.298984 0.305621 0.312321 0.319080 0.325900 0.332778 0.339713 0.346704 0.353751 0.360851 0.368005 0.375210 0.382467 0.389773 0.397128 0.404531 0.411982 0.419478 0.427019 0.434605 0.442234 0.449906 0.457620 0.465374
0.146299 0.148710 0.151715 0.155336 0.159573 0.164181 0.169000 0.173959 0.179027 0.184191 0.189443 0.194781 0.200204 0.205711 0.211300 0.216969 0.222718 0.228546 0.234450 0.240430 0.246485 0.252614 0.258814 0.265086 0.271428 0.277839 0.284317 0.290862 0.297471 0.304145 0.310882 0.317680 0.324538 0.331455 0.338431 0.345464 0.352552 0.359695 0.366891 0.374140 0.381440 0.388791 0.396190 0.403639 0.411134 0.418676 0.426264 0.433895 0.441571 0.449289
0.135147 0.138593 0.142190 0.146087 0.150408 0.155007 0.159743 0.164567 0.169467 0.174441 0.179492 0.184624 0.189840 0.195143 0.200533 0.206010 0.211572 0.217220 0.222952 0.228767 0.234663 0.240639 0.246694 0.252825 0.259033 0.265314 0.271669 0.278094 0.284590 0.291154 0.297785 0.304482 0.311243 0.318068 0.324954 0.331900 0.338906 0.345969 0.353090 0.360265 0.367495 0.374778 0.382113 0.389499 0.396935 0.404420 0.411953 0.419532 0.427157 0.434827
0.133131 0.135311 0.137914 0.140998 0.144643 0.148706 0.153000 0.157448 0.162018 0.166698 0.171482 0.176368 0.181355 0.186443 0.191631 0.196917 0.202298 0.207772 0.213338 0.218993 0.224737 0.230566 0.236479 0.242474 0.248550 0.254705 0.260937 0.267244 0.273626 0.280079 0.286604 0.293198 0.299860 0.306588 0.313381 0.320237 0.327156 0.334135 0.341174 0.348271 0.355425 0.362634 0.369898 0.377216 0.384585 0.392006 0.399476 0.406996 0.414563 0.422177
0.126366 0.128524 0.131073 0.134066 0.137590 0.141567 0.145792 0.150171 0.154670 0.159273 0.163976 0.168777 0.173675 0.178671 0.183764 0.188953 0.194235 0.199610 0.205077 0.210632 0.216275 0.222005 0.227818 0.233715 0.239694 0.245752 0.251889 0.258103 0.264392 0.270755 0.277190 0.283696 0.290272 0.296915 0.303626 0.310401 0.317240 0.324142 0.331105 0.338128 0.345209 0.352348 0.359543 0.366794 0.374097 0.381454 0.388862 0.396321 0.403829 0.411385
0.116296 0.119465 0.122726 0.126205 0.130044 0.134265 0.138684 0.143208 0.147808 0.152479 0.157222 0.162041 0.166939 0.171922 0.176990 0.182145 0.187386 0.192713 0.198126 0.203624 0.209207 0.214873 0.220621 0.226450 0.232360 0.238348 0.244414 0.250556 0.256774 0.263065 0.269429 0.275863 0.282368 0.288941 0.295581 0.302287 0.309057 0.315891 0.322787 0.329743 0.336760 0.343834 0.350966 0.358154 0.365397 0.372693 0.380042 0.387443 0.394894 0.402394
0.116552 0.118367 0.120645 0.123398 0.126684 0.130499 0.134620 0.138918 0.143341 0.147868 0.152490 0.157204 0.162010 0.166908 0.171898 0.176977 0.182145 0.187402 0.192745 0.198174 0.203688 0.209286 0.214967 0.220729 0.226571 0.232492 0.238491 0.244567 0.250718 0.256943 0.263241 0.269610 0.276050 0.282559 0.289135 0.295778 0.302486 0.309258 0.316093 0.322989 0.329946 0.336961 0.344035 0.351165 0.358351 0.365592 0.372886 0.380232 0.387630 0.395078
0.111635 0.114341 0.117187 0.120284 0.123760 0.127652 0.131776 0.136032 0.140386 0.144829 0.149358 0.153975 0.158683 0.163483 0.168376 0.173361 0.178437 0.183604 0.188861 0.194206 0.199638 0.205156 0.210759 0.216445 0.222213 0.228062 0.233991 0.239998 0.246081 0.252240 0.258473 0.264778 0.271155 0.277602 0.284118 0.290701 0.297350 0.304064 0.310842 0.317682 0.324583 0.331544 0.338564 0.345642 0.352776 0.359965 0.367208 0.374505 0.381853 0.389253
0.112902 0.114787 0.117036 0.119691 0.122831 0.126452 0.130350 0.134416 0.138606 0.142904 0.147304 0.151803 0.156403 0.161101 0.165897 0.170791 0.175780 0.180862 0.186038 0.191305 0.196661 0.202106 0.207638 0.213255 0.218956 0.224739 0.230604 0.236549 0.242571 0.248670 0.254845 0.261094 0.267415 0.273807 0.280269 0.286799 0.293396 0.300059 0.306787 0.313578 0.320430 0.327344 0.334317 0.341348 0.348436 0.355580 0.362779 0.370031 0.377337 0.384694
0.110529 0.112619 0.114996 0.117725 0.120898 0.124538 0.128448 0.132512 0.136691 0.140969 0.145341 0.149809 0.154372 0.159031 0.163787 0.168638 0.173584 0.178622 0.183753 0.188976 0.194287 0.199687 0.205174 0.210747 0.216404 0.222143 0.227964 0.233866 0.239845 0.245902 0.252034 0.258241 0.264521 0.270872 0.277293 0.283784 0.290341 0.296965 0.303654 0.310406 0.317221 0.324096 0.331032 0.338026 0.345078 0.352186 0.359349 0.366566 0.373836 0.381159
0.107662 0.110071 0.112656 0.115518 0.118770 0.122465 0.126416 0.130512 0.134712 0.139005 0.143387 0.147859 0.152423 0.157081 0.161832 0.166676 0.171612 0.176640 0.181758 0.186965 0.192261 0.197643 0.203112 0.208664 0.214301 0.220019 0.225817 0.231695 0.237651 0.243684 0.249792 0.255973 0.262228 0.268554 0.274949 0.281414 0.287945 0.294543 0.301205 0.307931 0.314719 0.321569 0.328478 0.335446 0.342471 0.349553 0.356690 0.363881 0.371125 0.378422
0.108634 0.110147 0.112134 0.114594 0.117573 0.121085 0.124919 0.128942 0.133097 0.137364 0.141731 0.146194 0.150754 0.155409 0.160159 0.165001 0.169934 0.174959 0.180072 0.185274 0.190563 0.195938 0.201398 0.206942 0.212568 0.218275 0.224062 0.229927 0.235870 0.241890 0.247984 0.254151 0.260391 0.266701 0.273081 0.279530 0.286045 0.292626 0.299272 0.305981 0.312752 0.319584 0.326476 0.333426 0.340434 0.347498 0.354617 0.361791 0.369017 0.376295
0.102274 0.105448 0.108570 0.111798 0.115290 0.119155 0.123240 0.127433 0.131700 0.136037 0.140445 0.144931 0.149499 0.154155 0.158899 0.163732 0.168655 0.173668 0.178769 0.183958 0.189235 0.194598 0.200046 0.205577 0.211192 0.216888 0.222663 0.228518 0.234450 0.240458 0.246541 0.252698 0.258927 0.265226 0.271595 0.278032 0.284537 0.291107 0.297741 0.304439 0.311198 0.318019 0.324899 0.331837 0.338833 0.345885 0.352993 0.360154 0.367368 0.374635
0.110040 0.110896 0.112343 0.114356 0.116964 0.120174 0.123767 0.127591 0.131582 0.135710 0.139960 0.144324 0.148799 0.153381 0.158067 0.162854 0.167739 0.172719 0.177794 0.182960 0.188217 0.193562 0.198993 0.204511 0.210111 0.215795 0.221559 0.227402 0.233323 0.239321 0.245394 0.251541 0.257760 0.264050 0.270410 0.276838 0.283334 0.289895 0.296521 0.303210 0.309962 0.316774 0.323646 0.330577 0.337565 0.344609 0.351709 0.358863 0.366069 0.373328
0.103286 0.105744 0.108348 0.111204 0.114432 0.118101 0.122029 0.126098 0.130268 0.134527 0.138873 0.143307 0.147833 0.152451 0.157162 0.161966 0.166861 0.171847 0.176924 0.182090 0.187343 0.192684 0.198110 0.203621 0.209215 0.214891 0.220647 0.226483 0.232397 0.238387 0.244453 0.250592 0.256804 0.263087 0.269441 0.275863 0.282352 0.288908 0.295528 0.302212 0.308959 0.315766 0.322634 0.329560 0.336545 0.343585 0.350681 0.357832 0.365035 0.372291
0.102097 0.104527 0.107164 0.110089 0.113408 0.117152 0.121129 0.125237 0.129439 0.133724 0.138091 0.142542 0.147080 0.151706 0.156422 0.161227 0.166121 0.171105 0.176177 0.181338 0.186586 0.191920 0.197340 0.202844 0.208431 0.214100 0.219851 0.225681 0.231589 0.237574 0.243635 0.249771 0.255979 0.262260 0.268611 0.275031 0.281519 0.288073 0.294693 0.301377 0.308123 0.314931 0.321799 0.328727 0.335712 0.342754 0.349852 0.357005 0.364210 0.371469
0.105434 0.107003 0.108985 0.111412 0.114357 0.117796 0.121520 0.125419 0.129451 0.133597 0.137850 0.142207 0.146667 0.151229 0.155891 0.160652 0.165509 0.170462 0.175509 0.180648 0.185879 0.191199 0.196608 0.202103 0.207684 0.213349 0.219097 0.224926 0.230834 0.236821 0.242884 0.249023 0.255235 0.261520 0.267876 0.274302 0.280796 0.287357 0.293984 0.300675 0.307429 0.314244 0.321121 0.328056 0.335049 0.342100 0.349206 0.356367 0.363581 0.370847
0.102876 0.105124 0.107547 0.110255 0.113373 0.116920 0.120708 0.124639 0.128682 0.132827 0.137072 0.141418 0.145867 0.150419 0.155073 0.159828 0.164682 0.169635 0.174684 0.179829 0.185066 0.190395 0.195814 0.201322 0.206916 0.212595 0.218357 0.224201 0.230125 0.236128 0.242207 0.248363 0.254592 0.260894 0.267266 0.273709 0.280219 0.286797 0.293440 0.300147 0.306916 0.313748 0.320639 0.327590 0.334598 0.341663 0.348783 0.355958 0.363186 0.370466
0.103264 0.104791 0.106742 0.109149 0.112080 0.115522 0.119263 0.123187 0.127250 0.131431 0.135723 0.140122 0.144628 0.149237 0.153947 0.158758 0.163667 0.168672 0.173771 0.178964 0.184247 0.189620 0.195081 0.200628 0.206261 0.211976 0.217773 0.223651 0.229607 0.235640 0.241750 0.247933 0.254190 0.260518 0.266916 0.273382 0.279916 0.286516 0.293181 0.299908 0.306698 0.313549 0.320460 0.327428 0.334454 0.341536 0.348673 0.355864 0.363108 0.370403
0.097678 0.100191 0.102900 0.105896 0.109293 0.113118 0.117177 0.121369 0.125655 0.130027 0.134482 0.139024 0.143653 0.148372 0.153180 0.158078 0.163065 0.168141 0.173305 0.178556 0.183893 0.189315 0.194822 0.200412 0.206083 0.211835 0.217667 0.223576 0.229562 0.235624 0.241760 0.247969 0.254249 0.260599 0.267019 0.273506 0.280059 0.286678 0.293360 0.300105 0.306911 0.313777 0.320703 0.327686 0.334726 0.341822 0.348971 0.356175 0.363430 0.370737
0.098421 0.100863 0.103525 0.106492 0.109875 0.113685 0.117729 0.121908 0.126186 0.130552 0.135005 0.139548 0.144181 0.148904 0.153718 0.158622 0.163616 0.168699 0.173870 0.179128 0.184473 0.189903 0.195417 0.201014 0.206693 0.212452 0.218290 0.224207 0.230200 0.236268 0.242411 0.248626 0.254913 0.261270 0.267695 0.274188 0.280748 0.287372 0.294061 0.300811 0.307623 0.314496 0.321427 0.328416 0.335461 0.342562 0.349717 0.356926 0.364187 0.371499
0.104392 0.105950 0.107924 0.110355 0.113324 0.116793 0.120550 0.124488 0.128565 0.132763 0.137077 0.141502 0.146034 0.150671 0.155409 0.160248 0.165185 0.170217 0.175344 0.180563 0.185872 0.191271 0.196758 0.202330 0.207987 0.213726 0.219547 0.225448 0.231427 0.237483 0.243615 0.249820 0.256098 0.262447 0.268866 0.275353 0.281907 0.288527 0.295211 0.301958 0.308768 0.315637 0.322566 0.329554 0.336598 0.343698 0.350853 0.358062 0.365323 0.372635
0.104396 0.106557 0.108949 0.111673 0.114851 0.118455 0.122291 0.126272 0.130368 0.134570 0.138877 0.143286 0.147798 0.152412 0.157126 0.161939 0.166851 0.171859 0.176962 0.182159 0.187448 0.192828 0.198296 0.203852 0.209493 0.215219 0.221027 0.226917 0.232885 0.238931 0.245054 0.251252 0.257523 0.263865 0.270279 0.276761 0.283310 0.289926 0.296607 0.303352 0.310158 0.317026 0.323953 0.330939 0.337982 0.345081 0.352236 0.359444 0.366705 0.374017
0.105676 0.107556 0.109787 0.112434 0.115593 0.119191 0.123035 0.127039 0.131169 0.135411 0.139760 0.144211 0.148764 0.153416 0.158167 0.163014 0.167957 0.172994 0.178124 0.183346 0.188658 0.194058 0.199546 0.205119 0.210777 0.216518 0.222340 0.228242 0.234223 0.240280 0.246413 0.252621 0.258901 0.265252 0.271673 0.278163 0.284720 0.291343 0.298030 0.304781 0.311593 0.318467 0.325399 0.332390 0.339438 0.346542 0.353701 0.360914 0.368179 0.375496
0.103785 0.106023 0.108532 0.111400 0.114745 0.118516 0.122520 0.126670 0.130933 0.135297 0.139758 0.144314 0.148964 0.153706 0.158541 0.163466 0.168482 0.173587 0.178780 0.184061 0.189427 0.194879 0.200414 0.206032 0.211731 0.217511 0.223369 0.229304 0.235316 0.241402 0.247563 0.253795 0.260099 0.266472 0.272914 0.279423 0.285998 0.292638 0.299341 0.306107 0.312933 0.319820 0.326765 0.333768 0.340827 0.347942 0.355111 0.362333 0.369607 0.376933
0.102916 0.105230 0.107803 0.110728 0.114122 0.117974 0.122078 0.126331 0.130695 0.135156 0.139709 0.144351 0.149081 0.153900 0.158806 0.163800 0.168879 0.174044 0.179293 0.184626 0.190042 0.195540 0.201119 0.206777 0.212514 0.218329 0.224220 0.230187 0.236228 0.242342 0.248527 0.254784 0.261110 0.267504 0.273966 0.280493 0.287086 0.293742 0.300460 0.307240 0.314080 0.320980 0.327937 0.334952 0.342022 0.349147 0.356326 0.363558 0.370842 0.378176
0.103923 0.106052 0.108504 0.111343 0.114660 0.118467 0.122556 0.126811 0.131187 0.135664 0.140236 0.144898 0.149650 0.154489 0.159415 0.164426 0.169523 0.174704 0.179968 0.185315 0.190743 0.196253 0.201842 0.207510 0.213256 0.219079 0.224978 0.230951 0.236998 0.243117 0.249308 0.255569 0.261900 0.268298 0.274763 0.281294 0.287890 0.294549 0.301270 0.308053 0.314895 0.321797 0.328757 0.335774 0.342847 0.349975 0.357157 0.364391 0.371678 0.379015
0.103488 0.106126 0.108929 0.111997 0.115439 0.119318 0.123460 0.127748 0.132140 0.136620 0.141185 0.145834 0.150567 0.155384 0.160286 0.165272 0.170342 0.175496 0.180734 0.186054 0.191456 0.196939 0.202502 0.208145 0.213866 0.219664 0.225539 0.231489 0.237513 0.243611 0.249780 0.256020 0.262330 0.268709 0.275155 0.281668 0.288246 0.294888 0.301594 0.308361 0.315189 0.322078 0.329025 0.336029 0.343091 0.350208 0.357380 0.364605 0.371883 0.379213
0.106741 0.108892 0.111301 0.114036 0.117178 0.120803 0.124771 0.128929 0.133216 0.137610 0.142101 0.146685 0.151360 0.156123 0.160974 0.165913 0.170937 0.176046 0.181240 0.186516 0.191875 0.197314 0.202834 0.208434 0.214112 0.219867 0.225699 0.231606 0.237588 0.243644 0.249772 0.255972 0.262242 0.268582 0.274990 0.281466 0.288008 0.294616 0.301288 0.308023 0.314820 0.321678 0.328596 0.335573 0.342608 0.349700 0.356848 0.364050 0.371306 0.378615
0.107260 0.109260 0.111558 0.114195 0.117231 0.120747 0.124677 0.128837 0.133140 0.137553 0.142062 0.146661 0.151347 0.156117 0.160970 0.165904 0.170919 0.176014 0.181188 0.186441 0.191771 0.197179 0.202663 0.208224 0.213861 0.219572 0.225359 0.231220 0.237154 0.243161 0.249240 0.255390 0.261611 0.267901 0.274260 0.280687 0.287181 0.293740 0.300365 0.307054 0.313806 0.320620 0.327495 0.334430 0.341424 0.348476 0.355585 0.362750 0.369970 0.377245
0.102978 0.105866 0.108825 0.111949 0.115330 0.119068 0.123205 0.127566 0.132049 0.136615 0.141252 0.145956 0.150726 0.155561 0.160463 0.165432 0.170470 0.175575 0.180751 0.185996 0.191312 0.196699 0.202157 0.207686 0.213287 0.218960 0.224704 0.230520 0.236406 0.242363 0.248390 0.254487 0.260653 0.266887 0.273189 0.279558 0.285994 0.292494 0.299060 0.305689 0.312382 0.319137 0.325954 0.332831 0.339769 0.346765 0.353819 0.360931 0.368098 0.375321
0.104333 0.106638 0.109223 0.112107 0.115322 0.118927 0.122976 0.127311 0.131796 0.136374 0.141024 0.145737 0.150510 0.155344 0.160238 0.165195 0.170217 0.175305 0.180460 0.185682 0.190972 0.196330 0.201757 0.207253 0.212817 0.218451 0.224152 0.229922 0.235760 0.241666 0.247638 0.253677 0.259782 0.265953 0.272189 0.278489 0.284854 0.291283 0.297776 0.304332 0.310950 0.317631 0.324373 0.331175 0.338038 0.344959 0.351939 0.358977 0.366072 0.373223
0.103495 0.106505 0.109548 0.112713 0.116082 0.119742 0.123777 0.128083 0.132520 0.137037 0.141616 0.146251 0.150946 0.155708 0.160541 0.165445 0.170420 0.175467 0.180584 0.185770 0.191026 0.196351 0.201743 0.207203 0.212730 0.218324 0.223983 0.229708 0.235497 0.241350 0.247267 0.253247 0.259289 0.265393 0.271560 0.277790 0.284083 0.290438 0.296855 0.303334 0.309873 0.316472 0.323131 0.329849 0.336625 0.343460 0.350352 0.357301 0.364307 0.371370
0.108497 0.110590 0.112918 0.115514 0.118413 0.121670 0.125351 0.129368 0.133563 0.137871 0.142270 0.146759 0.151337 0.156002 0.160750 0.165581 0.170492 0.175483 0.180551 0.185695 0.190914 0.196206 0.201570 0.207004 0.212507 0.218079 0.223718 0.229423 0.235193 0.241027 0.246924 0.252883 0.258903 0.264984 0.271123 0.277322 0.283579 0.289893 0.296264 0.302692 0.309175 0.315714 0.322307 0.328956 0.335661 0.342421 0.349236 0.356106 0.363030 0.370009
0.107877 0.109932 0.112226 0.114783 0.117633 0.120820 0.124409 0.128375 0.132546 0.136847 0.141254 0.145756 0.150347 0.155026 0.159789 0.164634 0.169559 0.174564 0.179646 0.184804 0.190036 0.195341 0.200718 0.206166 0.211683 0.217269 0.222921 0.228638 0.234421 0.240267 0.246175 0.252145 0.258175 0.264264 0.270411 0.276616 0.282878 0.289195 0.295566 0.301992 0.308470 0.315001 0.321584 0.328217 0.334901 0.341635 0.348418 0.355251 0.362131 0.369060
0.101181 0.104285 0.107366 0.110513 0.113801 0.117304 0.121102 0.125254 0.129626 0.134118 0.138696 0.143349 0.148074 0.152870 0.157737 0.162676 0.167686 0.172766 0.177918 0.183140 0.188431 0.193791 0.199220 0.204715 0.210278 0.215905 0.221597 0.227353 0.233172 0.239052 0.244994 0.250995 0.257055 0.263173 0.269347 0.275578 0.281864 0.288205 0.294598 0.301044 0.307542 0.314090 0.320689 0.327336 0.334032 0.340775 0.347565 0.354402 0.361284 0.368211
0.101835 0.103980 0.106421 0.109141 0.112141 0.115441 0.119082 0.123115 0.127440 0.131927 0.136524 0.141210 0.145976 0.150818 0.155733 0.160721 0.165780 0.170910 0.176109 0.181377 0.186714 0.192118 0.197588 0.203125 0.208727 0.214392 0.220122 0.225913 0.231767 0.237681 0.243654 0.249687 0.255778 0.261925 0.268129 0.274388 0.280701 0.287067 0.293487 0.299957 0.306479 0.313050 0.319670 0.326339 0.333054 0.339817 0.346625 0.353478 0.360376 0.367317
0.097599 0.100877 0.104071 0.107282 0.110591 0.114071 0.117798 0.121858 0.126197 0.130688 0.135282 0.139960 0.144716 0.149547 0.154454 0.159435 0.164490 0.169617 0.174817 0.180088 0.185429 0.190840 0.196318 0.201865 0.207477 0.213155 0.218897 0.224702 0.230569 0.236498 0.242487 0.248534 0.254641 0.260804 0.267024 0.273299 0.279628 0.286010 0.292446 0.298932 0.305469 0.312056 0.318692 0.325376 0.332107 0.338884 0.345707 0.352574 0.359486 0.366440
0.102712 0.104530 0.106671 0.109115 0.111856 0.114906 0.118297 0.122090 0.126230 0.130570 0.135046 0.139630 0.144309 0.149077 0.153930 0.158866 0.163882 0.168976 0.174147 0.179393 0.184712 0.190104 0.195566 0.201098 0.206698 0.212366 0.218099 0.223897 0.229758 0.235682 0.241667 0.247713 0.253817 0.259980 0.266199 0.272475 0.278805 0.285190 0.291628 0.298117 0.304658 0.311249 0.317888 0.324577 0.331312 0.338095 0.344923 0.351795 0.358712 0.365672
0.099114 0.101976 0.104843 0.107792 0.110882 0.114169 0.117716 0.121609 0.125830 0.130235 0.134756 0.139368 0.144063 0.148837 0.153688 0.158617 0.163622 0.168703 0.173858 0.179087 0.184389 0.189763 0.195207 0.200722 0.206305 0.211955 0.217672 0.223454 0.229301 0.235210 0.241182 0.247214 0.253307 0.259458 0.265667 0.271933 0.278254 0.284630 0.291060 0.297542 0.304076 0.310660 0.317294 0.323977 0.330708 0.337486 0.344310 0.351179 0.358093 0.365050
0.100120 0.102581 0.105210 0.108020 0.111033 0.114279 0.117804 0.121684 0.125892 0.130284 0.134792 0.139393 0.144075 0.148836 0.153674 0.158588 0.163578 0.168642 0.173781 0.178993 0.184278 0.189634 0.195061 0.200558 0.206123 0.211756 0.217456 0.223221 0.229051 0.234944 0.240900 0.246917 0.252994 0.259130 0.265325 0.271576 0.277884 0.284247 0.290663 0.297133 0.303655 0.310228 0.316851 0.323523 0.330243 0.337011 0.343825 0.350686 0.357590 0.364539
0.100224 0.102918 0.105654 0.108499 0.111505 0.114723 0.118209 0.122046 0.126200 0.130534 0.134989 0.139540 0.144181 0.148905 0.153711 0.158597 0.163562 0.168605 0.173723 0.178917 0.184184 0.189524 0.194935 0.200417 0.205967 0.211586 0.217271 0.223022 0.228837 0.234716 0.240657 0.246660 0.252723 0.258845 0.265026 0.271263 0.277557 0.283906 0.290310 0.296766 0.303275 0.309835 0.316445 0.323105 0.329813 0.336569 0.343372 0.350221 0.357114 0.364052
0.102418 0.104318 0.106521 0.109005 0.111765 0.114811 0.118174 0.121922 0.126021 0.130324 0.134762 0.139306 0.143943 0.148666 0.153472 0.158357 0.163321 0.168362 0.173477 0.178667 0.183929 0.189263 0.194667 0.200141 0.205683 0.211292 0.216967 0.222708 0.228513 0.234381 0.240311 0.246302 0.252354 0.258464 0.264633 0.270859 0.277141 0.283478 0.289869 0.296314 0.302811 0.309359 0.315958 0.322606 0.329303 0.336048 0.342840 0.349678 0.356561 0.363488
0.096488 0.099904 0.103193 0.106456 0.109772 0.113210 0.116844 0.120771 0.125031 0.129479 0.134032 0.138664 0.143365 0.148135 0.152973 0.157881 0.162858 0.167906 0.173025 0.178214 0.183473 0.188801 0.194199 0.199664 0.205198 0.210798 0.216464 0.222194 0.227989 0.233847 0.239767 0.245748 0.251789 0.257889 0.264047 0.270263 0.276534 0.282861 0.289243 0.295678 0.302165 0.308704 0.315293 0.321932 0.328620 0.335356 0.342139 0.348968 0.355842 0.362761
0.102134 0.104087 0.106295 0.108748 0.111450 0.114414 0.117674 0.121299 0.125316 0.129572 0.133974 0.138484 0.143088 0.147777 0.152549 0.157402 0.162334 0.167343 0.172428 0.177588 0.182821 0.188127 0.193505 0.198953 0.204470 0.210055 0.215707 0.221425 0.227208 0.233054 0.238964 0.244935 0.250966 0.257057 0.263207 0.269414 0.275678 0.281997 0.288371 0.294799 0.301279 0.307811 0.314394 0.321027 0.327709 0.334439 0.341216 0.348040 0.354909 0.361823
0.101187 0.103425 0.105780 0.108294 0.111005 0.113947 0.117166 0.120739 0.124697 0.128895 0.133244 0.137706 0.142268 0.146922 0.151663 0.156489 0.161398 0.166387 0.171454 0.176599 0.181818 0.187112 0.192479 0.197917 0.203424 0.209001 0.214645 0.220356 0.226132 0.231972 0.237876 0.243841 0.249867 0.255953 0.262098 0.268301 0.274561 0.280877 0.287247 0.293672 0.300149 0.306678 0.313258 0.319889 0.326569 0.333297 0.340072 0.346894 0.353762 0.360675
0.097442 0.099915 0.102536 0.105316 0.108273 0.111432 0.114839 0.118569 0.122668 0.126997 0.131459 0.136016 0.140657 0.145374 0.150166 0.155034 0.159975 0.164989 0.170077 0.175236 0.180468 0.185771 0.191144 0.196586 0.202097 0.207676 0.213322 0.219033 0.224810 0.230650 0.236554 0.242519 0.248545 0.254631 0.260777 0.266980 0.273240 0.279556 0.285927 0.292353 0.298831 0.305362 0.311943 0.318575 0.325257 0.331987 0.338765 0.345589 0.352460 0.359375
0.093536 0.096783 0.099941 0.103093 0.106306 0.109641 0.113168 0.116978 0.121134 0.125508 0.130002 0.134583 0.139237 0.143964 0.148761 0.153630 0.158571 0.163585 0.168671 0.173828 0.179058 0.184358 0.189729 0.195170 0.200680 0.206258 0.211903 0.217615 0.223391 0.229232 0.235137 0.241104 0.247132 0.253220 0.259368 0.265574 0.271837 0.278157 0.284532 0.290961 0.297444 0.303979 0.310566 0.317203 0.323889 0.330625 0.337408 0.344238 0.351114 0.358035
0.099645 0.101212 0.103106 0.105300 0.107783 0.110556 0.113649 0.117121 0.120997 0.125132 0.129430 0.133851 0.138377 0.143000 0.147715 0.152518 0.157406 0.162377 0.167429 0.172559 0.177767 0.183051 0.188409 0.193840 0.199343 0.204916 0.210558 0.216268 0.222045 0.227887 0.233794 0.239763 0.245795 0.251887 0.258039 0.264250 0.270519 0.276845 0.283225 0.289661 0.296150 0.302692 0.309285 0.315929 0.322623 0.329365 0.336155 0.342993 0.349876 0.356805
0.094833 0.097396 0.100002 0.102707 0.105558 0.108597 0.111884 0.115498 0.119483 0.123700 0.128061 0.132528 0.137090 0.141740 0.146476 0.151296 0.156198 0.161181 0.166243 0.171383 0.176600 0.181892 0.187258 0.192697 0.198207 0.203788 0.209438 0.215155 0.220939 0.226788 0.232702 0.238679 0.244718 0.250818 0.256977 0.263196 0.269472 0.275804 0.282193 0.288635 0.295132 0.301681 0.308281 0.314932 0.321633 0.328383 0.335180 0.342025 0.348915 0.355851
0.092003 0.094673 0.097436 0.100320 0.103353 0.106567 0.110017 0.113779 0.117897 0.122239 0.126711 0.131277 0.135926 0.140652 0.145454 0.150331 0.155282 0.160307 0.165406 0.170578 0.175822 0.181138 0.186525 0.191982 0.197509 0.203103 0.208766 0.214494 0.220289 0.226148 0.232070 0.238055 0.244101 0.250208 0.256374 0.262599 0.268881 0.275219 0.281613 0.288061 0.294562 0.301116 0.307722 0.314378 0.321083 0.327838 0.334640 0.341489 0.348384 0.355324
