0.106466 0.106006 0.104434 0.101502 0.097502 0.092885 0.087945 0.082822 0.077567 0.072195 0.066705 0.061090 0.055338 0.049432 0.043350 0.037061 0.030523 0.023673 0.016415 0.008577 0.003143 0.001150 0.000421 0.000154 0.000056 0.000021 0.000008 0.000003 0.000001 0.000000 0.000000 0.000000 0.000000 0.000000 0.000000 0.000000 0.000000 0.000000 0.000000 0.000000 0.000000 0.000000 0.000000 0.000000 0.000000 0.000000 0.000000 0.000000 0.000000 0.000000
0.110776 0.109177 0.107057 0.103867 0.099707 0.094965 0.089932 0.084740 0.079433 0.074017 0.068486 0.062832 0.057039 0.051092 0.044970 0.038646 0.032079 0.025211 0.017954 0.010152 0.003807 0.001393 0.000510 0.000187 0.000068 0.000025 0.000009 0.000003 0.000001 0.000000 0.000000 0.000000 0.000000 0.000000 0.000000 0.000000 0.000000 0.000000 0.000000 0.000000 0.000000 0.000000 0.000000 0.000000 0.000000 0.000000 0.000000 0.000000 0.000000 0.000000
0.103879 0.105913 0.106316 0.104851 0.101808 0.097732 0.093054 0.088013 0.082726 0.077250 0.071613 0.065827 0.059894 0.053808 0.047554 0.041112 0.034446 0.027504 0.020207 0.012418 0.005005 0.001832 0.000671 0.000245 0.000090 0.000033 0.000012 0.000004 0.000002 0.000001 0.000000 0.000000 0.000000 0.000000 0.000000 0.000000 0.000000 0.000000 0.000000 0.000000 0.000000 0.000000 0.000000 0.000000 0.000000 0.000000 0.000000 0.000000 0.000000 0.000000
0.131034 0.126422 0.122330 0.117867 0.112596 0.106687 0.100497 0.094246 0.088012 0.081802 0.075595 0.069366 0.063089 0.056734 0.050273 0.043673 0.036894 0.029880 0.022556 0.014799 0.006670 0.002442 0.000894 0.000327 0.000120 0.000044 0.000016 0.000006 0.000002 0.000001 0.000000 0.000000 0.000000 0.000000 0.000000 0.000000 0.000000 0.000000 0.000000 0.000000 0.000000 0.000000 0.000000 0.000000 0.000000 0.000000 0.000000 0.000000 0.000000 0.000000
0.112069 0.112030 0.111480 0.109947 0.107016 0.102865 0.097958 0.092655 0.087138 0.081481 0.075709 0.069826 0.063828 0.057702 0.051434 0.045001 0.038371 0.031502 0.024327 0.016744 0.008574 0.003138 0.001149 0.000420 0.000154 0.000056 0.000021 0.000008 0.000003 0.000001 0.000000 0.000000 0.000000 0.000000 0.000000 0.000000 0.000000 0.000000 0.000000 0.000000 0.000000 0.000000 0.000000 0.000000 0.000000 0.000000 0.000000 0.000000 0.000000 0.000000
0.100431 0.102425 0.103729 0.104007 0.102711 0.099880 0.095972 0.091433 0.086519 0.081349 0.075977 0.070427 0.064708 0.058820 0.052758 0.046508 0.040049 0.033345 0.026342 0.018955 0.011035 0.004217 0.001544 0.000565 0.000207 0.000076 0.000028 0.000010 0.000004 0.000001 0.000000 0.000000 0.000000 0.000000 0.000000 0.000000 0.000000 0.000000 0.000000 0.000000 0.000000 0.000000 0.000000 0.000000 0.000000 0.000000 0.000000 0.000000 0.000000 0.000000
0.117241 0.116443 0.115373 0.113782 0.111067 0.107111 0.102271 0.096959 0.091415 0.085742 0.079974 0.074116 0.068161 0.062098 0.055912 0.049581 0.043080 0.036373 0.029409 0.022114 0.014365 0.006338 0.002320 0.000849 0.000311 0.000114 0.000042 0.000015 0.000006 0.000002 0.000001 0.000000 0.000000 0.000000 0.000000 0.000000 0.000000 0.000000 0.000000 0.000000 0.000000 0.000000 0.000000 0.000000 0.000000 0.000000 0.000000 0.000000 0.000000 0.000000
0.131897 0.127382 0.123799 0.120640 0.117074 0.112590 0.107305 0.101589 0.095701 0.089749 0.083760 0.077730 0.071645 0.065485 0.059231 0.052859 0.046343 0.039649 0.032732 0.025528 0.017937 0.009792 0.003623 0.001326 0.000485 0.000178 0.000065 0.000024 0.000009 0.000003 0.000001 0.000000 0.000000 0.000000 0.000000 0.000000 0.000000 0.000000 0.000000 0.000000 0.000000 0.000000 0.000000 0.000000 0.000000 0.000000 0.000000 0.000000 0.000000 0.000000
0.099138 0.104098 0.107364 0.109246 0.109570 0.108015 0.104824 0.100555 0.095674 0.090440 0.084973 0.079330 0.073537 0.067603 0.061529 0.055308 0.048926 0.042361 0.035578 0.028527 0.021128 0.013250 0.005498 0.002012 0.000737 0.000270 0.000099 0.000036 0.000013 0.000005 0.000002 0.000001 0.000000 0.000000 0.000000 0.000000 0.000000 0.000000 0.000000 0.000000 0.000000 0.000000 0.000000 0.000000 0.000000 0.000000 0.000000 0.000000 0.000000 0.000000
0.130603 0.126765 0.123787 0.121253 0.118503 0.114830 0.110177 0.104897 0.099318 0.093607 0.087822 0.081974 0.076057 0.070060 0.063966 0.057760 0.051420 0.044921 0.038230 0.031300 0.024063 0.016412 0.008175 0.002992 0.001095 0.000401 0.000147 0.000054 0.000020 0.000007 0.000003 0.000001 0.000000 0.000000 0.000000 0.000000 0.000000 0.000000 0.000000 0.000000 0.000000 0.000000 0.000000 0.000000 0.000000 0.000000 0.000000 0.000000 0.000000 0.000000
0.121552 0.120973 0.120219 0.119220 0.117580 0.114716 0.110638 0.105757 0.100466 0.094972 0.089361 0.083660 0.077871 0.071991 0.066008 0.059909 0.053678 0.047294 0.040727 0.033938 0.026869 0.019434 0.011482 0.004444 0.001627 0.000595 0.000218 0.000080 0.000029 0.000011 0.000004 0.000001 0.000001 0.000000 0.000000 0.000000 0.000000 0.000000 0.000000 0.000000 0.000000 0.000000 0.000000 0.000000 0.000000 0.000000 0.000000 0.000000 0.000000 0.000000
0.110776 0.113011 0.114472 0.115218 0.114985 0.113258 0.110084 0.105906 0.101158 0.096086 0.090804 0.085363 0.079784 0.074076 0.068239 0.062269 0.056157 0.049888 0.043440 0.036781 0.029865 0.022621 0.014932 0.006821 0.002497 0.000914 0.000334 0.000122 0.000045 0.000016 0.000006 0.000002 0.000001 0.000000 0.000000 0.000000 0.000000 0.000000 0.000000 0.000000 0.000000 0.000000 0.000000 0.000000 0.000000 0.000000 0.000000 0.000000 0.000000 0.000000
0.130172 0.127893 0.126091 0.124493 0.122672 0.119886 0.115920 0.111090 0.105806 0.100309 0.094702 0.089016 0.083257 0.077418 0.071492 0.065467 0.059328 0.053059 0.046637 0.040033 0.033205 0.026095 0.018607 0.010587 0.003991 0.001461 0.000535 0.000196 0.000072 0.000026 0.000010 0.000004 0.000001 0.000000 0.000000 0.000000 0.000000 0.000000 0.000000 0.000000 0.000000 0.000000 0.000000 0.000000 0.000000 0.000000 0.000000 0.000000 0.000000 0.000000
0.125862 0.126464 0.126467 0.125975 0.124828 0.122456 0.118737 0.114040 0.108811 0.103325 0.097704 0.091995 0.086214 0.080360 0.074429 0.068411 0.062295 0.056064 0.049699 0.043174 0.036453 0.029485 0.022197 0.014464 0.006431 0.002354 0.000862 0.000315 0.000115 0.000042 0.000015 0.000006 0.000002 0.000001 0.000000 0.000000 0.000000 0.000000 0.000000 0.000000 0.000000 0.000000 0.000000 0.000000 0.000000 0.000000 0.000000 0.000000 0.000000 0.000000
0.133621 0.131283 0.129488 0.127944 0.126259 0.123688 0.119938 0.115279 0.110126 0.104744 0.099246 0.093673 0.088032 0.082321 0.076534 0.070661 0.064690 0.058609 0.052399 0.046038 0.039497 0.032734 0.025690 0.018270 0.010319 0.003875 0.001418 0.000519 0.000190 0.000070 0.000025 0.000009 0.000003 0.000001 0.000000 0.000000 0.000000 0.000000 0.000000 0.000000 0.000000 0.000000 0.000000 0.000000 0.000000 0.000000 0.000000 0.000000 0.000000 0.000000
0.116379 0.119313 0.121214 0.122294 0.122508 0.121347 0.118662 0.114824 0.110315 0.105449 0.100376 0.095159 0.089826 0.084387 0.078845 0.073198 0.067440 0.061564 0.055557 0.049403 0.043078 0.036551 0.029777 0.022684 0.015162 0.007156 0.002619 0.000959 0.000351 0.000128 0.000047 0.000017 0.000006 0.000002 0.000001 0.000000 0.000000 0.000000 0.000000 0.000000 0.000000 0.000000 0.000000 0.000000 0.000000 0.000000 0.000000 0.000000 0.000000 0.000000
0.137500 0.134693 0.132727 0.131216 0.129714 0.127435 0.124022 0.119709 0.114899 0.109855 0.104691 0.099444 0.094122 0.088724 0.083245 0.077678 0.072015 0.066247 0.060363 0.054350 0.048188 0.041853 0.035310 0.028509 0.021375 0.013786 0.006041 0.002211 0.000809 0.000296 0.000108 0.000040 0.000015 0.000005 0.000002 0.000001 0.000000 0.000000 0.000000 0.000000 0.000000 0.000000 0.000000 0.000000 0.000000 0.000000 0.000000 0.000000 0.000000 0.000000
0.126293 0.129563 0.131682 0.132886 0.133149 0.131989 0.129296 0.125458 0.120958 0.116107 0.111055 0.105868 0.100578 0.095198 0.089732 0.084184 0.078549 0.072825 0.067003 0.061074 0.055024 0.048835 0.042481 0.035928 0.029126 0.022002 0.014439 0.006616 0.002422 0.000886 0.000324 0.000119 0.000043 0.000016 0.000006 0.000002 0.000001 0.000000 0.000000 0.000000 0.000000 0.000000 0.000000 0.000000 0.000000 0.000000 0.000000 0.000000 0.000000 0.000000
0.156466 0.153545 0.151159 0.149080 0.146998 0.144219 0.140365 0.135642 0.130452 0.125069 0.119615 0.114132 0.108628 0.103101 0.097545 0.091951 0.086310 0.080613 0.074851 0.069013 0.063086 0.057054 0.050899 0.044595 0.038110 0.031399 0.024393 0.016995 0.009235 0.003428 0.001255 0.000459 0.000168 0.000062 0.000023 0.000008 0.000003 0.000001 0.000000 0.000000 0.000000 0.000000 0.000000 0.000000 0.000000 0.000000 0.000000 0.000000 0.000000 0.000000
0.154310 0.152904 0.151717 0.150639 0.149499 0.147795 0.144926 0.140933 0.136239 0.131221 0.126071 0.120864 0.115620 0.110343 0.105029 0.099672 0.094265 0.088801 0.083274 0.077676 0.071997 0.066228 0.060356 0.054364 0.048233 0.041936 0.035434 0.028675 0.021584 0.014125 0.006574 0.002406 0.000881 0.000322 0.000118 0.000043 0.000016 0.000006 0.000002 0.000001 0.000000 0.000000 0.000000 0.000000 0.000000 0.000000 0.000000 0.000000 0.000000 0.000000
0.136638 0.140339 0.143237 0.145440 0.146964 0.147509 0.146543 0.144122 0.140703 0.136720 0.132422 0.127924 0.123283 0.118524 0.113663 0.108708 0.103665 0.098537 0.093325 0.088028 0.082645 0.077171 0.071601 0.065926 0.060136 0.054215 0.048146 0.041899 0.035438 0.028709 0.021653 0.014333 0.006954 0.002546 0.000932 0.000341 0.000125 0.000046 0.000017 0.000006 0.000002 0.000001 0.000000 0.000000 0.000000 0.000000 0.000000 0.000000 0.000000 0.000000
0.159914 0.160829 0.161604 0.162195 0.162520 0.162263 0.160789 0.158006 0.154298 0.150092 0.145638 0.141047 0.136362 0.131600 0.126767 0.121867 0.116900 0.111865 0.106762 0.101590 0.096346 0.091028 0.085631 0.080150 0.074580 0.068911 0.063133 0.057232 0.051189 0.044978 0.038566 0.031908 0.024966 0.017795 0.010610 0.004242 0.001553 0.000568 0.000208 0.000076 0.000028 0.000010 0.000004 0.000001 0.000001 0.000000 0.000000 0.000000 0.000000 0.000000
0.191379 0.189198 0.187440 0.185983 0.184675 0.183195 0.180849 0.177397 0.173131 0.168451 0.163601 0.158686 0.153738 0.148765 0.143766 0.138734 0.133667 0.128560 0.123410 0.118212 0.112965 0.107664 0.102307 0.096889 0.091406 0.085853 0.080223 0.074508 0.068698 0.062780 0.056738 0.050551 0.044189 0.037620 0.030818 0.023765 0.016640 0.009567 0.003688 0.001350 0.000494 0.000181 0.000066 0.000024 0.000009 0.000003 0.000001 0.000000 0.000000 0.000000
0.196983 0.197297 0.197679 0.198003 0.198162 0.197972 0.196855 0.194400 0.190808 0.186533 0.181913 0.177118 0.172221 0.167251 0.162224 0.157146 0.152022 0.146854 0.141644 0.136392 0.131099 0.125764 0.120386 0.114963 0.109494 0.103975 0.098403 0.092773 0.087079 0.081315 0.075472 0.069539 0.063502 0.057344 0.051042 0.044571 0.037904 0.031026 0.023929 0.016814 0.009773 0.003805 0.001393 0.000510 0.000187 0.000068 0.000025 0.000009 0.000003 0.000001
0.202155 0.207273 0.210816 0.213195 0.214679 0.215393 0.215122 0.213357 0.210146 0.205961 0.201262 0.196313 0.191236 0.186086 0.180887 0.175652 0.170387 0.165095 0.159778 0.154437 0.149071 0.143681 0.138265 0.132821 0.127347 0.121842 0.116301 0.110723 0.105103 0.099436 0.093718 0.087942 0.082101 0.076185 0.070183 0.064080 0.057859 0.051500 0.044977 0.038267 0.031359 0.024239 0.017098 0.010037 0.003947 0.001445 0.000529 0.000194 0.000071 0.000026
0.264655 0.257001 0.251218 0.246772 0.243258 0.240333 0.237542 0.234089 0.229670 0.224547 0.219112 0.213601 0.208107 0.202653 0.197238 0.191852 0.186488 0.181135 0.175787 0.170438 0.165083 0.159717 0.154339 0.148943 0.143528 0.138091 0.132629 0.127139 0.121618 0.116063 0.110471 0.104837 0.099157 0.093425 0.087635 0.081780 0.075849 0.069832 0.063714 0.057478 0.051104 0.044566 0.037843 0.030919 0.023777 0.016599 0.009489 0.003641 0.001333 0.000488
0.235345 0.237484 0.238921 0.239848 0.240375 0.240532 0.240169 0.238706 0.235914 0.232106 0.227727 0.223068 0.218270 0.213391 0.208457 0.203480 0.198465 0.193415 0.188334 0.183221 0.178079 0.172908 0.167708 0.162479 0.157222 0.151935 0.146619 0.141272 0.135893 0.130481 0.125035 0.119552 0.114029 0.108464 0.102854 0.097193 0.091477 0.085699 0.079852 0.073926 0.067911 0.061791 0.055548 0.049163 0.042607 0.035855 0.028888 0.021692 0.014457 0.007250
0.227155 0.231433 0.234977 0.237869 0.240177 0.241934 0.243085 0.243198 0.241800 0.239052 0.235439 0.231360 0.227029 0.222545 0.217951 0.213272 0.208520 0.203705 0.198835 0.193913 0.188946 0.183937 0.178887 0.173801 0.168678 0.163521 0.158330 0.153107 0.147850 0.142560 0.137236 0.131878 0.126484 0.121052 0.115582 0.110069 0.104512 0.098906 0.093247 0.087529 0.081747 0.075891 0.069952 0.063917 0.057771 0.051493 0.045059 0.038438 0.031599 0.024511
0.259483 0.258890 0.258504 0.258244 0.258038 0.257810 0.257440 0.256552 0.254495 0.251211 0.247097 0.242569 0.237858 0.233065 0.228229 0.223362 0.218469 0.213551 0.208607 0.203638 0.198644 0.193624 0.188579 0.183507 0.178410 0.173287 0.168138 0.162962 0.157760 0.152530 0.147272 0.141986 0.136669 0.131321 0.125941 0.120526 0.115074 0.109583 0.104049 0.098469 0.092839 0.087154 0.081406 0.075589 0.069692 0.063705 0.057611 0.051393 0.045025 0.038476
0.278879 0.276442 0.274397 0.272687 0.271240 0.269966 0.268737 0.267218 0.264717 0.261064 0.256603 0.251755 0.246764 0.241735 0.236701 0.231672 0.226646 0.221619 0.216589 0.211551 0.206504 0.201444 0.196371 0.191282 0.186177 0.181054 0.175913 0.170752 0.165571 0.160369 0.155145 0.149898 0.144627 0.139331 0.134008 0.128656 0.123274 0.117860 0.112411 0.106925 0.101398 0.095826 0.090205 0.084530 0.078794 0.072989 0.067106 0.061132 0.055052 0.048848
0.265086 0.265632 0.266354 0.267085 0.267716 0.268172 0.268357 0.267976 0.266389 0.263482 0.259633 0.255279 0.250681 0.245960 0.241167 0.236325 0.231446 0.226535 0.221595 0.216631 0.211644 0.206635 0.201606 0.196557 0.191489 0.186402 0.181296 0.176171 0.171027 0.165863 0.160680 0.155476 0.150250 0.145002 0.139731 0.134435 0.129112 0.123762 0.118381 0.112968 0.107521 0.102035 0.096508 0.090935 0.085312 0.079633 0.073890 0.068076 0.062180 0.056188
0.248276 0.255289 0.260238 0.263725 0.266152 0.267780 0.268736 0.268894 0.267704 0.265081 0.261429 0.257216 0.252727 0.248096 0.243383 0.238614 0.233802 0.228956 0.224079 0.219175 0.214246 0.209295 0.204322 0.199329 0.194317 0.189285 0.184233 0.179164 0.174075 0.168966 0.163839 0.158691 0.153522 0.148332 0.143120 0.137884 0.132623 0.127336 0.122020 0.116676 0.111298 0.105887 0.100438 0.094947 0.089412 0.083827 0.078187 0.072485 0.066713 0.060862
0.306466 0.296371 0.289224 0.284137 0.280478 0.277781 0.275673 0.273709 0.271094 0.267492 0.263140 0.258421 0.253572 0.248693 0.243817 0.238947 0.234082 0.229217 0.224347 0.219468 0.214579 0.209677 0.204760 0.199828 0.194879 0.189913 0.184928 0.179926 0.174904 0.169863 0.164802 0.159720 0.154616 0.149491 0.144342 0.139170 0.133972 0.128748 0.123496 0.118214 0.112900 0.107553 0.102169 0.096745 0.091279 0.085765 0.080199 0.074576 0.068888 0.063127
0.239224 0.247326 0.253059 0.257135 0.260032 0.262063 0.263406 0.264055 0.263523 0.261486 0.258233 0.254273 0.249969 0.245504 0.240952 0.236347 0.231703 0.227026 0.222320 0.217586 0.212826 0.208042 0.203232 0.198399 0.193543 0.188663 0.183760 0.178834 0.173885 0.168913 0.163918 0.158900 0.153857 0.148790 0.143698 0.138580 0.133435 0.128262 0.123059 0.117825 0.112559 0.107257 0.101919 0.096540 0.091117 0.085647 0.080125 0.074545 0.068901 0.063186
0.259483 0.258402 0.258212 0.258523 0.259074 0.259684 0.260198 0.260374 0.259559 0.257403 0.254168 0.250314 0.246156 0.241846 0.237446 0.232982 0.228466 0.223905 0.219302 0.214661 0.209984 0.205274 0.200532 0.195759 0.190958 0.186128 0.181272 0.176389 0.171479 0.166544 0.161583 0.156597 0.151584 0.146545 0.141479 0.136385 0.131263 0.126111 0.120929 0.115713 0.110463 0.105176 0.099851 0.094482 0.089069 0.083605 0.078086 0.072507 0.066861 0.061138
0.255172 0.256910 0.258137 0.259012 0.259626 0.260013 0.260147 0.259801 0.258355 0.255648 0.252026 0.247912 0.243565 0.239103 0.234574 0.229999 0.225387 0.220742 0.216066 0.211362 0.206630 0.201871 0.197086 0.192276 0.187441 0.182582 0.177698 0.172791 0.167859 0.162903 0.157923 0.152918 0.147888 0.142831 0.137748 0.132637 0.127497 0.122326 0.117123 0.111887 0.106614 0.101303 0.095950 0.090551 0.085103 0.079601 0.074037 0.068406 0.062699 0.056904
0.264224 0.263145 0.262280 0.261564 0.260941 0.260350 0.259702 0.258758 0.256859 0.253746 0.249726 0.245234 0.240545 0.235782 0.230994 0.226194 0.221386 0.216570 0.211744 0.206906 0.202055 0.197190 0.192309 0.187411 0.182495 0.177562 0.172609 0.167637 0.162644 0.157630 0.152593 0.147535 0.142452 0.137344 0.132210 0.127048 0.121856 0.116633 0.111377 0.106085 0.100754 0.095380 0.089959 0.084488 0.078960 0.073368 0.067704 0.061958 0.056117 0.050165
0.253017 0.252364 0.251978 0.251760 0.251625 0.251494 0.251271 0.250743 0.249261 0.246475 0.242655 0.238267 0.233629 0.228888 0.224103 0.219292 0.214462 0.209615 0.204752 0.199872 0.194974 0.190058 0.185125 0.180173 0.175202 0.170212 0.165202 0.160173 0.155123 0.150051 0.144956 0.139839 0.134696 0.129527 0.124330 0.119104 0.113845 0.108551 0.103220 0.097847 0.092429 0.086960 0.081435 0.075847 0.070187 0.064445 0.058608 0.052660 0.046581 0.040344
0.225862 0.229364 0.232198 0.234456 0.236209 0.237505 0.238338 0.238513 0.237423 0.234924 0.231391 0.227284 0.222886 0.218332 0.213685 0.208971 0.204206 0.199400 0.194557 0.189682 0.184779 0.179849 0.174895 0.169918 0.164918 0.159896 0.154851 0.149784 0.144693 0.139578 0.134438 0.129272 0.124077 0.118851 0.113593 0.108299 0.102967 0.097592 0.092169 0.086693 0.081159 0.075557 0.069879 0.064113 0.058246 0.052259 0.046133 0.039841 0.033356 0.026656
0.228879 0.230138 0.230815 0.231102 0.231113 0.230899 0.230436 0.229451 0.227325 0.223990 0.219833 0.215262 0.210512 0.205685 0.200824 0.195942 0.191045 0.186136 0.181213 0.176276 0.171324 0.166357 0.161373 0.156371 0.151350 0.146309 0.141245 0.136158 0.131046 0.125906 0.120737 0.115535 0.110298 0.105023 0.099705 0.094339 0.088922 0.083445 0.077901 0.072281 0.066574 0.060767 0.054844 0.048787 0.042573 0.036186 0.029610 0.022826 0.015991 0.009206
0.240517 0.233039 0.227553 0.223501 0.220472 0.218142 0.216227 0.214293 0.211555 0.207775 0.203266 0.198427 0.193488 0.188542 0.183615 0.178708 0.173815 0.168928 0.164042 0.159150 0.154248 0.149331 0.144397 0.139442 0.134464 0.129460 0.124427 0.119362 0.114263 0.109125 0.103947 0.098723 0.093448 0.088117 0.082723 0.077258 0.071712 0.066073 0.060329 0.054465 0.048462 0.042303 0.035980 0.029480 0.022811 0.016171 0.009607 0.003824 0.001400 0.000512
0.157328 0.164963 0.170821 0.175333 0.178802 0.181430 0.183299 0.184175 0.183499 0.181312 0.178095 0.174318 0.170251 0.166019 0.161678 0.157257 0.152768 0.148222 0.143622 0.138974 0.134279 0.129539 0.124754 0.119924 0.115049 0.110127 0.105157 0.100134 0.095056 0.089919 0.084716 0.079441 0.074086 0.068640 0.063090 0.057423 0.051624 0.045673 0.039562 0.033287 0.026829 0.020314 0.013898 0.007532 0.002798 0.001024 0.000375 0.000137 0.000050 0.000018
0.153448 0.156293 0.158801 0.160967 0.162785 0.164219 0.165093 0.164794 0.163063 0.160225 0.156746 0.152929 0.148924 0.144795 0.140573 0.136271 0.131900 0.127463 0.122966 0.118410 0.113796 0.109125 0.104396 0.099608 0.094758 0.089843 0.084860 0.079801 0.074660 0.069429 0.064095 0.058644 0.053062 0.047328 0.041427 0.035354 0.029095 0.022699 0.016372 0.010131 0.004269 0.001563 0.000572 0.000209 0.000077 0.000028 0.000010 0.000004 0.000001 0.000001
0.172414 0.167786 0.164299 0.161663 0.159623 0.157881 0.155802 0.152785 0.148915 0.144580 0.140075 0.135533 0.130997 0.126471 0.121948 0.117417 0.112868 0.108294 0.103685 0.099035 0.094338 0.089588 0.084777 0.079900 0.074948 0.069912 0.064782 0.059544 0.054182 0.048675 0.043000 0.037139 0.031079 0.024811 0.018495 0.012264 0.006050 0.002215 0.000811 0.000297 0.000109 0.000040 0.000015 0.000005 0.000002 0.000001 0.000000 0.000000 0.000000 0.000000
0.131034 0.132787 0.134178 0.135237 0.135935 0.136002 0.134812 0.132316 0.128926 0.125070 0.120989 0.116791 0.112519 0.108188 0.103803 0.099365 0.094871 0.090318 0.085703 0.081020 0.076265 0.071428 0.066504 0.061479 0.056343 0.051076 0.045659 0.040064 0.034260 0.028225 0.021950 0.015619 0.009331 0.003737 0.001368 0.000501 0.000183 0.000067 0.000025 0.000009 0.000003 0.000001 0.000000 0.000000 0.000000 0.000000 0.000000 0.000000 0.000000 0.000000
0.103017 0.108059 0.111977 0.114971 0.117058 0.117771 0.116848 0.114631 0.111627 0.108187 0.104485 0.100603 0.096580 0.092436 0.088182 0.083825 0.079367 0.074810 0.070150 0.065385 0.060506 0.055506 0.050369 0.045078 0.039608 0.033926 0.027990 0.021766 0.015339 0.008889 0.003445 0.001261 0.000462 0.000169 0.000062 0.000023 0.000008 0.000003 0.000001 0.000000 0.000000 0.000000 0.000000 0.000000 0.000000 0.000000 0.000000 0.000000 0.000000 0.000000
0.127155 0.123641 0.121281 0.119589 0.117874 0.115350 0.111950 0.108005 0.103817 0.099529 0.095188 0.090802 0.086362 0.081860 0.077286 0.072630 0.067885 0.063041 0.058086 0.053008 0.047790 0.042412 0.036844 0.031049 0.024978 0.018583 0.011964 0.005408 0.001979 0.000725 0.000265 0.000097 0.000036 0.000013 0.000005 0.000002 0.000001 0.000000 0.000000 0.000000 0.000000 0.000000 0.000000 0.000000 0.000000 0.000000 0.000000 0.000000 0.000000 0.000000
0.103879 0.107232 0.109448 0.110624 0.110323 0.108409 0.105288 0.101467 0.097273 0.092867 0.088320 0.083662 0.078909 0.074064 0.069127 0.064093 0.058955 0.053701 0.048316 0.042778 0.037058 0.031117 0.024905 0.018367 0.011567 0.004987 0.001825 0.000668 0.000245 0.000090 0.000033 0.000012 0.000004 0.000002 0.000001 0.000000 0.000000 0.000000 0.000000 0.000000 0.000000 0.000000 0.000000 0.000000 0.000000 0.000000 0.000000 0.000000 0.000000 0.000000
0.117241 0.115875 0.114666 0.113091 0.110430 0.106649 0.102144 0.097290 0.092284 0.087202 0.082068 0.076886 0.071650 0.066350 0.060975 0.055509 0.049936 0.044231 0.038364 0.032293 0.025970 0.019343 0.012467 0.005640 0.002064 0.000756 0.000277 0.000101 0.000037 0.000014 0.000005 0.000002 0.000001 0.000000 0.000000 0.000000 0.000000 0.000000 0.000000 0.000000 0.000000 0.000000 0.000000 0.000000 0.000000 0.000000 0.000000 0.000000 0.000000 0.000000
0.111207 0.110027 0.108459 0.105917 0.102192 0.097611 0.092597 0.087405 0.082143 0.076848 0.071525 0.066163 0.060751 0.055268 0.049696 0.044006 0.038167 0.032133 0.025852 0.019267 0.012480 0.005721 0.002094 0.000766 0.000281 0.000103 0.000038 0.000014 0.000005 0.000002 0.000001 0.000000 0.000000 0.000000 0.000000 0.000000 0.000000 0.000000 0.000000 0.000000 0.000000 0.000000 0.000000 0.000000 0.000000 0.000000 0.000000 0.000000 0.000000 0.000000
0.092241 0.090913 0.089459 0.087072 0.083642 0.079524 0.075069 0.070459 0.065759 0.060978 0.056108 0.051135 0.046038 0.040794 0.035374 0.029738 0.023830 0.017571 0.011022 0.004701 0.001721 0.000630 0.000231 0.000084 0.000031 0.000011 0.000004 0.000002 0.000001 0.000000 0.000000 0.000000 0.000000 0.000000 0.000000 0.000000 0.000000 0.000000 0.000000 0.000000 0.000000 0.000000 0.000000 0.000000 0.000000 0.000000 0.000000 0.000000 0.000000 0.000000
0.057759 0.061858 0.064048 0.064248 0.062920 0.060611 0.057687 0.054336 0.050657 0.046698 0.042485 0.038027 0.033319 0.028345 0.023072 0.017444 0.011365 0.005027 0.001840 0.000673 0.000247 0.000090 0.000033 0.000012 0.000004 0.000002 0.000001 0.000000 0.000000 0.000000 0.000000 0.000000 0.000000 0.000000 0.000000 0.000000 0.000000 0.000000 0.000000 0.000000 0.000000 0.000000 0.000000 0.000000 0.000000 0.000000 0.000000 0.000000 0.000000 0.000000
0.077155 0.075426 0.073021 0.069752 0.065905 0.061782 0.057532 0.053197 0.048772 0.044240 0.039575 0.034749 0.029728 0.024468 0.018913 0.012974 0.006511 0.002383 0.000872 0.000319 0.000117 0.000043 0.000016 0.000006 0.000002 0.000001 0.000000 0.000000 0.000000 0.000000 0.000000 0.000000 0.000000 0.000000 0.000000 0.000000 0.000000 0.000000 0.000000 0.000000 0.000000 0.000000 0.000000 0.000000 0.000000 0.000000 0.000000 0.000000 0.000000 0.000000
0.083190 0.082192 0.079908 0.076506 0.072431 0.068024 0.063448 0.058764 0.053984 0.049101 0.044100 0.038958 0.033647 0.028130 0.022351 0.016235 0.009652 0.003751 0.001373 0.000503 0.000184 0.000067 0.000025 0.000009 0.000003 0.000001 0.000000 0.000000 0.000000 0.000000 0.000000 0.000000 0.000000 0.000000 0.000000 0.000000 0.000000 0.000000 0.000000 0.000000 0.000000 0.000000 0.000000 0.000000 0.000000 0.000000 0.000000 0.000000 0.000000 0.000000
0.088793 0.088487 0.086701 0.083672 0.079866 0.075624 0.071115 0.066417 0.061563 0.056565 0.051425 0.046137 0.040686 0.035050 0.029192 0.023059 0.016565 0.009594 0.003672 0.001344 0.000492 0.000180 0.000066 0.000024 0.000009 0.000003 0.000001 0.000000 0.000000 0.000000 0.000000 0.000000 0.000000 0.000000 0.000000 0.000000 0.000000 0.000000 0.000000 0.000000 0.000000 0.000000 0.000000 0.000000 0.000000 0.000000 0.000000 0.000000 0.000000 0.000000
0.103017 0.101701 0.098788 0.094698 0.089960 0.084914 0.079725 0.074455 0.069127 0.063742 0.058291 0.052760 0.047128 0.041371 0.035453 0.029330 0.022937 0.016175 0.008928 0.003324 0.001217 0.000445 0.000163 0.000060 0.000022 0.000008 0.000003 0.000001 0.000000 0.000000 0.000000 0.000000 0.000000 0.000000 0.000000 0.000000 0.000000 0.000000 0.000000 0.000000 0.000000 0.000000 0.000000 0.000000 0.000000 0.000000 0.000000 0.000000 0.000000 0.000000
0.117672 0.111568 0.105489 0.099378 0.093396 0.087619 0.082031 0.076579 0.071209 0.065870 0.060521 0.055126 0.049653 0.044070 0.038342 0.032427 0.026271 0.019795 0.012881 0.005693 0.002084 0.000763 0.000279 0.000102 0.000037 0.000014 0.000005 0.000002 0.000001 0.000000 0.000000 0.000000 0.000000 0.000000 0.000000 0.000000 0.000000 0.000000 0.000000 0.000000 0.000000 0.000000 0.000000 0.000000 0.000000 0.000000 0.000000 0.000000 0.000000 0.000000
0.075431 0.080377 0.082329 0.082138 0.080563 0.078087 0.074989 0.071430 0.067512 0.063299 0.058832 0.054137 0.049227 0.044104 0.038761 0.033176 0.027316 0.021121 0.014497 0.007281 0.002665 0.000976 0.000357 0.000131 0.000048 0.000018 0.000006 0.000002 0.000001 0.000000 0.000000 0.000000 0.000000 0.000000 0.000000 0.000000 0.000000 0.000000 0.000000 0.000000 0.000000 0.000000 0.000000 0.000000 0.000000 0.000000 0.000000 0.000000 0.000000 0.000000
0.109914 0.105285 0.100452 0.095480 0.090519 0.085623 0.080776 0.075940 0.071080 0.066164 0.061170 0.056074 0.050858 0.045501 0.039977 0.034256 0.028293 0.022028 0.015363 0.008132 0.002984 0.001092 0.000400 0.000146 0.000054 0.000020 0.000007 0.000003 0.000001 0.000000 0.000000 0.000000 0.000000 0.000000 0.000000 0.000000 0.000000 0.000000 0.000000 0.000000 0.000000 0.000000 0.000000 0.000000 0.000000 0.000000 0.000000 0.000000 0.000000 0.000000
0.108190 0.106569 0.103288 0.098967 0.094115 0.089015 0.083798 0.078516 0.073189 0.067821 0.062402 0.056922 0.051361 0.045698 0.039903 0.033941 0.027761 0.021292 0.014424 0.007028 0.002573 0.000942 0.000345 0.000126 0.000046 0.000017 0.000006 0.000002 0.000001 0.000000 0.000000 0.000000 0.000000 0.000000 0.000000 0.000000 0.000000 0.000000 0.000000 0.000000 0.000000 0.000000 0.000000 0.000000 0.000000 0.000000 0.000000 0.000000 0.000000 0.000000
0.109914 0.105659 0.100767 0.095489 0.090096 0.084715 0.079376 0.074070 0.068775 0.063467 0.058123 0.052719 0.047229 0.041626 0.035874 0.029929 0.023733 0.017197 0.010185 0.003963 0.001450 0.000531 0.000194 0.000071 0.000026 0.000010 0.000003 0.000001 0.000000 0.000000 0.000000 0.000000 0.000000 0.000000 0.000000 0.000000 0.000000 0.000000 0.000000 0.000000 0.000000 0.000000 0.000000 0.000000 0.000000 0.000000 0.000000 0.000000 0.000000 0.000000
0.082328 0.082457 0.080849 0.078144 0.074821 0.071133 0.067198 0.063069 0.058769 0.054308 0.049686 0.044896 0.039927 0.034758 0.029359 0.023685 0.017668 0.011194 0.004700 0.001720 0.000630 0.000230 0.000084 0.000031 0.000011 0.000004 0.000002 0.000001 0.000000 0.000000 0.000000 0.000000 0.000000 0.000000 0.000000 0.000000 0.000000 0.000000 0.000000 0.000000 0.000000 0.000000 0.000000 0.000000 0.000000 0.000000 0.000000 0.000000 0.000000 0.000000
0.080172 0.077595 0.074706 0.071614 0.068360 0.064947 0.061366 0.057612 0.053678 0.049560 0.045249 0.040737 0.036010 0.031047 0.025815 0.020265 0.014320 0.007845 0.002901 0.001062 0.000389 0.000142 0.000052 0.000019 0.000007 0.000003 0.000001 0.000000 0.000000 0.000000 0.000000 0.000000 0.000000 0.000000 0.000000 0.000000 0.000000 0.000000 0.000000 0.000000 0.000000 0.000000 0.000000 0.000000 0.000000 0.000000 0.000000 0.000000 0.000000 0.000000
0.081897 0.081826 0.080063 0.077295 0.073946 0.070232 0.066261 0.062088 0.057743 0.053237 0.048574 0.043749 0.038748 0.033550 0.028123 0.022419 0.016362 0.009829 0.003852 0.001410 0.000516 0.000189 0.000069 0.000025 0.000009 0.000003 0.000001 0.000000 0.000000 0.000000 0.000000 0.000000 0.000000 0.000000 0.000000 0.000000 0.000000 0.000000 0.000000 0.000000 0.000000 0.000000 0.000000 0.000000 0.000000 0.000000 0.000000 0.000000 0.000000 0.000000
0.113793 0.106946 0.100295 0.093948 0.087922 0.082166 0.076610 0.071190 0.065849 0.060543 0.055231 0.049879 0.044451 0.038912 0.033222 0.027330 0.021168 0.014634 0.007586 0.002779 0.001017 0.000372 0.000136 0.000050 0.000018 0.000007 0.000002 0.000001 0.000000 0.000000 0.000000 0.000000 0.000000 0.000000 0.000000 0.000000 0.000000 0.000000 0.000000 0.000000 0.000000 0.000000 0.000000 0.000000 0.000000 0.000000 0.000000 0.000000 0.000000 0.000000
0.096983 0.095658 0.092975 0.089497 0.085551 0.081310 0.076864 0.072263 0.067533 0.062685 0.057722 0.052640 0.047428 0.042070 0.036541 0.030808 0.024819 0.018500 0.011729 0.004943 0.001809 0.000662 0.000242 0.000089 0.000032 0.000012 0.000004 0.000002 0.000001 0.000000 0.000000 0.000000 0.000000 0.000000 0.000000 0.000000 0.000000 0.000000 0.000000 0.000000 0.000000 0.000000 0.000000 0.000000 0.000000 0.000000 0.000000 0.000000 0.000000 0.000000
0.098276 0.095576 0.092192 0.088423 0.084468 0.080400 0.076232 0.071957 0.067565 0.063048 0.058398 0.053606 0.048664 0.043557 0.038266 0.032764 0.027010 0.020946 0.014475 0.007445 0.002725 0.000998 0.000365 0.000134 0.000049 0.000018 0.000007 0.000002 0.000001 0.000000 0.000000 0.000000 0.000000 0.000000 0.000000 0.000000 0.000000 0.000000 0.000000 0.000000 0.000000 0.000000 0.000000 0.000000 0.000000 0.000000 0.000000 0.000000 0.000000 0.000000
0.091810 0.092275 0.090889 0.088372 0.085168 0.081524 0.077577 0.073407 0.069060 0.064561 0.059923 0.055150 0.050238 0.045177 0.039951 0.034535 0.028894 0.022974 0.016695 0.009924 0.003853 0.001410 0.000516 0.000189 0.000069 0.000025 0.000009 0.000003 0.000001 0.000000 0.000000 0.000000 0.000000 0.000000 0.000000 0.000000 0.000000 0.000000 0.000000 0.000000 0.000000 0.000000 0.000000 0.000000 0.000000 0.000000 0.000000 0.000000 0.000000 0.000000
0.121983 0.113616 0.106066 0.099249 0.093058 0.087344 0.081967 0.076813 0.071793 0.066841 0.061907 0.056949 0.051934 0.046833 0.041614 0.036245 0.030687 0.024888 0.018777 0.012240 0.005413 0.001981 0.000725 0.000265 0.000097 0.000036 0.000013 0.000005 0.000002 0.000001 0.000000 0.000000 0.000000 0.000000 0.000000 0.000000 0.000000 0.000000 0.000000 0.000000 0.000000 0.000000 0.000000 0.000000 0.000000 0.000000 0.000000 0.000000 0.000000 0.000000
0.080603 0.084055 0.085006 0.084321 0.082543 0.080012 0.076942 0.073475 0.069703 0.065687 0.061468 0.057069 0.052502 0.047770 0.042867 0.037781 0.032487 0.026950 0.021115 0.014898 0.008155 0.003018 0.001105 0.000404 0.000148 0.000054 0.000020 0.000007 0.000003 0.000001 0.000000 0.000000 0.000000 0.000000 0.000000 0.000000 0.000000 0.000000 0.000000 0.000000 0.000000 0.000000 0.000000 0.000000 0.000000 0.000000 0.000000 0.000000 0.000000 0.000000
0.115086 0.108475 0.102428 0.096896 0.091807 0.087045 0.082495 0.078064 0.073682 0.069298 0.064873 0.060380 0.055797 0.051102 0.046278 0.041303 0.036153 0.030794 0.025182 0.019252 0.012903 0.006096 0.002231 0.000817 0.000299 0.000109 0.000040 0.000015 0.000005 0.000002 0.000001 0.000000 0.000000 0.000000 0.000000 0.000000 0.000000 0.000000 0.000000 0.000000 0.000000 0.000000 0.000000 0.000000 0.000000 0.000000 0.000000 0.000000 0.000000 0.000000
0.096552 0.098037 0.097442 0.095559 0.092902 0.089754 0.086269 0.082536 0.078609 0.074520 0.070288 0.065924 0.061433 0.056813 0.052061 0.047165 0.042112 0.036881 0.031442 0.025750 0.019742 0.013315 0.006468 0.002368 0.000867 0.000317 0.000116 0.000043 0.000016 0.000006 0.000002 0.000001 0.000000 0.000000 0.000000 0.000000 0.000000 0.000000 0.000000 0.000000 0.000000 0.000000 0.000000 0.000000 0.000000 0.000000 0.000000 0.000000 0.000000 0.000000
0.122414 0.118527 0.114262 0.109855 0.105428 0.101014 0.096605 0.092184 0.087736 0.083248 0.078708 0.074107 0.069438 0.064690 0.059855 0.054919 0.049870 0.044689 0.039353 0.033833 0.028085 0.022050 0.015636 0.008833 0.003338 0.001222 0.000447 0.000164 0.000060 0.000022 0.000008 0.000003 0.000001 0.000000 0.000000 0.000000 0.000000 0.000000 0.000000 0.000000 0.000000 0.000000 0.000000 0.000000 0.000000 0.000000 0.000000 0.000000 0.000000 0.000000
0.129310 0.126512 0.122751 0.118515 0.114074 0.109551 0.104997 0.100430 0.095852 0.091259 0.086643 0.081996 0.077309 0.072570 0.067771 0.062899 0.057942 0.052884 0.047709 0.042394 0.036913 0.031227 0.025285 0.019011 0.012349 0.005596 0.002048 0.000750 0.000274 0.000100 0.000037 0.000013 0.000005 0.000002 0.000001 0.000000 0.000000 0.000000 0.000000 0.000000 0.000000 0.000000 0.000000 0.000000 0.000000 0.000000 0.000000 0.000000 0.000000 0.000000
0.134052 0.130405 0.126338 0.122117 0.117897 0.113716 0.109564 0.105419 0.101257 0.097061 0.092817 0.088515 0.084147 0.079705 0.075184 0.070577 0.065876 0.061075 0.056162 0.051126 0.045949 0.040610 0.035080 0.029319 0.023267 0.016853 0.010130 0.004057 0.001485 0.000544 0.000199 0.000073 0.000027 0.000010 0.000004 0.000001 0.000000 0.000000 0.000000 0.000000 0.000000 0.000000 0.000000 0.000000 0.000000 0.000000 0.000000 0.000000 0.000000 0.000000
0.120259 0.122311 0.122438 0.121324 0.119419 0.116977 0.114140 0.110998 0.107609 0.104015 0.100247 0.096328 0.092274 0.088097 0.083806 0.079407 0.074901 0.070289 0.065568 0.060734 0.055779 0.050691 0.045455 0.040048 0.034440 0.028587 0.022431 0.015920 0.009187 0.003538 0.001295 0.000474 0.000173 0.000064 0.000023 0.000009 0.000003 0.000001 0.000000 0.000000 0.000000 0.000000 0.000000 0.000000 0.000000 0.000000 0.000000 0.000000 0.000000 0.000000
0.153879 0.150523 0.146605 0.142437 0.138189 0.133923 0.129653 0.125378 0.121090 0.116783 0.112449 0.108081 0.103676 0.099228 0.094731 0.090182 0.085576 0.080906 0.076168 0.071354 0.066456 0.061465 0.056369 0.051153 0.045799 0.040281 0.034565 0.028607 0.022351 0.015760 0.008993 0.003435 0.001257 0.000460 0.000168 0.000062 0.000023 0.000008 0.000003 0.000001 0.000000 0.000000 0.000000 0.000000 0.000000 0.000000 0.000000 0.000000 0.000000 0.000000
0.175431 0.170059 0.164336 0.158608 0.153059 0.147734 0.142614 0.137662 0.132838 0.128108 0.123444 0.118822 0.114223 0.109630 0.105032 0.100416 0.095773 0.091094 0.086371 0.081596 0.076760 0.071856 0.066874 0.061803 0.056631 0.051341 0.045914 0.040324 0.034536 0.028504 0.022175 0.015515 0.008684 0.003274 0.001199 0.000439 0.000161 0.000059 0.000022 0.000008 0.000003 0.000001 0.000000 0.000000 0.000000 0.000000 0.000000 0.000000 0.000000 0.000000
0.159483 0.158752 0.156877 0.154319 0.151348 0.148102 0.144655 0.141049 0.137311 0.133461 0.129512 0.125473 0.121354 0.117159 0.112892 0.108556 0.104152 0.099682 0.095145 0.090540 0.085865 0.081117 0.076292 0.071384 0.066387 0.061291 0.056085 0.050754 0.045279 0.039634 0.033783 0.027680 0.021268 0.014517 0.007586 0.002787 0.001020 0.000373 0.000137 0.000050 0.000018 0.000007 0.000002 0.000001 0.000000 0.000000 0.000000 0.000000 0.000000 0.000000
0.161207 0.161287 0.160165 0.158296 0.155948 0.153259 0.150302 0.147121 0.143749 0.140210 0.136525 0.132711 0.128781 0.124747 0.120618 0.116402 0.112104 0.107729 0.103279 0.098758 0.094164 0.089499 0.084761 0.079947 0.075053 0.070075 0.065005 0.059833 0.054548 0.049135 0.043572 0.037831 0.031873 0.025647 0.019088 0.012179 0.005347 0.001957 0.000716 0.000262 0.000096 0.000035 0.000013 0.000005 0.000002 0.000001 0.000000 0.000000 0.000000 0.000000
0.187500 0.184572 0.180829 0.176696 0.172415 0.168090 0.163758 0.159430 0.155105 0.150777 0.146439 0.142088 0.137716 0.133319 0.128893 0.124435 0.119942 0.115410 0.110837 0.106220 0.101557 0.096845 0.092079 0.087258 0.082375 0.077427 0.072407 0.067307 0.062119 0.056830 0.051427 0.045890 0.040196 0.034310 0.028187 0.021760 0.014949 0.007804 0.002865 0.001049 0.000384 0.000141 0.000051 0.000019 0.000007 0.000003 0.000001 0.000000 0.000000 0.000000
0.205603 0.199981 0.194110 0.188272 0.182648 0.177275 0.172127 0.167156 0.162320 0.157581 0.152912 0.148288 0.143693 0.139113 0.134536 0.129955 0.125361 0.120749 0.116114 0.111451 0.106757 0.102025 0.097254 0.092439 0.087575 0.082657 0.077680 0.072638 0.067522 0.062324 0.057032 0.051633 0.046109 0.040436 0.034583 0.028506 0.022140 0.015395 0.008215 0.003027 0.001108 0.000406 0.000148 0.000054 0.000020 0.000007 0.000003 0.000001 0.000000 0.000000
0.178448 0.179310 0.178515 0.176668 0.174142 0.171155 0.167840 0.164282 0.160540 0.156655 0.152656 0.148563 0.144393 0.140156 0.135859 0.131510 0.127111 0.122664 0.118172 0.113635 0.109053 0.104425 0.099751 0.095027 0.090252 0.085423 0.080535 0.075584 0.070565 0.065470 0.060290 0.055015 0.049631 0.044120 0.038459 0.032616 0.026545 0.020180 0.013416 0.006258 0.002291 0.000838 0.000307 0.000112 0.000041 0.000015 0.000006 0.000002 0.000001 0.000000
0.187931 0.185094 0.181723 0.178120 0.174436 0.170717 0.166969 0.163185 0.159359 0.155483 0.151555 0.147572 0.143533 0.139439 0.135290 0.131088 0.126833 0.122526 0.118167 0.113758 0.109299 0.104788 0.100225 0.095610 0.090940 0.086213 0.081426 0.076576 0.071658 0.066666 0.061593 0.056431 0.051167 0.045788 0.040275 0.034603 0.028737 0.022626 0.016194 0.009311 0.003534 0.001293 0.000473 0.000173 0.000063 0.000023 0.000008 0.000003 0.000001 0.000000
0.190086 0.186624 0.182698 0.178612 0.174527 0.170488 0.166492 0.162521 0.158558 0.154588 0.150598 0.146582 0.142532 0.138444 0.134316 0.130146 0.125932 0.121673 0.117369 0.113018 0.108619 0.104172 0.099676 0.095128 0.090527 0.085870 0.081155 0.076378 0.071534 0.066619 0.061626 0.056547 0.051373 0.046090 0.040683 0.035132 0.029408 0.023472 0.017267 0.010698 0.004376 0.001602 0.000586 0.000215 0.000079 0.000029 0.000011 0.000004 0.000001 0.000001
0.175431 0.176258 0.175319 0.173295 0.170627 0.167556 0.164216 0.160684 0.157011 0.153228 0.149358 0.145416 0.141413 0.137355 0.133247 0.129093 0.124894 0.120650 0.116363 0.112032 0.107657 0.103236 0.098767 0.094250 0.089683 0.085061 0.080384 0.075646 0.070845 0.065973 0.061026 0.055996 0.050874 0.045649 0.040307 0.034830 0.029196 0.023375 0.017325 0.010988 0.004695 0.001719 0.000629 0.000230 0.000084 0.000031 0.000011 0.000004 0.000002 0.000001
0.193103 0.188518 0.183724 0.178961 0.174337 0.169868 0.165528 0.161284 0.157105 0.152967 0.148848 0.144735 0.140616 0.136481 0.132325 0.128142 0.123928 0.119680 0.115395 0.111071 0.106705 0.102296 0.097842 0.093339 0.088787 0.084182 0.079520 0.074799 0.070014 0.065160 0.060231 0.055220 0.050118 0.044915 0.039599 0.034153 0.028559 0.022794 0.016833 0.010653 0.004585 0.001678 0.000614 0.000225 0.000082 0.000030 0.000011 0.000004 0.000001 0.000001
0.182328 0.179912 0.176761 0.173255 0.169621 0.165946 0.162247 0.158522 0.154764 0.150964 0.147120 0.143227 0.139284 0.135291 0.131248 0.127154 0.123010 0.118816 0.114573 0.110281 0.105939 0.101546 0.097103 0.092607 0.088058 0.083452 0.078788 0.074062 0.069270 0.064408 0.059469 0.054448 0.049334 0.044119 0.038790 0.033332 0.027728 0.021957 0.016004 0.009868 0.004097 0.001500 0.000549 0.000201 0.000074 0.000027 0.000010 0.000004 0.000001 0.000000
0.164655 0.167136 0.167621 0.166802 0.165113 0.162821 0.160095 0.157046 0.153753 0.150269 0.146635 0.142877 0.139017 0.135068 0.131043 0.126949 0.122792 0.118577 0.114305 0.109980 0.105602 0.101173 0.096691 0.092156 0.087566 0.082921 0.078216 0.073450 0.068618 0.063714 0.058734 0.053670 0.048512 0.043250 0.037871 0.032359 0.026695 0.020856 0.014821 0.008586 0.003314 0.001213 0.000444 0.000162 0.000059 0.000022 0.000008 0.000003 0.000001 0.000000
0.203017 0.195747 0.188982 0.182772 0.177094 0.171854 0.166943 0.162266 0.157749 0.153336 0.148989 0.144676 0.140379 0.136081 0.131773 0.127445 0.123093 0.118711 0.114297 0.109846 0.105358 0.100829 0.096257 0.091639 0.086973 0.082256 0.077483 0.072651 0.067755 0.062789 0.057746 0.052617 0.047393 0.042062 0.036607 0.031009 0.025246 0.019286 0.013093 0.006635 0.002429 0.000889 0.000325 0.000119 0.000044 0.000016 0.000006 0.000002 0.000001 0.000000
0.179310 0.179029 0.177258 0.174595 0.171397 0.167864 0.164111 0.160207 0.156196 0.152106 0.147954 0.143751 0.139505 0.135220 0.130899 0.126542 0.122150 0.117722 0.113259 0.108758 0.104219 0.099639 0.095016 0.090349 0.085633 0.080866 0.076044 0.071162 0.066215 0.061195 0.056096 0.050907 0.045618 0.040213 0.034674 0.028977 0.023091 0.016973 0.010560 0.004385 0.001605 0.000587 0.000215 0.000079 0.000029 0.000011 0.000004 0.000001 0.000001 0.000000
0.181897 0.179404 0.176201 0.172637 0.168906 0.165087 0.161206 0.157268 0.153278 0.149236 0.145146 0.141007 0.136824 0.132595 0.128324 0.124011 0.119655 0.115258 0.110819 0.106337 0.101811 0.097240 0.092621 0.087953 0.083232 0.078456 0.073620 0.068719 0.063748 0.058698 0.053562 0.048328 0.042983 0.037510 0.031887 0.026083 0.020056 0.013744 0.007071 0.002590 0.000948 0.000347 0.000127 0.000046 0.000017 0.000006 0.000002 0.000001 0.000000 0.000000
0.179741 0.177027 0.173544 0.169697 0.165714 0.161689 0.157652 0.153607 0.149552 0.145480 0.141386 0.137266 0.133113 0.128926 0.124702 0.120438 0.116131 0.111782 0.107387 0.102946 0.098456 0.093916 0.089324 0.084676 0.079970 0.075202 0.070368 0.065463 0.060479 0.055409 0.050242 0.044968 0.039568 0.034024 0.028306 0.022376 0.016177 0.009621 0.003774 0.001381 0.000506 0.000185 0.000068 0.000025 0.000009 0.000003 0.000001 0.000000 0.000000 0.000000
0.171552 0.169561 0.166665 0.163305 0.159737 0.156070 0.152342 0.148564 0.144739 0.140864 0.136938 0.132960 0.128929 0.124844 0.120706 0.116514 0.112268 0.107969 0.103615 0.099206 0.094742 0.090221 0.085641 0.081000 0.076295 0.071522 0.066676 0.061752 0.056743 0.051638 0.046428 0.041097 0.035625 0.029988 0.024150 0.018060 0.011636 0.005114 0.001872 0.000685 0.000251 0.000092 0.000034 0.000012 0.000005 0.000002 0.000001 0.000000 0.000000 0.000000
0.164224 0.162808 0.160570 0.157844 0.154825 0.151604 0.148221 0.144699 0.141056 0.137304 0.133456 0.129521 0.125508 0.121423 0.117272 0.113059 0.108786 0.104455 0.100069 0.095627 0.091128 0.086572 0.081956 0.077278 0.072535 0.067723 0.062834 0.057864 0.052802 0.047639 0.042360 0.036948 0.031380 0.025622 0.019630 0.013332 0.006661 0.002438 0.000892 0.000327 0.000120 0.000044 0.000016 0.000006 0.000002 0.000001 0.000000 0.000000 0.000000 0.000000
0.164224 0.164105 0.162235 0.159360 0.155918 0.152150 0.148190 0.144111 0.139959 0.135757 0.131519 0.127251 0.122957 0.118636 0.114288 0.109909 0.105498 0.101052 0.096567 0.092041 0.087469 0.082849 0.078176 0.073445 0.068651 0.063788 0.058849 0.053824 0.048704 0.043475 0.038121 0.032619 0.026941 0.021045 0.014871 0.008333 0.003129 0.001145 0.000419 0.000153 0.000056 0.000021 0.000008 0.000003 0.000001 0.000000 0.000000 0.000000 0.000000 0.000000
0.193103 0.181952 0.172609 0.164689 0.157861 0.151837 0.146383 0.141328 0.136545 0.131945 0.127463 0.123053 0.118683 0.114330 0.109975 0.105607 0.101215 0.096792 0.092332 0.087829 0.083279 0.078675 0.074015 0.069292 0.064500 0.059633 0.054682 0.049637 0.044487 0.039216 0.033805 0.028227 0.022447 0.016413 0.010042 0.004065 0.001488 0.000545 0.000199 0.000073 0.000027 0.000010 0.000004 0.000001 0.000000 0.000000 0.000000 0.000000 0.000000 0.000000
0.117672 0.126187 0.130869 0.132985 0.133366 0.132546 0.130875 0.128590 0.125854 0.122779 0.119446 0.115911 0.112215 0.108386 0.104444 0.100404 0.096276 0.092066 0.087781 0.083421 0.078987 0.074480 0.069898 0.065237 0.060494 0.055662 0.050733 0.045698 0.040544 0.035253 0.029805 0.024167 0.018298 0.012130 0.005665 0.002074 0.000759 0.000278 0.000102 0.000037 0.000014 0.000005 0.000002 0.000001 0.000000 0.000000 0.000000 0.000000 0.000000 0.000000
0.169397 0.161431 0.154469 0.148363 0.142974 0.138128 0.133661 0.129441 0.125373 0.121386 0.117434 0.113484 0.109513 0.105508 0.101457 0.097354 0.093195 0.088975 0.084692 0.080343 0.075926 0.071436 0.066871 0.062226 0.057495 0.052671 0.047745 0.042706 0.037539 0.032226 0.026742 0.021050 0.015101 0.008814 0.003389 0.001240 0.000454 0.000166 0.000061 0.000022 0.000008 0.000003 0.000001 0.000000 0.000000 0.000000 0.000000 0.000000 0.000000 0.000000
0.146983 0.146133 0.144127 0.141442 0.138343 0.134981 0.131443 0.127780 0.124024 0.120195 0.116303 0.112357 0.108358 0.104309 0.100210 0.096058 0.091854 0.087594 0.083277 0.078900 0.074458 0.069949 0.065367 0.060708 0.055964 0.051128 0.046189 0.041136 0.035952 0.030618 0.025105 0.019377 0.013377 0.007013 0.002573 0.000942 0.000345 0.000126 0.000046 0.000017 0.000006 0.000002 0.000001 0.000000 0.000000 0.000000 0.000000 0.000000 0.000000 0.000000
