0.092710 0.093036 0.093068 0.092727 0.092083 0.091256 0.090327 0.089336 0.088300 0.087232 0.086138 0.085024 0.083899 0.082768 0.081642 0.080530 0.079446 0.078408 0.077444 0.076597 0.075915 0.075332 0.074783 0.074238 0.073687 0.073127 0.072557 0.071977 0.071389 0.070792 0.070189 0.069579 0.068964 0.068343 0.067718 0.067088 0.066454 0.065817 0.065177 0.064534 0.063889 0.063242 0.062592 0.061940 0.061287 0.060633 0.059977 0.059320 0.058662 0.058004
0.095660 0.095931 0.095807 0.095227 0.094282 0.093122 0.091854 0.090535 0.089194 0.087844 0.086494 0.085150 0.083818 0.082504 0.081215 0.079958 0.078745 0.077592 0.076521 0.075572 0.074800 0.074155 0.073561 0.072983 0.072405 0.071825 0.071239 0.070647 0.070050 0.069448 0.068841 0.068230 0.067615 0.066996 0.066374 0.065749 0.065120 0.064489 0.063856 0.063220 0.062582 0.061942 0.061300 0.060656 0.060011 0.059365 0.058717 0.058069 0.057419 0.056768
0.101981 0.100415 0.098892 0.097235 0.095438 0.093589 0.091760 0.089980 0.088259 0.086595 0.084984 0.083423 0.081909 0.080442 0.079024 0.077657 0.076350 0.075113 0.073966 0.072940 0.072092 0.071404 0.070791 0.070204 0.069627 0.069049 0.068470 0.067888 0.067302 0.066713 0.066121 0.065525 0.064926 0.064324 0.063718 0.063110 0.062500 0.061886 0.061270 0.060652 0.060031 0.059409 0.058784 0.058157 0.057529 0.056899 0.056267 0.055634 0.054999 0.054364
0.091445 0.090949 0.090397 0.089611 0.088519 0.087201 0.085778 0.084327 0.082882 0.081456 0.080053 0.078674 0.077320 0.075995 0.074700 0.073443 0.072229 0.071072 0.069989 0.069009 0.068185 0.067537 0.066978 0.066450 0.065930 0.065408 0.064881 0.064347 0.063807 0.063262 0.062710 0.062153 0.061590 0.061023 0.060451 0.059875 0.059294 0.058710 0.058122 0.057530 0.056935 0.056337 0.055736 0.055132 0.054526 0.053917 0.053306 0.052692 0.052077 0.051459
0.076275 0.077485 0.078394 0.078905 0.078934 0.078552 0.077901 0.077096 0.076198 0.075239 0.074236 0.073202 0.072147 0.071080 0.070009 0.068944 0.067897 0.066881 0.065915 0.065028 0.064266 0.063676 0.063186 0.062731 0.062280 0.061823 0.061355 0.060876 0.060387 0.059888 0.059380 0.058863 0.058338 0.057806 0.057267 0.056721 0.056170 0.055613 0.055050 0.054483 0.053911 0.053335 0.052754 0.052170 0.051583 0.050992 0.050398 0.049801 0.049201 0.048599
0.074589 0.075119 0.075637 0.075985 0.075973 0.075589 0.074941 0.074143 0.073257 0.072317 0.071337 0.070329 0.069299 0.068256 0.067207 0.066161 0.065129 0.064123 0.063161 0.062265 0.061476 0.060853 0.060357 0.059908 0.059470 0.059027 0.058574 0.058110 0.057635 0.057150 0.056654 0.056149 0.055636 0.055115 0.054586 0.054050 0.053508 0.052960 0.052406 0.051847 0.051283 0.050714 0.050141 0.049564 0.048983 0.048399 0.047811 0.047220 0.046626 0.046030
0.077118 0.078073 0.078581 0.078707 0.078380 0.077631 0.076596 0.075415 0.074171 0.072903 0.071630 0.070360 0.069100 0.067853 0.066623 0.065416 0.064238 0.063098 0.062009 0.060989 0.060069 0.059304 0.058706 0.058189 0.057699 0.057213 0.056723 0.056226 0.055721 0.055208 0.054688 0.054160 0.053626 0.053085 0.052539 0.051987 0.051430 0.050868 0.050301 0.049730 0.049155 0.048576 0.047994 0.047408 0.046820 0.046228 0.045633 0.045036 0.044437 0.043835
0.091867 0.088483 0.086028 0.084156 0.082499 0.080825 0.079103 0.077389 0.075726 0.074121 0.072572 0.071070 0.069609 0.068184 0.066793 0.065438 0.064120 0.062847 0.061627 0.060475 0.059415 0.058490 0.057751 0.057137 0.056574 0.056026 0.055482 0.054934 0.054382 0.053825 0.053264 0.052698 0.052127 0.051553 0.050975 0.050393 0.049808 0.049220 0.048629 0.048035 0.047439 0.046840 0.046238 0.045635 0.045030 0.044422 0.043813 0.043202 0.042590 0.041976
0.067425 0.071272 0.073895 0.075612 0.076541 0.076712 0.076273 0.075434 0.074361 0.073154 0.071866 0.070531 0.069169 0.067794 0.066419 0.065054 0.063707 0.062390 0.061113 0.059893 0.058749 0.057718 0.056856 0.056159 0.055538 0.054945 0.054360 0.053776 0.053189 0.052599 0.052006 0.051410 0.050811 0.050209 0.049605 0.048999 0.048391 0.047781 0.047169 0.046555 0.045940 0.045323 0.044705 0.044085 0.043465 0.042843 0.042221 0.041597 0.040973 0.040347
0.088074 0.085486 0.083608 0.082173 0.080902 0.079538 0.078023 0.076424 0.074812 0.073220 0.071656 0.070121 0.068612 0.067129 0.065671 0.064240 0.062840 0.061475 0.060153 0.058887 0.057692 0.056595 0.055644 0.054880 0.054225 0.053613 0.053016 0.052421 0.051826 0.051228 0.050627 0.050023 0.049417 0.048808 0.048197 0.047584 0.046969 0.046353 0.045734 0.045115 0.044493 0.043871 0.043247 0.042622 0.041996 0.041369 0.040742 0.040113 0.039484 0.038853
0.078803 0.078712 0.078476 0.078124 0.077581 0.076709 0.075525 0.074149 0.072690 0.071209 0.069729 0.068262 0.066809 0.065374 0.063959 0.062565 0.061197 0.059860 0.058560 0.057308 0.056117 0.055011 0.054026 0.053219 0.052558 0.051958 0.051380 0.050807 0.050232 0.049653 0.049071 0.048485 0.047895 0.047301 0.046704 0.046104 0.045501 0.044895 0.044287 0.043676 0.043063 0.042448 0.041832 0.041213 0.040592 0.039970 0.039347 0.038722 0.038096 0.037469
0.069532 0.070597 0.071381 0.071909 0.072123 0.071897 0.071257 0.070332 0.069248 0.068078 0.066857 0.065607 0.064338 0.063059 0.061776 0.060495 0.059224 0.057969 0.056738 0.055541 0.054392 0.053309 0.052325 0.051490 0.050828 0.050254 0.049711 0.049176 0.048638 0.048094 0.047545 0.046989 0.046428 0.045860 0.045288 0.044710 0.044128 0.043542 0.042951 0.042357 0.041759 0.041158 0.040554 0.039946 0.039336 0.038724 0.038109 0.037491 0.036872 0.036250
0.072061 0.071730 0.071551 0.071432 0.071249 0.070796 0.070018 0.069002 0.067860 0.066662 0.065437 0.064199 0.062953 0.061703 0.060453 0.059207 0.057969 0.056744 0.055539 0.054363 0.053227 0.052147 0.051147 0.050268 0.049565 0.048991 0.048467 0.047956 0.047445 0.046927 0.046401 0.045868 0.045327 0.044778 0.044223 0.043661 0.043093 0.042520 0.041941 0.041356 0.040768 0.040174 0.039577 0.038976 0.038371 0.037762 0.037150 0.036535 0.035918 0.035297
0.070375 0.071012 0.071403 0.071598 0.071573 0.071187 0.070422 0.069384 0.068203 0.066955 0.065680 0.064392 0.063101 0.061810 0.060524 0.059244 0.057976 0.056723 0.055490 0.054284 0.053115 0.051996 0.050946 0.049994 0.049197 0.048567 0.048019 0.047497 0.046980 0.046458 0.045928 0.045390 0.044844 0.044291 0.043730 0.043162 0.042587 0.042007 0.041420 0.040829 0.040232 0.039630 0.039024 0.038414 0.037799 0.037181 0.036560 0.035935 0.035307 0.034676
0.076696 0.075877 0.075258 0.074754 0.074250 0.073540 0.072544 0.071330 0.070010 0.068651 0.067284 0.065920 0.064561 0.063208 0.061863 0.060528 0.059203 0.057893 0.056602 0.055336 0.054102 0.052912 0.051780 0.050730 0.049804 0.049054 0.048429 0.047854 0.047292 0.046730 0.046163 0.045589 0.045008 0.044420 0.043826 0.043225 0.042619 0.042008 0.041391 0.040770 0.040144 0.039515 0.038881 0.038244 0.037603 0.036960 0.036313 0.035663 0.035011 0.034357
0.074168 0.074690 0.075077 0.075323 0.075377 0.075082 0.074387 0.073386 0.072208 0.070938 0.069617 0.068266 0.066895 0.065512 0.064120 0.062726 0.061334 0.059949 0.058576 0.057222 0.055894 0.054602 0.053359 0.052183 0.051103 0.050169 0.049408 0.048737 0.048099 0.047469 0.046839 0.046205 0.045567 0.044924 0.044277 0.043625 0.042969 0.042310 0.041647 0.040982 0.040313 0.039642 0.038968 0.038291 0.037613 0.036932 0.036250 0.035566 0.034880 0.034193
0.077960 0.078893 0.079477 0.079780 0.079801 0.079415 0.078589 0.077431 0.076083 0.074638 0.073143 0.071621 0.070084 0.068540 0.066994 0.065451 0.063914 0.062389 0.060880 0.059392 0.057931 0.056504 0.055120 0.053794 0.052545 0.051404 0.050424 0.049609 0.048871 0.048163 0.047465 0.046768 0.046069 0.045369 0.044667 0.043963 0.043257 0.042549 0.041839 0.041128 0.040416 0.039702 0.038988 0.038272 0.037555 0.036838 0.036119 0.035401 0.034681 0.033961
0.093974 0.091737 0.089930 0.088409 0.087019 0.085530 0.083840 0.082004 0.080115 0.078232 0.076375 0.074551 0.072757 0.070992 0.069253 0.067539 0.065850 0.064186 0.062548 0.060938 0.059359 0.057816 0.056313 0.054861 0.053470 0.052160 0.050961 0.049923 0.049055 0.048271 0.047519 0.046779 0.046042 0.045305 0.044568 0.043830 0.043091 0.042352 0.041611 0.040870 0.040128 0.039386 0.038643 0.037900 0.037157 0.036413 0.035670 0.034926 0.034182 0.033439
0.085967 0.086105 0.085954 0.085595 0.085040 0.084173 0.082938 0.081423 0.079760 0.078037 0.076297 0.074558 0.072828 0.071110 0.069406 0.067717 0.066043 0.064387 0.062749 0.061131 0.059537 0.057969 0.056431 0.054931 0.053475 0.052075 0.050747 0.049519 0.048433 0.047524 0.046723 0.045963 0.045218 0.044476 0.043735 0.042992 0.042248 0.041502 0.040755 0.040006 0.039257 0.038507 0.037756 0.037004 0.036252 0.035499 0.034746 0.033993 0.033239 0.032485
0.082596 0.082004 0.081568 0.081212 0.080859 0.080354 0.079529 0.078390 0.077050 0.075612 0.074129 0.072622 0.071102 0.069570 0.068031 0.066485 0.064936 0.063386 0.061837 0.060293 0.058756 0.057230 0.055720 0.054229 0.052765 0.051335 0.049949 0.048621 0.047371 0.046233 0.045249 0.044424 0.043668 0.042934 0.042207 0.041480 0.040751 0.040019 0.039285 0.038548 0.037809 0.037068 0.036325 0.035581 0.034835 0.034088 0.033340 0.032591 0.031842 0.031091
0.073746 0.074697 0.075497 0.076130 0.076575 0.076737 0.076468 0.075783 0.074806 0.073658 0.072408 0.071091 0.069726 0.068322 0.066890 0.065433 0.063958 0.062469 0.060970 0.059466 0.057959 0.056454 0.054954 0.053464 0.051988 0.050531 0.049100 0.047702 0.046348 0.045054 0.043840 0.042738 0.041783 0.040982 0.040251 0.039535 0.038823 0.038111 0.037396 0.036679 0.035958 0.035234 0.034508 0.033779 0.033048 0.032315 0.031580 0.030844 0.030106 0.029366
0.075853 0.077387 0.078337 0.078869 0.079080 0.078969 0.078425 0.077462 0.076213 0.074810 0.073332 0.071818 0.070285 0.068740 0.067189 0.065633 0.064075 0.062516 0.060958 0.059401 0.057848 0.056300 0.054759 0.053226 0.051705 0.050197 0.048707 0.047239 0.045797 0.044389 0.043024 0.041716 0.040484 0.039353 0.038349 0.037501 0.036765 0.036061 0.035359 0.034656 0.033953 0.033246 0.032537 0.031824 0.031109 0.030391 0.029671 0.028948 0.028223 0.027497
0.098188 0.093811 0.090483 0.087910 0.085869 0.084139 0.082441 0.080643 0.078774 0.076906 0.075079 0.073301 0.071567 0.069868 0.068196 0.066545 0.064910 0.063287 0.061674 0.060068 0.058470 0.056878 0.055293 0.053716 0.052147 0.050589 0.049041 0.047508 0.045991 0.044495 0.043024 0.041583 0.040181 0.038829 0.037540 0.036336 0.035240 0.034273 0.033458 0.032739 0.032043 0.031345 0.030645 0.029943 0.029239 0.028533 0.027823 0.027111 0.026396 0.025679
0.072903 0.075019 0.076558 0.077652 0.078389 0.078804 0.078801 0.078315 0.077430 0.076294 0.075013 0.073646 0.072221 0.070754 0.069256 0.067731 0.066186 0.064625 0.063050 0.061464 0.059871 0.058272 0.056669 0.055064 0.053460 0.051858 0.050260 0.048668 0.047085 0.045513 0.043955 0.042414 0.040894 0.039401 0.037941 0.036522 0.035155 0.033857 0.032645 0.031541 0.030566 0.029742 0.029016 0.028313 0.027610 0.026904 0.026198 0.025489 0.024778 0.024065
0.074168 0.076542 0.078332 0.079655 0.080592 0.081193 0.081417 0.081144 0.080401 0.079330 0.078065 0.076685 0.075233 0.073729 0.072186 0.070612 0.069013 0.067394 0.065759 0.064111 0.062453 0.060787 0.059116 0.057441 0.055765 0.054088 0.052414 0.050743 0.049078 0.047420 0.045771 0.044133 0.042509 0.040902 0.039315 0.037751 0.036217 0.034719 0.033265 0.031866 0.030537 0.029297 0.028167 0.027166 0.026318 0.025574 0.024857 0.024141 0.023425 0.022709
0.104509 0.101047 0.098306 0.096106 0.094301 0.092769 0.091361 0.089843 0.088119 0.086246 0.084319 0.082395 0.080492 0.078613 0.076755 0.074912 0.073082 0.071261 0.069447 0.067639 0.065836 0.064037 0.062243 0.060452 0.058667 0.056886 0.055111 0.053343 0.051582 0.049828 0.048085 0.046352 0.044630 0.042922 0.041230 0.039555 0.037901 0.036269 0.034665 0.033093 0.031561 0.030075 0.028648 0.027293 0.026030 0.024882 0.023868 0.023012 0.022256 0.021526
0.099031 0.098141 0.097301 0.096489 0.095683 0.094859 0.093955 0.092800 0.091324 0.089605 0.087758 0.085858 0.083940 0.082019 0.080099 0.078184 0.076273 0.074367 0.072466 0.070572 0.068682 0.066799 0.064922 0.063051 0.061186 0.059329 0.057479 0.055638 0.053804 0.051980 0.050165 0.048360 0.046567 0.044786 0.043018 0.041265 0.039528 0.037809 0.036110 0.034434 0.032783 0.031162 0.029577 0.028033 0.026540 0.025109 0.023756 0.022501 0.021370 0.020386
0.086810 0.089403 0.091137 0.092233 0.092849 0.093093 0.093019 0.092561 0.091628 0.090290 0.088694 0.086960 0.085155 0.083310 0.081442 0.079560 0.077669 0.075774 0.073876 0.071978 0.070081 0.068187 0.066296 0.064409 0.062527 0.060651 0.058780 0.056916 0.055059 0.053210 0.051369 0.049536 0.047713 0.045899 0.044097 0.042307 0.040529 0.038765 0.037017 0.035286 0.033574 0.031884 0.030217 0.028579 0.026972 0.025404 0.023881 0.022414 0.021016 0.019706
0.107459 0.104009 0.101373 0.099310 0.097646 0.096254 0.095024 0.093801 0.092373 0.090696 0.088859 0.086957 0.085043 0.083137 0.081241 0.079356 0.077480 0.075611 0.073746 0.071886 0.070029 0.068175 0.066323 0.064473 0.062626 0.060782 0.058940 0.057102 0.055267 0.053437 0.051611 0.049791 0.047976 0.046169 0.044368 0.042576 0.040794 0.039021 0.037260 0.035511 0.033776 0.032057 0.030356 0.028675 0.027016 0.025384 0.023783 0.022217 0.020695 0.019225
0.091445 0.091711 0.091681 0.091478 0.091169 0.090789 0.090338 0.089751 0.088856 0.087619 0.086140 0.084536 0.082875 0.081189 0.079488 0.077777 0.076056 0.074325 0.072586 0.070839 0.069084 0.067321 0.065552 0.063777 0.061998 0.060214 0.058426 0.056637 0.054845 0.053054 0.051262 0.049471 0.047682 0.045896 0.044113 0.042336 0.040563 0.038798 0.037040 0.035291 0.033552 0.031825 0.030112 0.028413 0.026732 0.025070 0.023431 0.021818 0.020237 0.018691
0.082596 0.083056 0.083692 0.084350 0.084944 0.085422 0.085745 0.085832 0.085514 0.084769 0.083705 0.082449 0.081076 0.079627 0.078122 0.076571 0.074983 0.073363 0.071715 0.070045 0.068354 0.066647 0.064925 0.063190 0.061445 0.059691 0.057930 0.056163 0.054391 0.052616 0.050838 0.049060 0.047281 0.045503 0.043727 0.041954 0.040185 0.038420 0.036661 0.034909 0.033166 0.031431 0.029708 0.027997 0.026300 0.024620 0.022958 0.021317 0.019701 0.018114
0.079225 0.082911 0.085338 0.086893 0.087839 0.088347 0.088522 0.088376 0.087795 0.086778 0.085450 0.083945 0.082348 0.080699 0.079017 0.077312 0.075590 0.073853 0.072105 0.070346 0.068579 0.066805 0.065024 0.063238 0.061448 0.059654 0.057857 0.056058 0.054258 0.052457 0.050657 0.048857 0.047058 0.045262 0.043468 0.041678 0.039893 0.038112 0.036338 0.034571 0.032812 0.031061 0.029322 0.027594 0.025879 0.024178 0.022495 0.020831 0.019189 0.017572
0.122630 0.114975 0.109254 0.104917 0.101567 0.098920 0.096760 0.094882 0.093012 0.091016 0.088926 0.086818 0.084739 0.082702 0.080705 0.078740 0.076802 0.074884 0.072982 0.071092 0.069212 0.067339 0.065471 0.063609 0.061750 0.059895 0.058043 0.056194 0.054348 0.052506 0.050666 0.048831 0.046999 0.045172 0.043349 0.041532 0.039720 0.037915 0.036117 0.034327 0.032546 0.030774 0.029013 0.027264 0.025528 0.023808 0.022103 0.020417 0.018753 0.017112
0.081753 0.085470 0.087900 0.089431 0.090324 0.090760 0.090852 0.090645 0.090043 0.088982 0.087559 0.085921 0.084176 0.082376 0.080549 0.078705 0.076850 0.074987 0.073120 0.071250 0.069377 0.067502 0.065627 0.063752 0.061877 0.060004 0.058131 0.056260 0.054392 0.052527 0.050664 0.048805 0.046951 0.045100 0.043256 0.041416 0.039583 0.037757 0.035939 0.034129 0.032328 0.030537 0.028758 0.026991 0.025237 0.023499 0.021777 0.020075 0.018394 0.016737
0.088496 0.088779 0.089114 0.089415 0.089633 0.089740 0.089713 0.089505 0.088956 0.087987 0.086681 0.085170 0.083547 0.081859 0.080128 0.078365 0.076579 0.074772 0.072950 0.071114 0.069268 0.067413 0.065551 0.063684 0.061814 0.059941 0.058066 0.056191 0.054316 0.052442 0.050570 0.048700 0.046834 0.044972 0.043114 0.041262 0.039416 0.037577 0.035746 0.033923 0.032109 0.030306 0.028515 0.026736 0.024972 0.023223 0.021493 0.019782 0.018093 0.016431
0.100716 0.098916 0.097429 0.096173 0.095083 0.094103 0.093178 0.092215 0.091023 0.089540 0.087849 0.086052 0.084213 0.082359 0.080497 0.078633 0.076765 0.074895 0.073022 0.071146 0.069267 0.067385 0.065501 0.063616 0.061730 0.059843 0.057955 0.056068 0.054183 0.052299 0.050417 0.048538 0.046663 0.044791 0.042925 0.041065 0.039210 0.037363 0.035524 0.033694 0.031874 0.030065 0.028269 0.026486 0.024718 0.022968 0.021237 0.019528 0.017844 0.016189
0.096924 0.096849 0.096463 0.095891 0.095208 0.094454 0.093642 0.092729 0.091551 0.090048 0.088306 0.086444 0.084536 0.082616 0.080696 0.078778 0.076865 0.074954 0.073045 0.071138 0.069232 0.067326 0.065421 0.063517 0.061614 0.059712 0.057811 0.055911 0.054014 0.052119 0.050227 0.048339 0.046455 0.044577 0.042703 0.040836 0.038977 0.037125 0.035283 0.033450 0.031629 0.029820 0.028025 0.026246 0.024485 0.022743 0.021024 0.019332 0.017669 0.016041
0.098188 0.096226 0.094872 0.093894 0.093135 0.092491 0.091881 0.091217 0.090304 0.089040 0.087491 0.085780 0.083993 0.082169 0.080324 0.078466 0.076597 0.074719 0.072834 0.070942 0.069046 0.067145 0.065241 0.063335 0.061427 0.059519 0.057611 0.055705 0.053800 0.051898 0.049999 0.048104 0.046215 0.044331 0.042453 0.040583 0.038722 0.036870 0.035029 0.033201 0.031385 0.029585 0.027802 0.026038 0.024296 0.022579 0.020892 0.019238 0.017625 0.016061
0.080067 0.083927 0.086549 0.088283 0.089371 0.089979 0.090212 0.090090 0.089504 0.088449 0.087055 0.085460 0.083755 0.081986 0.080174 0.078332 0.076469 0.074589 0.072696 0.070794 0.068885 0.066970 0.065052 0.063131 0.061209 0.059288 0.057368 0.055450 0.053535 0.051624 0.049718 0.047818 0.045924 0.044039 0.042161 0.040294 0.038438 0.036594 0.034764 0.032949 0.031152 0.029375 0.027622 0.025894 0.024197 0.022537 0.020919 0.019353 0.017852 0.016430
0.111673 0.107223 0.103821 0.101159 0.099018 0.097237 0.095686 0.094206 0.092571 0.090721 0.088731 0.086688 0.084640 0.082605 0.080585 0.078579 0.076585 0.074600 0.072623 0.070652 0.068686 0.066726 0.064770 0.062819 0.060872 0.058931 0.056996 0.055067 0.053144 0.051228 0.049321 0.047422 0.045533 0.043656 0.041790 0.039938 0.038102 0.036283 0.034483 0.032705 0.030953 0.029230 0.027543 0.025897 0.024300 0.022764 0.021301 0.019931 0.018673 0.017549
0.096924 0.096734 0.096283 0.095674 0.094968 0.094195 0.093358 0.092395 0.091134 0.089538 0.087710 0.085770 0.083788 0.081797 0.079806 0.077820 0.075840 0.073865 0.071896 0.069931 0.067972 0.066017 0.064068 0.062125 0.060187 0.058256 0.056333 0.054417 0.052510 0.050613 0.048727 0.046852 0.044991 0.043146 0.041317 0.039508 0.037722 0.035961 0.034230 0.032535 0.030881 0.029279 0.027737 0.026271 0.024895 0.023629 0.022486 0.021490 0.020593 0.019723
0.086810 0.087729 0.088428 0.088909 0.089183 0.089261 0.089142 0.088750 0.087930 0.086693 0.085171 0.083490 0.081727 0.079915 0.078074 0.076212 0.074336 0.072448 0.070554 0.068654 0.066752 0.064850 0.062948 0.061050 0.059156 0.057267 0.055386 0.053513 0.051651 0.049801 0.047965 0.046146 0.044345 0.042567 0.040815 0.039094 0.037409 0.035769 0.034183 0.032662 0.031221 0.029875 0.028639 0.027526 0.026552 0.025646 0.024751 0.023852 0.022952 0.022052
0.090603 0.090887 0.090912 0.090749 0.090443 0.090010 0.089420 0.088517 0.087240 0.085679 0.083961 0.082168 0.080340 0.078494 0.076637 0.074774 0.072906 0.071037 0.069167 0.067297 0.065429 0.063564 0.061704 0.059850 0.058004 0.056167 0.054341 0.052528 0.050731 0.048952 0.047195 0.045465 0.043767 0.042107 0.040495 0.038941 0.037458 0.036062 0.034768 0.033588 0.032540 0.031597 0.030680 0.029759 0.028832 0.027904 0.026978 0.026051 0.025123 0.024195
0.102823 0.099730 0.097257 0.095238 0.093538 0.092033 0.090522 0.088821 0.086941 0.084975 0.082995 0.081032 0.079092 0.077175 0.075276 0.073393 0.071522 0.069662 0.067811 0.065969 0.064136 0.062312 0.060498 0.058696 0.056908 0.055135 0.053381 0.051648 0.049942 0.048269 0.046635 0.045051 0.043530 0.042087 0.040739 0.039500 0.038387 0.037400 0.036463 0.035526 0.034583 0.033636 0.032690 0.031743 0.030796 0.029847 0.028898 0.027948 0.026997 0.026046
0.085124 0.086035 0.086604 0.086895 0.086940 0.086699 0.086030 0.084943 0.083565 0.082025 0.080398 0.078720 0.077011 0.075280 0.073534 0.071777 0.070012 0.068244 0.066475 0.064708 0.062946 0.061192 0.059449 0.057720 0.056011 0.054325 0.052669 0.051051 0.049482 0.047976 0.046551 0.045228 0.044024 0.042958 0.041988 0.041039 0.040086 0.039129 0.038171 0.037213 0.036253 0.035291 0.034327 0.033363 0.032396 0.031429 0.030461 0.029493 0.028523 0.027553
0.082596 0.084061 0.085034 0.085614 0.085837 0.085605 0.084871 0.083746 0.082380 0.080878 0.079293 0.077656 0.075983 0.074283 0.072564 0.070834 0.069095 0.067354 0.065615 0.063881 0.062158 0.060449 0.058760 0.057097 0.055467 0.053882 0.052354 0.050903 0.049554 0.048328 0.047250 0.046264 0.045299 0.044335 0.043370 0.042404 0.041436 0.040467 0.039494 0.038520 0.037544 0.036566 0.035587 0.034607 0.033625 0.032643 0.031659 0.030675 0.029690 0.028705
0.101138 0.098174 0.095816 0.093857 0.092059 0.090175 0.088162 0.086091 0.084029 0.082004 0.080020 0.078074 0.076160 0.074274 0.072410 0.070569 0.068748 0.066949 0.065172 0.063420 0.061696 0.060007 0.058358 0.056762 0.055231 0.053789 0.052463 0.051285 0.050244 0.049256 0.048280 0.047306 0.046334 0.045359 0.044381 0.043401 0.042419 0.041434 0.040448 0.039460 0.038470 0.037478 0.036485 0.035491 0.034496 0.033500 0.032503 0.031506 0.030508 0.029510
0.091445 0.091516 0.091231 0.090653 0.089688 0.088313 0.086646 0.084829 0.082948 0.081049 0.079149 0.077257 0.075378 0.073514 0.071667 0.069840 0.068034 0.066255 0.064504 0.062789 0.061116 0.059497 0.057946 0.056486 0.055147 0.053963 0.052916 0.051919 0.050939 0.049961 0.048983 0.048002 0.047018 0.046031 0.045042 0.044049 0.043054 0.042057 0.041059 0.040058 0.039056 0.038052 0.037047 0.036042 0.035035 0.034027 0.033019 0.032010 0.031001 0.029992
0.089338 0.088805 0.088340 0.087759 0.086849 0.085599 0.084116 0.082507 0.080832 0.079119 0.077383 0.075633 0.073876 0.072117 0.070364 0.068623 0.066900 0.065202 0.063540 0.061925 0.060373 0.058907 0.057556 0.056356 0.055298 0.054299 0.053317 0.052338 0.051357 0.050372 0.049383 0.048391 0.047395 0.046395 0.045393 0.044389 0.043382 0.042374 0.041363 0.040351 0.039338 0.038324 0.037309 0.036293 0.035277 0.034260 0.033243 0.032225 0.031207 0.030189
0.086389 0.087172 0.087374 0.086983 0.086044 0.084719 0.083171 0.081506 0.079779 0.078021 0.076248 0.074473 0.072703 0.070947 0.069210 0.067502 0.065830 0.064207 0.062646 0.061172 0.059813 0.058601 0.057529 0.056516 0.055519 0.054526 0.053531 0.052533 0.051532 0.050528 0.049522 0.048513 0.047501 0.046488 0.045474 0.044457 0.043440 0.042421 0.041401 0.040381 0.039359 0.038338 0.037315 0.036293 0.035270 0.034247 0.033224 0.032201 0.031178 0.030156
0.100295 0.096697 0.093770 0.091098 0.088515 0.086023 0.083652 0.081406 0.079270 0.077226 0.075259 0.073359 0.071518 0.069734 0.068009 0.066346 0.064758 0.063261 0.061887 0.060666 0.059576 0.058537 0.057513 0.056496 0.055480 0.054466 0.053451 0.052435 0.051419 0.050403 0.049385 0.048367 0.047348 0.046329 0.045308 0.044288 0.043267 0.042245 0.041223 0.040201 0.039178 0.038156 0.037133 0.036110 0.035087 0.034064 0.033041 0.032019 0.030996 0.029974
0.079225 0.081049 0.081806 0.081683 0.080944 0.079828 0.078493 0.077031 0.075496 0.073921 0.072330 0.070740 0.069165 0.067619 0.066117 0.064679 0.063331 0.062119 0.061040 0.060016 0.059013 0.058016 0.057021 0.056025 0.055028 0.054030 0.053031 0.052030 0.051028 0.050025 0.049020 0.048014 0.047006 0.045998 0.044989 0.043978 0.042967 0.041955 0.040943 0.039929 0.038915 0.037901 0.036886 0.035870 0.034854 0.033838 0.032822 0.031806 0.030790 0.029773
0.086810 0.084687 0.082862 0.081110 0.079400 0.077747 0.076150 0.074597 0.073076 0.071578 0.070102 0.068647 0.067219 0.065826 0.064482 0.063210 0.062048 0.061022 0.060070 0.059143 0.058219 0.057292 0.056358 0.055417 0.054471 0.053518 0.052560 0.051597 0.050629 0.049658 0.048682 0.047703 0.046721 0.045735 0.044747 0.043757 0.042764 0.041770 0.040773 0.039775 0.038775 0.037773 0.036771 0.035767 0.034762 0.033756 0.032750 0.031743 0.030735 0.029726
0.076275 0.077856 0.078377 0.078129 0.077394 0.076373 0.075184 0.073892 0.072539 0.071150 0.069742 0.068331 0.066929 0.065551 0.064213 0.062936 0.061754 0.060716 0.059786 0.058894 0.058011 0.057123 0.056227 0.055322 0.054409 0.053487 0.052557 0.051621 0.050678 0.049729 0.048774 0.047815 0.046850 0.045882 0.044909 0.043933 0.042954 0.041972 0.040987 0.039999 0.039009 0.038017 0.037023 0.036027 0.035030 0.034031 0.033031 0.032029 0.031027 0.030024
0.094395 0.091009 0.088181 0.085666 0.083383 0.081287 0.079332 0.077480 0.075703 0.073980 0.072302 0.070661 0.069059 0.067498 0.065986 0.064535 0.063168 0.061920 0.060836 0.059868 0.058946 0.058035 0.057123 0.056207 0.055284 0.054354 0.053418 0.052475 0.051527 0.050574 0.049615 0.048652 0.047685 0.046714 0.045739 0.044761 0.043779 0.042795 0.041808 0.040819 0.039827 0.038833 0.037837 0.036840 0.035840 0.034840 0.033838 0.032834 0.031830 0.030825
0.082174 0.084913 0.086020 0.086007 0.085287 0.084135 0.082718 0.081141 0.079469 0.077744 0.075996 0.074246 0.072508 0.070796 0.069122 0.067501 0.065948 0.064490 0.063167 0.062023 0.060998 0.060019 0.059056 0.058096 0.057134 0.056169 0.055200 0.054227 0.053250 0.052271 0.051288 0.050302 0.049314 0.048322 0.047329 0.046333 0.045335 0.044335 0.043333 0.042329 0.041323 0.040316 0.039308 0.038299 0.037288 0.036276 0.035263 0.034249 0.033235 0.032220
0.115887 0.109216 0.103905 0.099513 0.095800 0.092592 0.089754 0.087185 0.084812 0.082585 0.080469 0.078440 0.076485 0.074596 0.072771 0.071012 0.069327 0.067732 0.066254 0.064942 0.063803 0.062750 0.061732 0.060725 0.059721 0.058718 0.057713 0.056707 0.055699 0.054689 0.053677 0.052664 0.051649 0.050633 0.049615 0.048596 0.047576 0.046554 0.045531 0.044507 0.043482 0.042456 0.041430 0.040402 0.039374 0.038345 0.037316 0.036286 0.035256 0.034225
0.083860 0.088004 0.090134 0.090892 0.090759 0.090049 0.088961 0.087623 0.086119 0.084507 0.082827 0.081107 0.079370 0.077633 0.075909 0.074215 0.072565 0.070979 0.069485 0.068128 0.066947 0.065869 0.064831 0.063807 0.062786 0.061765 0.060742 0.059717 0.058689 0.057660 0.056629 0.055595 0.054561 0.053524 0.052486 0.051447 0.050406 0.049365 0.048322 0.047278 0.046234 0.045189 0.044143 0.043096 0.042049 0.041001 0.039953 0.038904 0.037855 0.036806
0.114201 0.109364 0.105476 0.102221 0.099420 0.096940 0.094682 0.092573 0.090565 0.088626 0.086734 0.084881 0.083059 0.081269 0.079513 0.077798 0.076134 0.074536 0.073030 0.071657 0.070462 0.069378 0.068338 0.067312 0.066288 0.065261 0.064230 0.063196 0.062158 0.061117 0.060073 0.059025 0.057976 0.056924 0.055870 0.054814 0.053756 0.052697 0.051636 0.050574 0.049511 0.048446 0.047381 0.046315 0.045249 0.044182 0.043114 0.042046 0.040977 0.039908
0.100716 0.102262 0.102526 0.101954 0.100868 0.099470 0.097883 0.096179 0.094407 0.092596 0.090768 0.088939 0.087120 0.085321 0.083553 0.081825 0.080151 0.078549 0.077046 0.075690 0.074511 0.073430 0.072384 0.071348 0.070311 0.069271 0.068227 0.067178 0.066125 0.065067 0.064006 0.062942 0.061875 0.060805 0.059733 0.058658 0.057581 0.056503 0.055422 0.054340 0.053257 0.052172 0.051087 0.050000 0.048912 0.047824 0.046734 0.045645 0.044554 0.043464
0.121365 0.117698 0.114447 0.111494 0.108790 0.106287 0.103941 0.101714 0.099578 0.097515 0.095513 0.093562 0.091662 0.089810 0.088011 0.086271 0.084602 0.083025 0.081572 0.080292 0.079147 0.078059 0.076990 0.075926 0.074860 0.073792 0.072719 0.071644 0.070564 0.069482 0.068396 0.067307 0.066215 0.065121 0.064025 0.062926 0.061825 0.060722 0.059618 0.058512 0.057404 0.056295 0.055185 0.054074 0.052961 0.051848 0.050734 0.049620 0.048504 0.047388
0.113780 0.113672 0.112834 0.111548 0.110014 0.108346 0.106604 0.104824 0.103025 0.101221 0.099423 0.097638 0.095875 0.094141 0.092447 0.090805 0.089235 0.087766 0.086445 0.085263 0.084143 0.083046 0.081954 0.080862 0.079767 0.078668 0.077567 0.076461 0.075353 0.074241 0.073126 0.072008 0.070888 0.069764 0.068639 0.067511 0.066382 0.065250 0.064116 0.062981 0.061845 0.060706 0.059567 0.058427 0.057285 0.056143 0.054999 0.053855 0.052711 0.051565
0.120523 0.118784 0.117105 0.115462 0.113835 0.112207 0.110569 0.108918 0.107254 0.105580 0.103902 0.102226 0.100559 0.098911 0.097294 0.095724 0.094224 0.092829 0.091581 0.090427 0.089308 0.088199 0.087089 0.085974 0.084855 0.083730 0.082600 0.081466 0.080327 0.079184 0.078038 0.076887 0.075734 0.074578 0.073419 0.072258 0.071094 0.069928 0.068761 0.067591 0.066420 0.065248 0.064074 0.062900 0.061724 0.060547 0.059370 0.058192 0.057013 0.055834
0.123894 0.123651 0.122770 0.121514 0.120045 0.118454 0.116789 0.115079 0.113342 0.111590 0.109834 0.108083 0.106343 0.104625 0.102940 0.101301 0.099731 0.098260 0.096938 0.095734 0.094577 0.093433 0.092289 0.091140 0.089985 0.088824 0.087656 0.086484 0.085306 0.084124 0.082938 0.081747 0.080554 0.079358 0.078158 0.076957 0.075753 0.074547 0.073339 0.072130 0.070920 0.069708 0.068495 0.067281 0.066067 0.064852 0.063636 0.062421 0.061204 0.059988
0.141593 0.138073 0.134973 0.132193 0.129652 0.127285 0.125041 0.122884 0.120790 0.118744 0.116736 0.114764 0.112825 0.110923 0.109064 0.107257 0.105517 0.103869 0.102351 0.101002 0.099750 0.098534 0.097327 0.096119 0.094908 0.093692 0.092471 0.091245 0.090016 0.088783 0.087547 0.086308 0.085066 0.083822 0.082576 0.081329 0.080080 0.078829 0.077578 0.076325 0.075072 0.073818 0.072564 0.071309 0.070054 0.068799 0.067544 0.066289 0.065034 0.063780
0.136115 0.136907 0.136641 0.135698 0.134322 0.132669 0.130837 0.128892 0.126879 0.124828 0.122760 0.120692 0.118637 0.116605 0.114607 0.112655 0.110762 0.108950 0.107249 0.105711 0.104326 0.103014 0.101729 0.100451 0.099175 0.097897 0.096617 0.095336 0.094053 0.092767 0.091481 0.090193 0.088904 0.087614 0.086323 0.085032 0.083740 0.082447 0.081154 0.079862 0.078569 0.077276 0.075983 0.074690 0.073398 0.072106 0.070815 0.069524 0.068234 0.066944
0.159713 0.154623 0.150267 0.146466 0.143092 0.140040 0.137223 0.134581 0.132067 0.129651 0.127312 0.125037 0.122819 0.120653 0.118541 0.116485 0.114495 0.112583 0.110772 0.109103 0.107613 0.106229 0.104889 0.103566 0.102248 0.100931 0.099614 0.098296 0.096978 0.095659 0.094338 0.093018 0.091696 0.090374 0.089052 0.087729 0.086407 0.085084 0.083761 0.082438 0.081116 0.079794 0.078472 0.077150 0.075829 0.074509 0.073189 0.071870 0.070552 0.069235
0.140750 0.141660 0.141492 0.140634 0.139338 0.137761 0.136000 0.134119 0.132161 0.130155 0.128123 0.126078 0.124034 0.122000 0.119987 0.118004 0.116064 0.114181 0.112377 0.110688 0.109164 0.107770 0.106432 0.105112 0.103797 0.102481 0.101162 0.099841 0.098516 0.097190 0.095861 0.094530 0.093198 0.091864 0.090528 0.089192 0.087855 0.086517 0.085179 0.083840 0.082501 0.081162 0.079822 0.078483 0.077144 0.075805 0.074467 0.073129 0.071792 0.070455
0.151285 0.148058 0.145228 0.142684 0.140343 0.138138 0.136018 0.133949 0.131909 0.129886 0.127874 0.125871 0.123877 0.121896 0.119934 0.117998 0.116096 0.114242 0.112455 0.110762 0.109212 0.107814 0.106487 0.105183 0.103884 0.102583 0.101276 0.099965 0.098649 0.097328 0.096004 0.094676 0.093344 0.092010 0.090673 0.089334 0.087993 0.086651 0.085307 0.083961 0.082615 0.081268 0.079920 0.078571 0.077222 0.075873 0.074524 0.073175 0.071825 0.070476
0.141172 0.141484 0.140912 0.139789 0.138322 0.136639 0.134819 0.132914 0.130957 0.128970 0.126969 0.124963 0.122961 0.120971 0.118998 0.117050 0.115135 0.113264 0.111452 0.109722 0.108111 0.106661 0.105313 0.104005 0.102707 0.101408 0.100106 0.098798 0.097485 0.096167 0.094845 0.093518 0.092187 0.090852 0.089515 0.088174 0.086831 0.085485 0.084137 0.082788 0.081436 0.080084 0.078730 0.077375 0.076019 0.074663 0.073306 0.071949 0.070591 0.069233
0.154235 0.149765 0.145934 0.142588 0.139612 0.136910 0.134405 0.132039 0.129773 0.127578 0.125437 0.123335 0.121267 0.119227 0.117215 0.115232 0.113283 0.111373 0.109514 0.107721 0.106021 0.104455 0.103043 0.101705 0.100393 0.099086 0.097778 0.096465 0.095147 0.093823 0.092495 0.091163 0.089826 0.088485 0.087141 0.085794 0.084444 0.083091 0.081736 0.080380 0.079021 0.077661 0.076300 0.074937 0.073574 0.072210 0.070845 0.069480 0.068115 0.066750
0.132743 0.133849 0.133942 0.133368 0.132360 0.131060 0.129556 0.127907 0.126153 0.124322 0.122437 0.120513 0.118562 0.116596 0.114623 0.112651 0.110690 0.108748 0.106837 0.104969 0.103163 0.101447 0.099864 0.098433 0.097076 0.095745 0.094418 0.093090 0.091757 0.090419 0.089077 0.087731 0.086381 0.085027 0.083670 0.082311 0.080949 0.079585 0.078219 0.076852 0.075483 0.074114 0.072743 0.071372 0.070000 0.068627 0.067255 0.065883 0.064510 0.063138
0.141593 0.139464 0.137330 0.135207 0.133103 0.131010 0.128920 0.126826 0.124725 0.122616 0.120500 0.118379 0.116256 0.114135 0.112021 0.109916 0.107827 0.105759 0.103719 0.101715 0.099759 0.097868 0.096065 0.094388 0.092874 0.091464 0.090092 0.088732 0.087374 0.086015 0.084653 0.083289 0.081922 0.080553 0.079182 0.077810 0.076436 0.075061 0.073685 0.072309 0.070932 0.069555 0.068178 0.066800 0.065423 0.064046 0.062670 0.061293 0.059918 0.058543
0.143700 0.141275 0.138638 0.135931 0.133233 0.130575 0.127968 0.125412 0.122904 0.120440 0.118015 0.115626 0.113269 0.110942 0.108645 0.106376 0.104137 0.101928 0.099753 0.097616 0.095522 0.093481 0.091504 0.089611 0.087831 0.086206 0.084732 0.083324 0.081941 0.080566 0.079193 0.077821 0.076448 0.075074 0.073700 0.072326 0.070951 0.069576 0.068201 0.066827 0.065452 0.064078 0.062704 0.061331 0.059959 0.058587 0.057216 0.055845 0.054476 0.053108
0.138643 0.135705 0.132823 0.130027 0.127328 0.124718 0.122181 0.119700 0.117264 0.114863 0.112492 0.110146 0.107822 0.105518 0.103235 0.100971 0.098729 0.096509 0.094314 0.092147 0.090011 0.087913 0.085860 0.083862 0.081934 0.080100 0.078392 0.076847 0.075424 0.074048 0.072688 0.071333 0.069980 0.068628 0.067275 0.065921 0.064568 0.063214 0.061859 0.060505 0.059151 0.057798 0.056444 0.055091 0.053738 0.052386 0.051035 0.049684 0.048334 0.046985
0.118416 0.118617 0.118069 0.117028 0.115667 0.114089 0.112358 0.110514 0.108588 0.106599 0.104563 0.102493 0.100397 0.098284 0.096160 0.094029 0.091897 0.089767 0.087645 0.085533 0.083437 0.081361 0.079312 0.077295 0.075319 0.073398 0.071548 0.069794 0.068171 0.066707 0.065350 0.064028 0.062718 0.061411 0.060104 0.058795 0.057485 0.056173 0.054859 0.053545 0.052230 0.050913 0.049596 0.048279 0.046961 0.045642 0.044324 0.043005 0.041687 0.040369
0.118416 0.116173 0.113954 0.111781 0.109656 0.107569 0.105506 0.103456 0.101410 0.099364 0.097313 0.095256 0.093194 0.091126 0.089053 0.086978 0.084901 0.082825 0.080752 0.078685 0.076626 0.074578 0.072546 0.070535 0.068548 0.066594 0.064682 0.062823 0.061037 0.059348 0.057790 0.056391 0.055093 0.053827 0.052571 0.051316 0.050059 0.048799 0.047536 0.046271 0.045003 0.043733 0.042460 0.041186 0.039910 0.038633 0.037355 0.036076 0.034795 0.033515
0.111252 0.109581 0.107636 0.105562 0.103447 0.101328 0.099218 0.097120 0.095034 0.092956 0.090885 0.088818 0.086753 0.084691 0.082629 0.080568 0.078508 0.076450 0.074395 0.072343 0.070297 0.068259 0.066231 0.064216 0.062218 0.060240 0.058289 0.056371 0.054495 0.052675 0.050929 0.049282 0.047769 0.046416 0.045159 0.043935 0.042719 0.041504 0.040286 0.039065 0.037841 0.036613 0.035383 0.034150 0.032914 0.031676 0.030436 0.029194 0.027951 0.026707
0.103666 0.102188 0.100491 0.098680 0.096813 0.094914 0.092994 0.091056 0.089102 0.087133 0.085151 0.083155 0.081148 0.079130 0.077103 0.075068 0.073026 0.070980 0.068931 0.066880 0.064831 0.062784 0.060742 0.058708 0.056685 0.054676 0.052684 0.050715 0.048774 0.046868 0.045007 0.043205 0.041481 0.039863 0.038386 0.037070 0.035841 0.034640 0.033448 0.032257 0.031063 0.029867 0.028668 0.027465 0.026261 0.025054 0.023844 0.022633 0.021420 0.020206
0.097767 0.096495 0.095040 0.093468 0.091818 0.090106 0.088339 0.086520 0.084656 0.082751 0.080810 0.078837 0.076838 0.074817 0.072777 0.070723 0.068656 0.066581 0.064500 0.062415 0.060329 0.058244 0.056163 0.054087 0.052019 0.049963 0.047921 0.045896 0.043892 0.041915 0.039970 0.038065 0.036211 0.034423 0.032722 0.031141 0.029719 0.028445 0.027237 0.026052 0.024873 0.023695 0.022516 0.021334 0.020151 0.018965 0.017778 0.016590 0.015400 0.014209
0.094817 0.094545 0.093552 0.092114 0.090406 0.088532 0.086552 0.084505 0.082414 0.080294 0.078155 0.076005 0.073846 0.071683 0.069518 0.067351 0.065185 0.063020 0.060858 0.058700 0.056547 0.054400 0.052260 0.050129 0.048008 0.045899 0.043805 0.041728 0.039670 0.037634 0.035626 0.033650 0.031713 0.029823 0.027994 0.026243 0.024598 0.023100 0.021775 0.020551 0.019366 0.018195 0.017027 0.015860 0.014692 0.013522 0.012352 0.011182 0.010012 0.008844
0.108723 0.103512 0.099019 0.095085 0.091596 0.088448 0.085554 0.082846 0.080275 0.077802 0.075401 0.073053 0.070744 0.068465 0.066207 0.063968 0.061742 0.059527 0.057323 0.055129 0.052943 0.050766 0.048599 0.046443 0.044297 0.042164 0.040045 0.037941 0.035856 0.033791 0.031749 0.029735 0.027754 0.025812 0.023916 0.022080 0.020320 0.018662 0.017147 0.015813 0.014589 0.013411 0.012249 0.011093 0.009938 0.008784 0.007631 0.006482 0.005343 0.004221
0.079646 0.081216 0.081631 0.081271 0.080389 0.079146 0.077651 0.075976 0.074172 0.072275 0.070309 0.068293 0.066240 0.064160 0.062060 0.059945 0.057819 0.055686 0.053548 0.051408 0.049268 0.047129 0.044993 0.042862 0.040737 0.038621 0.036515 0.034422 0.032342 0.030280 0.028238 0.026219 0.024228 0.022270 0.020352 0.018483 0.016675 0.014948 0.013328 0.011865 0.010575 0.009377 0.008216 0.007069 0.005929 0.004796 0.003677 0.002599 0.001598 0.000708
0.088496 0.085761 0.083262 0.080944 0.078759 0.076662 0.074619 0.072603 0.070598 0.068593 0.066582 0.064562 0.062530 0.060487 0.058433 0.056367 0.054293 0.052211 0.050123 0.048029 0.045933 0.043835 0.041737 0.039641 0.037548 0.035461 0.033381 0.031310 0.029251 0.027207 0.025179 0.023172 0.021190 0.019237 0.017319 0.015446 0.013626 0.011876 0.010218 0.008688 0.007337 0.006117 0.004957 0.003823 0.002713 0.001663 0.000728 0.000266 0.000098 0.000036
0.083860 0.082308 0.080436 0.078416 0.076345 0.074265 0.072192 0.070129 0.068075 0.066026 0.063980 0.061934 0.059886 0.057834 0.055777 0.053715 0.051648 0.049576 0.047500 0.045421 0.043340 0.041257 0.039176 0.037096 0.035019 0.032947 0.030882 0.028826 0.026780 0.024748 0.022733 0.020736 0.018764 0.016819 0.014908 0.013039 0.011221 0.009468 0.007801 0.006250 0.004867 0.003636 0.002484 0.001401 0.000545 0.000199 0.000073 0.000027 0.000010 0.000004
0.080489 0.078866 0.077157 0.075394 0.073596 0.071770 0.069913 0.068023 0.066103 0.064154 0.062178 0.060180 0.058162 0.056127 0.054078 0.052018 0.049949 0.047872 0.045790 0.043705 0.041618 0.039530 0.037443 0.035359 0.033279 0.031206 0.029139 0.027083 0.025037 0.023006 0.020992 0.018997 0.017027 0.015084 0.013176 0.011309 0.009493 0.007742 0.006075 0.004522 0.003132 0.001905 0.000828 0.000303 0.000111 0.000041 0.000015 0.000005 0.000002 0.000001
0.075011 0.075700 0.075391 0.074444 0.073092 0.071480 0.069698 0.067803 0.065833 0.063813 0.061759 0.059682 0.057591 0.055489 0.053380 0.051267 0.049152 0.047036 0.044920 0.042804 0.040691 0.038581 0.036475 0.034374 0.032280 0.030193 0.028115 0.026048 0.023994 0.021955 0.019934 0.017933 0.015957 0.014010 0.012099 0.010229 0.008412 0.006662 0.004997 0.003448 0.002063 0.000889 0.000325 0.000119 0.000044 0.000016 0.000006 0.000002 0.000001 0.000000
0.097767 0.091517 0.086334 0.081964 0.078213 0.074923 0.071970 0.069258 0.066721 0.064307 0.061981 0.059716 0.057495 0.055304 0.053134 0.050979 0.048834 0.046696 0.044564 0.042436 0.040312 0.038192 0.036076 0.033966 0.031862 0.029766 0.027678 0.025601 0.023537 0.021487 0.019456 0.017445 0.015460 0.013504 0.011584 0.009708 0.007886 0.006132 0.004469 0.002926 0.001554 0.000584 0.000214 0.000078 0.000029 0.000010 0.000004 0.000001 0.000001 0.000000
0.065740 0.068072 0.069144 0.069349 0.068947 0.068112 0.066963 0.065583 0.064031 0.062348 0.060566 0.058707 0.056788 0.054823 0.052820 0.050789 0.048734 0.046660 0.044573 0.042475 0.040369 0.038258 0.036145 0.034032 0.031921 0.029814 0.027713 0.025622 0.023542 0.021477 0.019429 0.017402 0.015400 0.013429 0.011495 0.009607 0.007775 0.006016 0.004352 0.002819 0.001465 0.000544 0.000199 0.000073 0.000027 0.000010 0.000004 0.000001 0.000000 0.000000
0.079646 0.078332 0.076817 0.075179 0.073465 0.071693 0.069868 0.067995 0.066078 0.064119 0.062123 0.060095 0.058039 0.055959 0.053858 0.051741 0.049610 0.047469 0.045319 0.043163 0.041003 0.038842 0.036681 0.034523 0.032369 0.030222 0.028083 0.025956 0.023842 0.021745 0.019667 0.017612 0.015585 0.013591 0.011637 0.009733 0.007890 0.006125 0.004466 0.002953 0.001621 0.000618 0.000226 0.000083 0.000030 0.000011 0.000004 0.000001 0.000001 0.000000
0.096081 0.091850 0.087968 0.084410 0.081132 0.078083 0.075216 0.072491 0.069876 0.067344 0.064877 0.062459 0.060079 0.057728 0.055399 0.053089 0.050793 0.048510 0.046237 0.043974 0.041720 0.039476 0.037241 0.035017 0.032804 0.030604 0.028418 0.026247 0.024094 0.021962 0.019853 0.017770 0.015720 0.013707 0.011738 0.009825 0.007980 0.006224 0.004589 0.003122 0.001815 0.000726 0.000266 0.000097 0.000036 0.000013 0.000005 0.000002 0.000001 0.000000
0.084282 0.083282 0.081786 0.079983 0.077996 0.075893 0.073715 0.071486 0.069224 0.066940 0.064642 0.062337 0.060027 0.057717 0.055408 0.053102 0.050801 0.048504 0.046214 0.043932 0.041657 0.039391 0.037136 0.034892 0.032660 0.030442 0.028239 0.026055 0.023889 0.021747 0.019630 0.017544 0.015492 0.013481 0.011521 0.009623 0.007802 0.006086 0.004514 0.003120 0.001840 0.000743 0.000272 0.000100 0.000036 0.000013 0.000005 0.000002 0.000001 0.000000
0.080489 0.079619 0.078324 0.076756 0.075011 0.073145 0.071188 0.069163 0.067085 0.064965 0.062812 0.060634 0.058436 0.056224 0.054000 0.051768 0.049530 0.047291 0.045050 0.042811 0.040575 0.038344 0.036120 0.033904 0.031698 0.029505 0.027326 0.025165 0.023023 0.020904 0.018812 0.016751 0.014729 0.012751 0.010830 0.008979 0.007220 0.005587 0.004127 0.002807 0.001561 0.000594 0.000217 0.000080 0.000029 0.000011 0.000004 0.000001 0.000001 0.000000
0.085546 0.082678 0.079873 0.077177 0.074604 0.072139 0.069758 0.067442 0.065170 0.062929 0.060708 0.058500 0.056300 0.054104 0.051909 0.049715 0.047522 0.045329 0.043136 0.040946 0.038758 0.036575 0.034398 0.032228 0.030068 0.027919 0.025785 0.023667 0.021569 0.019495 0.017450 0.015438 0.013468 0.011548 0.009692 0.007920 0.006259 0.004757 0.003416 0.002159 0.000981 0.000359 0.000131 0.000048 0.000018 0.000006 0.000002 0.000001 0.000000 0.000000
0.076275 0.074851 0.073218 0.071459 0.069624 0.067736 0.065803 0.063834 0.061833 0.059804 0.057751 0.055679 0.053589 0.051486 0.049371 0.047247 0.045116 0.042981 0.040843 0.038704 0.036566 0.034431 0.032301 0.030178 0.028065 0.025964 0.023877 0.021808 0.019760 0.017738 0.015747 0.013795 0.011889 0.010042 0.008271 0.006602 0.005075 0.003720 0.002466 0.001275 0.000470 0.000172 0.000063 0.000023 0.000008 0.000003 0.000001 0.000000 0.000000 0.000000
0.068689 0.069099 0.068662 0.067681 0.066345 0.064775 0.063043 0.061200 0.059278 0.057300 0.055281 0.053234 0.051164 0.049080 0.046984 0.044880 0.042772 0.040661 0.038549 0.036438 0.034331 0.032229 0.030134 0.028048 0.025973 0.023912 0.021868 0.019844 0.017845 0.015875 0.013940 0.012050 0.010215 0.008449 0.006777 0.005234 0.003863 0.002612 0.001428 0.000539 0.000197 0.000072 0.000026 0.000010 0.000004 0.000001 0.000000 0.000000 0.000000 0.000000
0.085546 0.080221 0.075759 0.071948 0.068626 0.065659 0.062947 0.060416 0.058014 0.055702 0.053454 0.051250 0.049078 0.046929 0.044795 0.042674 0.040563 0.038459 0.036363 0.034273 0.032192 0.030120 0.028057 0.026006 0.023969 0.021948 0.019947 0.017968 0.016018 0.014100 0.012224 0.010399 0.008638 0.006963 0.005403 0.004007 0.002751 0.001570 0.000612 0.000224 0.000082 0.000030 0.000011 0.000004 0.000001 0.000001 0.000000 0.000000 0.000000 0.000000
0.059840 0.061229 0.061502 0.061042 0.060100 0.058832 0.057340 0.055694 0.053938 0.052105 0.050215 0.048284 0.046323 0.044340 0.042341 0.040330 0.038311 0.036288 0.034262 0.032236 0.030212 0.028193 0.026182 0.024180 0.022191 0.020218 0.018264 0.016335 0.014436 0.012573 0.010756 0.008996 0.007312 0.005730 0.004292 0.003014 0.001828 0.000768 0.000281 0.000103 0.000038 0.000014 0.000005 0.000002 0.000001 0.000000 0.000000 0.000000 0.000000 0.000000
0.068268 0.065964 0.063773 0.061684 0.059683 0.057745 0.055845 0.053960 0.052077 0.050188 0.048288 0.046375 0.044447 0.042507 0.040556 0.038594 0.036624 0.034649 0.032670 0.030689 0.028709 0.026733 0.024763 0.022802 0.020853 0.018920 0.017008 0.015120 0.013263 0.011446 0.009679 0.007976 0.006357 0.004857 0.003519 0.002308 0.001165 0.000427 0.000156 0.000057 0.000021 0.000008 0.000003 0.000001 0.000000 0.000000 0.000000 0.000000 0.000000 0.000000
0.066161 0.064646 0.062917 0.061080 0.059191 0.057276 0.055347 0.053411 0.051471 0.049526 0.047578 0.045626 0.043669 0.041709 0.039745 0.037778 0.035809 0.033839 0.031868 0.029899 0.027933 0.025972 0.024019 0.022076 0.020146 0.018233 0.016340 0.014475 0.012642 0.010850 0.009110 0.007439 0.005859 0.004407 0.003119 0.001938 0.000850 0.000311 0.000114 0.000042 0.000015 0.000006 0.000002 0.000001 0.000000 0.000000 0.000000 0.000000 0.000000 0.000000
