0.063480 0.062953 0.062549 0.062262 0.062088 0.062021 0.062055 0.062184 0.062403 0.062705 0.063087 0.063545 0.064077 0.064680 0.065354 0.066099 0.066914 0.067799 0.068757 0.069788 0.070896 0.072084 0.073383 0.074838 0.076466 0.078275 0.080270 0.082456 0.084838 0.087401 0.090052 0.092739 0.095449 0.098183 0.100944 0.103739 0.106571 0.109444 0.112356 0.115303 0.118282 0.121289 0.124322 0.127379 0.130459 0.133562 0.136686 0.139833 0.143001 0.146192
0.068216 0.067190 0.066250 0.065381 0.064575 0.063823 0.063120 0.062463 0.061853 0.061294 0.060790 0.060349 0.059977 0.059680 0.059462 0.059326 0.059278 0.059318 0.059448 0.059672 0.059990 0.060404 0.060918 0.061542 0.062305 0.063253 0.064399 0.065745 0.067289 0.069029 0.070958 0.073057 0.075306 0.077689 0.080193 0.082808 0.085527 0.088322 0.091144 0.093976 0.096820 0.099681 0.102564 0.105473 0.108410 0.111378 0.114378 0.117412 0.120479 0.123580
0.072064 0.069856 0.067550 0.065169 0.062729 0.060245 0.057736 0.055233 0.052786 0.050438 0.048220 0.046154 0.044249 0.042511 0.040940 0.039533 0.038287 0.037197 0.036256 0.035461 0.034805 0.034283 0.033892 0.033628 0.033500 0.033520 0.033692 0.034015 0.034486 0.035124 0.035951 0.036969 0.038173 0.039553 0.041099 0.042804 0.044659 0.046657 0.048789 0.051041 0.053399 0.055854 0.058397 0.061020 0.063718 0.066486 0.069321 0.072220 0.075180 0.078201
0.071373 0.065601 0.059793 0.053940 0.048076 0.042272 0.036627 0.031449 0.026889 0.022925 0.019487 0.016500 0.013899 0.011629 0.009645 0.007911 0.006396 0.005076 0.003930 0.002941 0.002094 0.001378 0.000781 0.000319 0.000117 0.000043 0.000016 0.000006 0.000002 0.000013 0.000126 0.000357 0.000708 0.001177 0.001761 0.002459 0.003267 0.004198 0.005267 0.006468 0.007790 0.009221 0.010749 0.012366 0.014062 0.015831 0.017668 0.019567 0.021526 0.023540
0.063070 0.051877 0.040755 0.029815 0.019678 0.010612 0.004008 0.001467 0.000537 0.000197 0.000072 0.000026 0.000010 0.000004 0.000001 0.000000 0.000000 0.000000 0.000000 0.000000 0.000000 0.000000 0.000000 0.000000 0.000000 0.000000 0.000000 0.000000 0.000000 0.000000 0.000000 0.000000 0.000000 0.000000 0.000000 0.000000 0.000000 0.000000 0.000000 0.000000 0.000000 0.000000 0.000000 0.000000 0.000000 0.000000 0.000000 0.000000 0.000000 0.000000
0.052597 0.035744 0.019017 0.007055 0.002582 0.000945 0.000346 0.000127 0.000046 0.000017 0.000006 0.000002 0.000001 0.000000 0.000000 0.000000 0.000000 0.000000 0.000000 0.000000 0.000000 0.000000 0.000000 0.000000 0.000000 0.000000 0.000000 0.000000 0.000000 0.000000 0.000000 0.000000 0.000000 0.000000 0.000000 0.000000 0.000000 0.000000 0.000000 0.000000 0.000000 0.000000 0.000000 0.000000 0.000000 0.000000 0.000000 0.000000 0.000000 0.000000
0.051870 0.028726 0.010816 0.003959 0.001449 0.000530 0.000194 0.000071 0.000026 0.000010 0.000003 0.000001 0.000000 0.000000 0.000000 0.000000 0.000000 0.000000 0.000000 0.000000 0.000000 0.000000 0.000000 0.000000 0.000000 0.000000 0.000000 0.000000 0.000000 0.000000 0.000000 0.000000 0.000000 0.000000 0.000000 0.000000 0.000000 0.000000 0.000000 0.000000 0.000000 0.000000 0.000000 0.000000 0.000000 0.000000 0.000000 0.000000 0.000000 0.000000
0.054165 0.026127 0.009563 0.003501 0.001281 0.000469 0.000172 0.000063 0.000023 0.000008 0.000003 0.000001 0.000000 0.000000 0.000000 0.000000 0.000000 0.000000 0.000000 0.000000 0.000000 0.000000 0.000000 0.000000 0.000000 0.000000 0.000000 0.000000 0.000000 0.000000 0.000000 0.000000 0.000000 0.000000 0.000000 0.000000 0.000000 0.000000 0.000000 0.000000 0.000000 0.000000 0.000000 0.000000 0.000000 0.000000 0.000000 0.000000 0.000000 0.000000
0.049355 0.021113 0.007728 0.002829 0.001035 0.000379 0.000139 0.000051 0.000019 0.000007 0.000002 0.000001 0.000000 0.000000 0.000000 0.000000 0.000000 0.000000 0.000000 0.000000 0.000000 0.000000 0.000000 0.000000 0.000000 0.000000 0.000000 0.000000 0.000000 0.000000 0.000000 0.000000 0.000000 0.000000 0.000000 0.000000 0.000000 0.000000 0.000000 0.000000 0.000000 0.000000 0.000000 0.000000 0.000000 0.000000 0.000000 0.000000 0.000000 0.000000
0.051242 0.021010 0.007690 0.002815 0.001030 0.000377 0.000138 0.000051 0.000018 0.000007 0.000002 0.000001 0.000000 0.000000 0.000000 0.000000 0.000000 0.000000 0.000000 0.000000 0.000000 0.000000 0.000000 0.000000 0.000000 0.000000 0.000000 0.000000 0.000000 0.000000 0.000000 0.000000 0.000000 0.000000 0.000000 0.000000 0.000000 0.000000 0.000000 0.000000 0.000000 0.000000 0.000000 0.000000 0.000000 0.000000 0.000000 0.000000 0.000000 0.000000
0.046376 0.017978 0.006580 0.002409 0.000882 0.000323 0.000118 0.000043 0.000016 0.000006 0.000002 0.000001 0.000000 0.000000 0.000000 0.000000 0.000000 0.000000 0.000000 0.000000 0.000000 0.000000 0.000000 0.000000 0.000000 0.000000 0.000000 0.000000 0.000000 0.000000 0.000000 0.000000 0.000000 0.000000 0.000000 0.000000 0.000000 0.000000 0.000000 0.000000 0.000000 0.000000 0.000000 0.000000 0.000000 0.000000 0.000000 0.000000 0.000000 0.000000
0.043372 0.016361 0.005989 0.002192 0.000802 0.000294 0.000107 0.000039 0.000014 0.000005 0.000002 0.000001 0.000000 0.000000 0.000000 0.000000 0.000000 0.000000 0.000000 0.000000 0.000000 0.000000 0.000000 0.000000 0.000000 0.000000 0.000000 0.000000 0.000000 0.000000 0.000000 0.000000 0.000000 0.000000 0.000000 0.000000 0.000000 0.000000 0.000000 0.000000 0.000000 0.000000 0.000000 0.000000 0.000000 0.000000 0.000000 0.000000 0.000000 0.000000
0.045945 0.017425 0.006378 0.002335 0.000855 0.000313 0.000114 0.000042 0.000015 0.000006 0.000002 0.000001 0.000000 0.000000 0.000000 0.000000 0.000000 0.000000 0.000000 0.000000 0.000000 0.000000 0.000000 0.000000 0.000000 0.000000 0.000000 0.000000 0.000000 0.000000 0.000000 0.000000 0.000000 0.000000 0.000000 0.000000 0.000000 0.000000 0.000000 0.000000 0.000000 0.000000 0.000000 0.000000 0.000000 0.000000 0.000000 0.000000 0.000000 0.000000
0.047218 0.018087 0.006620 0.002423 0.000887 0.000325 0.000119 0.000043 0.000016 0.000006 0.000002 0.000001 0.000000 0.000000 0.000000 0.000000 0.000000 0.000000 0.000000 0.000000 0.000000 0.000000 0.000000 0.000000 0.000000 0.000000 0.000000 0.000000 0.000000 0.000000 0.000000 0.000000 0.000000 0.000000 0.000000 0.000000 0.000000 0.000000 0.000000 0.000000 0.000000 0.000000 0.000000 0.000000 0.000000 0.000000 0.000000 0.000000 0.000000 0.000000
0.051210 0.020159 0.007379 0.002701 0.000989 0.000362 0.000132 0.000048 0.000018 0.000006 0.000002 0.000001 0.000000 0.000000 0.000000 0.000000 0.000000 0.000000 0.000000 0.000000 0.000000 0.000000 0.000000 0.000000 0.000000 0.000000 0.000000 0.000000 0.000000 0.000000 0.000000 0.000000 0.000000 0.000000 0.000000 0.000000 0.000000 0.000000 0.000000 0.000000 0.000000 0.000000 0.000000 0.000000 0.000000 0.000000 0.000000 0.000000 0.000000 0.000000
0.051833 0.020751 0.007595 0.002780 0.001018 0.000372 0.000136 0.000050 0.000018 0.000007 0.000002 0.000001 0.000000 0.000000 0.000000 0.000000 0.000000 0.000000 0.000000 0.000000 0.000000 0.000000 0.000000 0.000000 0.000000 0.000000 0.000000 0.000000 0.000000 0.000000 0.000000 0.000000 0.000000 0.000000 0.000000 0.000000 0.000000 0.000000 0.000000 0.000000 0.000000 0.000000 0.000000 0.000000 0.000000 0.000000 0.000000 0.000000 0.000000 0.000000
0.051007 0.020621 0.007548 0.002763 0.001011 0.000370 0.000135 0.000050 0.000018 0.000007 0.000002 0.000001 0.000000 0.000000 0.000000 0.000000 0.000000 0.000000 0.000000 0.000000 0.000000 0.000000 0.000000 0.000000 0.000000 0.000000 0.000000 0.000000 0.000000 0.000000 0.000000 0.000000 0.000000 0.000000 0.000000 0.000000 0.000000 0.000000 0.000000 0.000000 0.000000 0.000000 0.000000 0.000000 0.000000 0.000000 0.000000 0.000000 0.000000 0.000000
0.050562 0.021010 0.007690 0.002815 0.001030 0.000377 0.000138 0.000051 0.000018 0.000007 0.000002 0.000001 0.000000 0.000000 0.000000 0.000000 0.000000 0.000000 0.000000 0.000000 0.000000 0.000000 0.000000 0.000000 0.000000 0.000000 0.000000 0.000000 0.000000 0.000000 0.000000 0.000000 0.000000 0.000000 0.000000 0.000000 0.000000 0.000000 0.000000 0.000000 0.000000 0.000000 0.000000 0.000000 0.000000 0.000000 0.000000 0.000000 0.000000 0.000000
0.051678 0.022827 0.008355 0.003058 0.001119 0.000410 0.000150 0.000055 0.000020 0.000007 0.000003 0.000001 0.000000 0.000000 0.000000 0.000000 0.000000 0.000000 0.000000 0.000000 0.000000 0.000000 0.000000 0.000000 0.000000 0.000000 0.000000 0.000000 0.000000 0.000000 0.000000 0.000000 0.000000 0.000000 0.000000 0.000000 0.000000 0.000000 0.000000 0.000000 0.000000 0.000000 0.000000 0.000000 0.000000 0.000000 0.000000 0.000000 0.000000 0.000000
0.053225 0.026287 0.009622 0.003522 0.001289 0.000472 0.000173 0.000063 0.000023 0.000008 0.000003 0.000001 0.000000 0.000000 0.000000 0.000000 0.000000 0.000000 0.000000 0.000000 0.000000 0.000000 0.000000 0.000000 0.000000 0.000000 0.000000 0.000000 0.000000 0.000000 0.000000 0.000000 0.000000 0.000000 0.000000 0.000000 0.000000 0.000000 0.000000 0.000000 0.000000 0.000000 0.000000 0.000000 0.000000 0.000000 0.000000 0.000000 0.000000 0.000000
0.048425 0.027372 0.010391 0.003803 0.001392 0.000510 0.000187 0.000068 0.000025 0.000009 0.000003 0.000001 0.000000 0.000000 0.000000 0.000000 0.000000 0.000000 0.000000 0.000000 0.000000 0.000000 0.000000 0.000000 0.000000 0.000000 0.000000 0.000000 0.000000 0.000000 0.000000 0.000000 0.000000 0.000000 0.000000 0.000000 0.000000 0.000000 0.000000 0.000000 0.000000 0.000000 0.000000 0.000000 0.000000 0.000000 0.000000 0.000000 0.000000 0.000000
0.054101 0.037867 0.021381 0.008166 0.002989 0.001094 0.000400 0.000147 0.000054 0.000020 0.000007 0.000003 0.000001 0.000000 0.000000 0.000000 0.000000 0.000000 0.000000 0.000000 0.000000 0.000000 0.000000 0.000000 0.000000 0.000000 0.000000 0.000000 0.000000 0.000000 0.000000 0.000000 0.000000 0.000000 0.000000 0.000000 0.000000 0.000000 0.000000 0.000000 0.000000 0.000000 0.000000 0.000000 0.000000 0.000000 0.000000 0.000000 0.000000 0.000000
0.067300 0.055023 0.042560 0.029895 0.017547 0.007015 0.002568 0.000940 0.000344 0.000126 0.000046 0.000017 0.000006 0.000002 0.000001 0.000000 0.000000 0.000000 0.000000 0.000000 0.000000 0.000000 0.000000 0.000000 0.000000 0.000000 0.000000 0.000000 0.000000 0.000000 0.000000 0.000000 0.000000 0.000000 0.000000 0.000000 0.000000 0.000000 0.000000 0.000000 0.000000 0.000000 0.000000 0.000000 0.000000 0.000000 0.000000 0.000000 0.000000 0.000000
0.073712 0.066558 0.058909 0.050718 0.041941 0.032559 0.023066 0.014091 0.006074 0.002223 0.000814 0.000298 0.000109 0.000040 0.000015 0.000005 0.000002 0.000001 0.000000 0.000000 0.000000 0.000000 0.000000 0.000000 0.000000 0.000000 0.000000 0.000000 0.000000 0.000000 0.000000 0.000000 0.000000 0.000000 0.000000 0.000000 0.000000 0.000000 0.000000 0.000000 0.000000 0.000000 0.000000 0.000000 0.000000 0.000000 0.000000 0.000000 0.000000 0.000000
0.082940 0.078683 0.073886 0.068522 0.062526 0.055793 0.048429 0.040763 0.032992 0.025388 0.018249 0.011624 0.005484 0.002007 0.000735 0.000269 0.000098 0.000036 0.000013 0.000005 0.000002 0.000001 0.000000 0.000000 0.000000 0.000000 0.000000 0.000000 0.000000 0.000000 0.000000 0.000000 0.000000 0.000000 0.000000 0.000000 0.000000 0.000000 0.000000 0.000000 0.000000 0.000000 0.000000 0.000000 0.000000 0.000000 0.000000 0.000000 0.000000 0.000000
0.094086 0.090107 0.085956 0.081522 0.076680 0.071275 0.065233 0.058835 0.052259 0.045579 0.038849 0.032111 0.025396 0.018805 0.012558 0.006708 0.002498 0.000914 0.000335 0.000123 0.000045 0.000016 0.000006 0.000002 0.000001 0.000000 0.000000 0.000000 0.000000 0.000000 0.000000 0.000000 0.000000 0.000000 0.000000 0.000000 0.000000 0.000000 0.000000 0.000000 0.000000 0.000000 0.000000 0.000000 0.000000 0.000000 0.000000 0.000000 0.000000 0.000000
0.092677 0.090131 0.087271 0.084029 0.080315 0.075997 0.070988 0.065567 0.059939 0.054181 0.048317 0.042355 0.036299 0.030153 0.023938 0.017682 0.011443 0.005449 0.001995 0.000730 0.000267 0.000098 0.000036 0.000013 0.000005 0.000002 0.000001 0.000000 0.000000 0.000000 0.000000 0.000000 0.000000 0.000000 0.000000 0.000000 0.000000 0.000000 0.000000 0.000000 0.000000 0.000000 0.000000 0.000000 0.000000 0.000000 0.000000 0.000000 0.000000 0.000000
0.087616 0.086246 0.084324 0.081846 0.078768 0.074985 0.070493 0.065604 0.060502 0.055260 0.049905 0.044444 0.038878 0.033204 0.027421 0.021527 0.015523 0.009424 0.003853 0.001410 0.000516 0.000189 0.000069 0.000025 0.000009 0.000003 0.000001 0.000000 0.000000 0.000000 0.000000 0.000000 0.000000 0.000000 0.000000 0.000000 0.000000 0.000000 0.000000 0.000000 0.000000 0.000000 0.000000 0.000000 0.000000 0.000000 0.000000 0.000000 0.000000 0.000000
0.091323 0.088358 0.085256 0.081897 0.078145 0.073830 0.068988 0.063909 0.058731 0.053495 0.048209 0.042867 0.037458 0.031973 0.026400 0.020732 0.014959 0.009074 0.003686 0.001349 0.000494 0.000181 0.000066 0.000024 0.000009 0.000003 0.000001 0.000000 0.000000 0.000000 0.000000 0.000000 0.000000 0.000000 0.000000 0.000000 0.000000 0.000000 0.000000 0.000000 0.000000 0.000000 0.000000 0.000000 0.000000 0.000000 0.000000 0.000000 0.000000 0.000000
0.086289 0.083905 0.081160 0.077998 0.074322 0.070009 0.065270 0.060344 0.055327 0.050249 0.045115 0.039920 0.034656 0.029317 0.023893 0.018375 0.012756 0.007027 0.002627 0.000961 0.000352 0.000129 0.000047 0.000017 0.000006 0.000002 0.000001 0.000000 0.000000 0.000000 0.000000 0.000000 0.000000 0.000000 0.000000 0.000000 0.000000 0.000000 0.000000 0.000000 0.000000 0.000000 0.000000 0.000000 0.000000 0.000000 0.000000 0.000000 0.000000 0.000000
0.082907 0.080523 0.077869 0.074827 0.071252 0.067064 0.062524 0.057808 0.052984 0.048076 0.043088 0.038021 0.032871 0.027632 0.022301 0.016871 0.011336 0.005690 0.002083 0.000762 0.000279 0.000102 0.000037 0.000014 0.000005 0.000002 0.000001 0.000000 0.000000 0.000000 0.000000 0.000000 0.000000 0.000000 0.000000 0.000000 0.000000 0.000000 0.000000 0.000000 0.000000 0.000000 0.000000 0.000000 0.000000 0.000000 0.000000 0.000000 0.000000 0.000000
0.081273 0.079962 0.077992 0.075383 0.072081 0.068034 0.063525 0.058788 0.053920 0.048960 0.043922 0.038808 0.033617 0.028345 0.022988 0.017539 0.011993 0.006343 0.002336 0.000855 0.000313 0.000115 0.000042 0.000015 0.000006 0.000002 0.000001 0.000000 0.000000 0.000000 0.000000 0.000000 0.000000 0.000000 0.000000 0.000000 0.000000 0.000000 0.000000 0.000000 0.000000 0.000000 0.000000 0.000000 0.000000 0.000000 0.000000 0.000000 0.000000 0.000000
0.093612 0.089686 0.085878 0.081975 0.077770 0.073049 0.067951 0.062735 0.057494 0.052250 0.046995 0.041717 0.036402 0.031036 0.025609 0.020108 0.014525 0.008850 0.003623 0.001326 0.000485 0.000178 0.000065 0.000024 0.000009 0.000003 0.000001 0.000000 0.000000 0.000000 0.000000 0.000000 0.000000 0.000000 0.000000 0.000000 0.000000 0.000000 0.000000 0.000000 0.000000 0.000000 0.000000 0.000000 0.000000 0.000000 0.000000 0.000000 0.000000 0.000000
0.087062 0.085773 0.083827 0.081246 0.077980 0.073960 0.069451 0.064704 0.059825 0.054856 0.049812 0.044698 0.039512 0.034252 0.028912 0.023488 0.017973 0.012362 0.006657 0.002469 0.000904 0.000331 0.000121 0.000044 0.000016 0.000006 0.000002 0.000001 0.000000 0.000000 0.000000 0.000000 0.000000 0.000000 0.000000 0.000000 0.000000 0.000000 0.000000 0.000000 0.000000 0.000000 0.000000 0.000000 0.000000 0.000000 0.000000 0.000000 0.000000 0.000000
0.092347 0.090069 0.087510 0.084564 0.081097 0.076993 0.072486 0.067791 0.062992 0.058119 0.053178 0.048170 0.043092 0.037939 0.032705 0.027386 0.021977 0.016470 0.010862 0.005207 0.001906 0.000698 0.000255 0.000093 0.000034 0.000013 0.000005 0.000002 0.000001 0.000000 0.000000 0.000000 0.000000 0.000000 0.000000 0.000000 0.000000 0.000000 0.000000 0.000000 0.000000 0.000000 0.000000 0.000000 0.000000 0.000000 0.000000 0.000000 0.000000 0.000000
0.096625 0.094207 0.091543 0.088533 0.085047 0.080935 0.076379 0.071641 0.066824 0.061960 0.057054 0.052103 0.047098 0.042033 0.036900 0.031690 0.026398 0.021017 0.015539 0.009960 0.004478 0.001639 0.000600 0.000220 0.000080 0.000029 0.000011 0.000004 0.000001 0.000001 0.000000 0.000000 0.000000 0.000000 0.000000 0.000000 0.000000 0.000000 0.000000 0.000000 0.000000 0.000000 0.000000 0.000000 0.000000 0.000000 0.000000 0.000000 0.000000 0.000000
0.096903 0.095376 0.093357 0.090825 0.087708 0.083891 0.079567 0.075020 0.070372 0.065663 0.060907 0.056103 0.051247 0.046332 0.041353 0.036302 0.031172 0.025957 0.020651 0.015246 0.009741 0.004366 0.001598 0.000585 0.000214 0.000078 0.000029 0.000011 0.000004 0.000001 0.000001 0.000000 0.000000 0.000000 0.000000 0.000000 0.000000 0.000000 0.000000 0.000000 0.000000 0.000000 0.000000 0.000000 0.000000 0.000000 0.000000 0.000000 0.000000 0.000000
0.103483 0.100717 0.097895 0.094865 0.091461 0.087515 0.083194 0.078728 0.074204 0.069647 0.065058 0.060432 0.055760 0.051036 0.046251 0.041397 0.036469 0.031459 0.026360 0.021167 0.015873 0.010478 0.005106 0.001869 0.000684 0.000250 0.000092 0.000034 0.000012 0.000004 0.000002 0.000001 0.000000 0.000000 0.000000 0.000000 0.000000 0.000000 0.000000 0.000000 0.000000 0.000000 0.000000 0.000000 0.000000 0.000000 0.000000 0.000000 0.000000 0.000000
0.099643 0.098916 0.097618 0.095745 0.093243 0.090015 0.086262 0.082255 0.078114 0.073887 0.069592 0.065235 0.060818 0.056337 0.051789 0.047171 0.042476 0.037701 0.032839 0.027886 0.022835 0.017681 0.012424 0.007148 0.002783 0.001019 0.000373 0.000136 0.000050 0.000018 0.000007 0.000002 0.000001 0.000000 0.000000 0.000000 0.000000 0.000000 0.000000 0.000000 0.000000 0.000000 0.000000 0.000000 0.000000 0.000000 0.000000 0.000000 0.000000 0.000000
0.107467 0.105842 0.103938 0.101681 0.098970 0.095655 0.091811 0.087745 0.083600 0.079421 0.075220 0.070994 0.066736 0.062439 0.058093 0.053692 0.049228 0.044693 0.040081 0.035385 0.030600 0.025718 0.020735 0.015648 0.010485 0.005434 0.002000 0.000732 0.000268 0.000098 0.000036 0.000013 0.000005 0.000002 0.000001 0.000000 0.000000 0.000000 0.000000 0.000000 0.000000 0.000000 0.000000 0.000000 0.000000 0.000000 0.000000 0.000000 0.000000 0.000000
0.112832 0.110628 0.108374 0.105935 0.103170 0.099901 0.096187 0.092304 0.088372 0.084430 0.080482 0.076522 0.072540 0.068527 0.064474 0.060371 0.056211 0.051987 0.047690 0.043314 0.038854 0.034302 0.029653 0.024902 0.020044 0.015086 0.010089 0.005259 0.001939 0.000710 0.000260 0.000095 0.000035 0.000013 0.000005 0.000002 0.000001 0.000000 0.000000 0.000000 0.000000 0.000000 0.000000 0.000000 0.000000 0.000000 0.000000 0.000000 0.000000 0.000000
0.107018 0.106809 0.106113 0.104920 0.103175 0.100772 0.097843 0.094668 0.091373 0.088009 0.084593 0.081130 0.077619 0.074057 0.070441 0.066766 0.063026 0.059216 0.055331 0.051366 0.047315 0.043173 0.038935 0.034597 0.030152 0.025598 0.020933 0.016168 0.011364 0.006716 0.002712 0.000993 0.000363 0.000133 0.000049 0.000018 0.000007 0.000002 0.000001 0.000000 0.000000 0.000000 0.000000 0.000000 0.000000 0.000000 0.000000 0.000000 0.000000 0.000000
0.106524 0.106575 0.106247 0.105496 0.104249 0.102388 0.099958 0.097254 0.094426 0.091531 0.088586 0.085597 0.082561 0.079475 0.076334 0.073134 0.069869 0.066533 0.063123 0.059632 0.056056 0.052390 0.048629 0.044769 0.040804 0.036732 0.032548 0.028248 0.023832 0.019314 0.014722 0.010205 0.005898 0.002322 0.000850 0.000311 0.000114 0.000042 0.000015 0.000006 0.000002 0.000001 0.000000 0.000000 0.000000 0.000000 0.000000 0.000000 0.000000 0.000000
0.109692 0.109272 0.108720 0.107945 0.106842 0.105274 0.103161 0.100768 0.098279 0.095757 0.093216 0.090655 0.088067 0.085444 0.082777 0.080059 0.077283 0.074442 0.071531 0.068543 0.065474 0.062319 0.059072 0.055729 0.052287 0.048740 0.045085 0.041318 0.037436 0.033436 0.029318 0.025089 0.020769 0.016392 0.012104 0.008018 0.004145 0.001525 0.000558 0.000204 0.000075 0.000027 0.000010 0.000004 0.000001 0.000000 0.000000 0.000000 0.000000 0.000000
0.108824 0.109268 0.109496 0.109443 0.109030 0.108150 0.106702 0.104901 0.102956 0.100949 0.098904 0.096828 0.094719 0.092572 0.090382 0.088143 0.085850 0.083496 0.081078 0.078590 0.076026 0.073384 0.070658 0.067843 0.064936 0.061933 0.058830 0.055624 0.052311 0.048887 0.045350 0.041697 0.037928 0.034043 0.030053 0.025977 0.021838 0.017687 0.013676 0.009868 0.006256 0.002856 0.001045 0.000383 0.000140 0.000051 0.000019 0.000007 0.000003 0.000001
0.109218 0.111007 0.112294 0.113113 0.113462 0.113296 0.112523 0.111250 0.109750 0.108149 0.106494 0.104803 0.103082 0.101329 0.099542 0.097718 0.095852 0.093940 0.091977 0.089958 0.087879 0.085734 0.083521 0.081234 0.078868 0.076421 0.073888 0.071266 0.068550 0.065737 0.062824 0.059808 0.056686 0.053455 0.050114 0.046662 0.043101 0.039436 0.035678 0.031851 0.027975 0.024064 0.020191 0.016483 0.012971 0.009640 0.006466 0.003424 0.001267 0.000464
0.121821 0.121964 0.122172 0.122328 0.122327 0.122065 0.121417 0.120274 0.118849 0.117344 0.115832 0.114335 0.112853 0.111382 0.109914 0.108442 0.106958 0.105456 0.103929 0.102371 0.100776 0.099139 0.097455 0.095717 0.093922 0.092065 0.090141 0.088147 0.086077 0.083929 0.081699 0.079384 0.076979 0.074482 0.071889 0.069200 0.066410 0.063518 0.060523 0.057427 0.054232 0.050942 0.047562 0.044110 0.040604 0.037064 0.033501 0.029925 0.026365 0.022935
0.124881 0.126325 0.127476 0.128355 0.128953 0.129239 0.129148 0.128575 0.127568 0.126400 0.125205 0.124030 0.122888 0.121778 0.120695 0.119633 0.118585 0.117544 0.116503 0.115456 0.114397 0.113320 0.112219 0.111089 0.109924 0.108719 0.107470 0.106173 0.104823 0.103415 0.101946 0.100413 0.098811 0.097138 0.095390 0.093563 0.091656 0.089665 0.087588 0.085422 0.083166 0.080817 0.078376 0.075843 0.073218 0.070506 0.067710 0.064834 0.061883 0.058869
0.132256 0.133382 0.134430 0.135361 0.136133 0.136697 0.136990 0.136920 0.136400 0.135630 0.134809 0.134012 0.133263 0.132567 0.131921 0.131321 0.130759 0.130229 0.129725 0.129241 0.128770 0.128306 0.127845 0.127379 0.126905 0.126417 0.125910 0.125380 0.124822 0.124232 0.123607 0.122941 0.122233 0.121477 0.120671 0.119810 0.118893 0.117914 0.116872 0.115763 0.114583 0.113330 0.112002 0.110594 0.109106 0.107535 0.105880 0.104140 0.102313 0.100401
0.139656 0.140799 0.141914 0.142975 0.143950 0.144798 0.145467 0.145886 0.145954 0.145641 0.145193 0.144758 0.144387 0.144096 0.143884 0.143747 0.143679 0.143673 0.143723 0.143821 0.143963 0.144142 0.144352 0.144588 0.144845 0.145118 0.145403 0.145694 0.145988 0.146281 0.146568 0.146845 0.147108 0.147353 0.147575 0.147770 0.147934 0.148062 0.148151 0.148196 0.148192 0.148136 0.148024 0.147852 0.147616 0.147312 0.146939 0.146492 0.145969 0.145368
0.145010 0.146435 0.147887 0.149331 0.150732 0.152055 0.153257 0.154286 0.155071 0.155516 0.155620 0.155631 0.155685 0.155828 0.156074 0.156420 0.156864 0.157399 0.158019 0.158718 0.159490 0.160331 0.161236 0.162199 0.163216 0.164283 0.165396 0.166551 0.167741 0.168962 0.170210 0.171478 0.172760 0.174051 0.175345 0.176635 0.177916 0.179181 0.180424 0.181642 0.182829 0.183979 0.185090 0.186157 0.187176 0.188144 0.189057 0.189912 0.190706 0.191436
0.145204 0.147854 0.150347 0.152704 0.154934 0.157038 0.159005 0.160811 0.162421 0.163777 0.164800 0.165494 0.166105 0.166764 0.167519 0.168386 0.169367 0.170460 0.171663 0.172972 0.174383 0.175894 0.177501 0.179201 0.180990 0.182864 0.184816 0.186838 0.188921 0.191058 0.193241 0.195460 0.197707 0.199973 0.202247 0.204524 0.206797 0.209061 0.211313 0.213547 0.215762 0.217955 0.220121 0.222260 0.224367 0.226442 0.228481 0.230482 0.232444 0.234364
0.149566 0.152160 0.154740 0.157292 0.159804 0.162263 0.164652 0.166953 0.169139 0.171174 0.173007 0.174570 0.175824 0.176957 0.178149 0.179450 0.180881 0.182448 0.184154 0.185998 0.187977 0.190092 0.192341 0.194721 0.197219 0.199817 0.202495 0.205240 0.208038 0.210880 0.213760 0.216664 0.219573 0.222483 0.225393 0.228303 0.231213 0.234124 0.237036 0.239947 0.242856 0.245764 0.248667 0.251565 0.254457 0.257341 0.260216 0.263080 0.265932 0.268770
0.158018 0.160191 0.162447 0.164764 0.167127 0.169518 0.171924 0.174328 0.176714 0.179058 0.181331 0.183494 0.185495 0.187287 0.188859 0.190387 0.192044 0.193875 0.195878 0.198057 0.200416 0.202960 0.205683 0.208548 0.211482 0.214452 0.217451 0.220478 0.223536 0.226624 0.229745 0.232897 0.236079 0.239286 0.242517 0.245769 0.249040 0.252328 0.255632 0.258951 0.262283 0.265629 0.268987 0.272356 0.275736 0.279126 0.282524 0.285930 0.289343 0.292762
0.167962 0.169877 0.171819 0.173809 0.175861 0.177983 0.180176 0.182439 0.184764 0.187144 0.189563 0.192005 0.194444 0.196848 0.199178 0.201404 0.203520 0.205528 0.207574 0.209829 0.212344 0.215110 0.218038 0.221042 0.224096 0.227195 0.230340 0.233529 0.236763 0.240040 0.243358 0.246713 0.250102 0.253523 0.256974 0.260454 0.263963 0.267499 0.271064 0.274657 0.278278 0.281927 0.285602 0.289304 0.293032 0.296785 0.300563 0.304365 0.308190 0.312037
0.177926 0.178864 0.180024 0.181394 0.182960 0.184710 0.186633 0.188717 0.190951 0.193326 0.195829 0.198451 0.201177 0.203993 0.206882 0.209821 0.212790 0.215765 0.218732 0.221701 0.224691 0.227707 0.230675 0.233652 0.236729 0.239917 0.243205 0.246576 0.250011 0.253495 0.257013 0.260553 0.264112 0.267697 0.271317 0.274978 0.278683 0.282436 0.286237 0.290087 0.293983 0.297927 0.301915 0.305948 0.310023 0.314140 0.318298 0.322494 0.326729 0.331000
0.179076 0.179915 0.181099 0.182568 0.184280 0.186206 0.188324 0.190622 0.193087 0.195714 0.198495 0.201427 0.204507 0.207730 0.211092 0.214591 0.218219 0.221971 0.225840 0.229820 0.233909 0.238107 0.242366 0.246571 0.250681 0.254696 0.258622 0.262466 0.266227 0.269902 0.273479 0.276977 0.280528 0.284197 0.287993 0.291905 0.295920 0.300027 0.304215 0.308478 0.312810 0.317205 0.321661 0.326174 0.330743 0.335364 0.340037 0.344760 0.349532 0.354352
0.168788 0.171949 0.174885 0.177695 0.180453 0.183211 0.186009 0.188875 0.191832 0.194898 0.198087 0.201410 0.204877 0.208497 0.212277 0.216226 0.220348 0.224652 0.229142 0.233825 0.238706 0.243794 0.249066 0.254404 0.259736 0.265034 0.270286 0.275489 0.280640 0.285738 0.290779 0.295762 0.300694 0.305597 0.310491 0.315394 0.320319 0.325277 0.330274 0.335316 0.340406 0.345547 0.350741 0.355989 0.361292 0.366650 0.372063 0.377532 0.383056 0.388636
0.171657 0.173226 0.175089 0.177187 0.179486 0.181963 0.184606 0.187410 0.190373 0.193499 0.196790 0.200252 0.203891 0.207715 0.211731 0.215948 0.220375 0.225022 0.229899 0.235018 0.240391 0.246032 0.251912 0.257914 0.263972 0.270060 0.276165 0.282281 0.288404 0.294530 0.300656 0.306781 0.312901 0.319017 0.325131 0.331247 0.337369 0.343502 0.349650 0.355817 0.362007 0.368223 0.374468 0.380743 0.387051 0.393394 0.399772 0.406187 0.412639 0.419128
0.169757 0.171620 0.173568 0.175638 0.177852 0.180226 0.182769 0.185491 0.188396 0.191490 0.194779 0.198267 0.201962 0.205870 0.209998 0.214355 0.218950 0.223795 0.228900 0.234280 0.239948 0.245919 0.252132 0.258472 0.264888 0.271360 0.277878 0.284439 0.291038 0.297673 0.304341 0.311042 0.317774 0.324536 0.331327 0.338145 0.344991 0.351862 0.358759 0.365682 0.372630 0.379605 0.386605 0.393632 0.400686 0.407767 0.414875 0.422012 0.429176 0.436368
0.168142 0.169285 0.170744 0.172482 0.174474 0.176705 0.179162 0.181839 0.184732 0.187840 0.191163 0.194705 0.198468 0.202459 0.206684 0.211151 0.215870 0.220852 0.226111 0.231659 0.237514 0.243680 0.250056 0.256551 0.263131 0.269781 0.276494 0.283268 0.290098 0.296982 0.303925 0.310929 0.317992 0.325110 0.332278 0.339493 0.346750 0.354047 0.361382 0.368751 0.376153 0.383585 0.391047 0.398537 0.406053 0.413595 0.421161 0.428752 0.436366 0.444003
0.155803 0.158131 0.160539 0.163052 0.165688 0.168459 0.171376 0.174449 0.177686 0.181093 0.184681 0.188457 0.192429 0.196608 0.201005 0.205631 0.210499 0.215625 0.221023 0.226711 0.232703 0.239005 0.245515 0.252159 0.258905 0.265736 0.272646 0.279629 0.286681 0.293798 0.300977 0.308215 0.315512 0.322864 0.330269 0.337725 0.345230 0.352781 0.360375 0.368010 0.375685 0.383396 0.391143 0.398922 0.406733 0.414574 0.422443 0.430339 0.438260 0.446206
0.142392 0.145393 0.148459 0.151589 0.154789 0.158069 0.161439 0.164912 0.168501 0.172217 0.176073 0.180081 0.184255 0.188611 0.193163 0.197928 0.202928 0.208177 0.213689 0.219474 0.225545 0.231916 0.238560 0.245363 0.252270 0.259265 0.266337 0.273481 0.280693 0.287971 0.295311 0.302712 0.310171 0.317686 0.325254 0.332874 0.340542 0.348258 0.356019 0.363824 0.371670 0.379555 0.387478 0.395437 0.403430 0.411455 0.419512 0.427598 0.435712 0.443853
0.133541 0.136725 0.139880 0.143048 0.146261 0.149542 0.152910 0.156379 0.159962 0.163669 0.167514 0.171512 0.175684 0.180044 0.184600 0.189362 0.194338 0.199539 0.204975 0.210658 0.216599 0.222813 0.229310 0.236089 0.243094 0.250221 0.257427 0.264706 0.272052 0.279460 0.286928 0.294453 0.302034 0.309668 0.317354 0.325090 0.332873 0.340702 0.348575 0.356490 0.364447 0.372442 0.380474 0.388542 0.396644 0.404779 0.412946 0.421142 0.429366 0.437618
0.132737 0.134504 0.136576 0.138899 0.141438 0.144170 0.147078 0.150153 0.153390 0.156790 0.160367 0.164127 0.168075 0.172214 0.176548 0.181081 0.185821 0.190772 0.195943 0.201340 0.206974 0.212855 0.218993 0.225399 0.232082 0.239032 0.246227 0.253576 0.261004 0.268492 0.276041 0.283646 0.291303 0.299011 0.306768 0.314571 0.322420 0.330311 0.338244 0.346217 0.354228 0.362275 0.370358 0.378474 0.386622 0.394801 0.403009 0.411244 0.419506 0.427793
0.126215 0.128610 0.131032 0.133516 0.136084 0.138753 0.141534 0.144436 0.147467 0.150646 0.153985 0.157494 0.161177 0.165037 0.169078 0.173304 0.177721 0.182332 0.187142 0.192159 0.197389 0.202839 0.208518 0.214435 0.220600 0.227023 0.233710 0.240661 0.247859 0.255279 0.262831 0.270447 0.278111 0.285822 0.293582 0.301386 0.309231 0.317115 0.325037 0.332994 0.340986 0.349011 0.357067 0.365152 0.373266 0.381405 0.389570 0.397758 0.405969 0.414201
0.120848 0.123007 0.125301 0.127708 0.130216 0.132821 0.135523 0.138325 0.141233 0.144267 0.147439 0.150757 0.154224 0.157846 0.161624 0.165564 0.169668 0.173941 0.178388 0.183013 0.187821 0.192818 0.198011 0.203407 0.209013 0.214837 0.220889 0.227177 0.233709 0.240489 0.247512 0.254763 0.262220 0.269829 0.277501 0.285204 0.292935 0.300699 0.308500 0.316335 0.324199 0.332089 0.340002 0.347938 0.355894 0.363870 0.371866 0.379882 0.387915 0.395964
0.111848 0.114846 0.117689 0.120450 0.123178 0.125909 0.128666 0.131468 0.134334 0.137288 0.140347 0.143519 0.146809 0.150222 0.153763 0.157433 0.161238 0.165179 0.169262 0.173489 0.177865 0.182394 0.187081 0.191930 0.196947 0.202137 0.207509 0.213067 0.218820 0.224776 0.230940 0.237320 0.243917 0.250730 0.257745 0.264941 0.272299 0.279794 0.287345 0.294904 0.302464 0.310028 0.317602 0.325192 0.332801 0.340433 0.348085 0.355752 0.363428 0.371111
0.110533 0.111893 0.113605 0.115570 0.117723 0.120021 0.122436 0.124951 0.127559 0.130268 0.133079 0.135992 0.139006 0.142122 0.145340 0.148661 0.152086 0.155617 0.159255 0.163003 0.166862 0.170836 0.174926 0.179137 0.183470 0.187929 0.192519 0.197243 0.202106 0.207114 0.212272 0.217585 0.223059 0.228699 0.234510 0.240494 0.246649 0.252972 0.259454 0.266076 0.272815 0.279657 0.286587 0.293596 0.300677 0.307794 0.314896 0.321971 0.329019 0.336047
0.099283 0.102370 0.105178 0.107809 0.110329 0.112785 0.115209 0.117623 0.120048 0.122506 0.125011 0.127571 0.130190 0.132872 0.135617 0.138429 0.141307 0.144253 0.147269 0.150354 0.153509 0.156737 0.160037 0.163412 0.166863 0.170391 0.174000 0.177690 0.181465 0.185328 0.189282 0.193331 0.197479 0.201728 0.206085 0.210553 0.215136 0.219837 0.224659 0.229602 0.234665 0.239843 0.245133 0.250530 0.256028 0.261622 0.267298 0.273041 0.278835 0.284671
0.098352 0.099715 0.101258 0.102912 0.104636 0.106403 0.108194 0.110002 0.111820 0.113653 0.115511 0.117398 0.119315 0.121261 0.123235 0.125238 0.127269 0.129328 0.131415 0.133531 0.135675 0.137848 0.140053 0.142290 0.144560 0.146866 0.149210 0.151593 0.154019 0.156489 0.159006 0.161572 0.164191 0.166866 0.169599 0.172394 0.175255 0.178183 0.181184 0.184259 0.187413 0.190645 0.193960 0.197356 0.200835 0.204398 0.208041 0.211765 0.215564 0.219434
0.091580 0.093205 0.094645 0.095946 0.097140 0.098248 0.099283 0.100257 0.101175 0.102044 0.102874 0.103682 0.104474 0.105253 0.106020 0.106778 0.107527 0.108270 0.109008 0.109746 0.110486 0.111234 0.111994 0.112769 0.113563 0.114380 0.115222 0.116091 0.116992 0.117924 0.118892 0.119896 0.120938 0.122021 0.123146 0.124316 0.125531 0.126794 0.128108 0.129473 0.130893 0.132368 0.133901 0.135494 0.137148 0.138865 0.140645 0.142490 0.144400 0.146375
0.090033 0.089817 0.089550 0.089218 0.088815 0.088336 0.087779 0.087143 0.086427 0.085634 0.084770 0.083852 0.082900 0.081925 0.080935 0.079936 0.078935 0.077942 0.076970 0.076037 0.075152 0.074324 0.073555 0.072848 0.072204 0.071622 0.071101 0.070640 0.070236 0.069889 0.069598 0.069360 0.069174 0.069040 0.068956 0.068922 0.068937 0.069000 0.069112 0.069272 0.069479 0.069736 0.070040 0.070393 0.070796 0.071248 0.071750 0.072303 0.072906 0.073561
0.087159 0.084516 0.081814 0.079050 0.076218 0.073307 0.070315 0.067241 0.064096 0.060912 0.057730 0.054581 0.051496 0.048497 0.045595 0.042792 0.040100 0.037610 0.035376 0.033385 0.031610 0.030022 0.028595 0.027307 0.026139 0.025077 0.024108 0.023223 0.022412 0.021669 0.020988 0.020364 0.019793 0.019270 0.018793 0.018360 0.017967 0.017613 0.017297 0.017016 0.016771 0.016559 0.016380 0.016234 0.016119 0.016036 0.015984 0.015964 0.015974 0.016014
0.079362 0.073597 0.067817 0.061982 0.056067 0.050071 0.044037 0.038026 0.032243 0.026936 0.022135 0.017793 0.013846 0.010236 0.006915 0.003848 0.001472 0.000539 0.000197 0.000072 0.000026 0.000010 0.000004 0.000001 0.000000 0.000000 0.000000 0.000000 0.000000 0.000000 0.000000 0.000000 0.000000 0.000000 0.000000 0.000000 0.000000 0.000000 0.000000 0.000000 0.000000 0.000000 0.000000 0.000000 0.000000 0.000000 0.000000 0.000000 0.000000 0.000000
0.066944 0.058217 0.049185 0.039901 0.030463 0.021317 0.012875 0.005488 0.002009 0.000735 0.000269 0.000099 0.000036 0.000013 0.000005 0.000002 0.000001 0.000000 0.000000 0.000000 0.000000 0.000000 0.000000 0.000000 0.000000 0.000000 0.000000 0.000000 0.000000 0.000000 0.000000 0.000000 0.000000 0.000000 0.000000 0.000000 0.000000 0.000000 0.000000 0.000000 0.000000 0.000000 0.000000 0.000000 0.000000 0.000000 0.000000 0.000000 0.000000 0.000000
0.064020 0.049343 0.034815 0.020606 0.008390 0.003071 0.001124 0.000411 0.000151 0.000055 0.000020 0.000007 0.000003 0.000001 0.000000 0.000000 0.000000 0.000000 0.000000 0.000000 0.000000 0.000000 0.000000 0.000000 0.000000 0.000000 0.000000 0.000000 0.000000 0.000000 0.000000 0.000000 0.000000 0.000000 0.000000 0.000000 0.000000 0.000000 0.000000 0.000000 0.000000 0.000000 0.000000 0.000000 0.000000 0.000000 0.000000 0.000000 0.000000 0.000000
0.055056 0.036430 0.018105 0.006628 0.002426 0.000888 0.000325 0.000119 0.000044 0.000016 0.000006 0.000002 0.000001 0.000000 0.000000 0.000000 0.000000 0.000000 0.000000 0.000000 0.000000 0.000000 0.000000 0.000000 0.000000 0.000000 0.000000 0.000000 0.000000 0.000000 0.000000 0.000000 0.000000 0.000000 0.000000 0.000000 0.000000 0.000000 0.000000 0.000000 0.000000 0.000000 0.000000 0.000000 0.000000 0.000000 0.000000 0.000000 0.000000 0.000000
0.044100 0.022534 0.008261 0.003024 0.001107 0.000405 0.000148 0.000054 0.000020 0.000007 0.000003 0.000001 0.000000 0.000000 0.000000 0.000000 0.000000 0.000000 0.000000 0.000000 0.000000 0.000000 0.000000 0.000000 0.000000 0.000000 0.000000 0.000000 0.000000 0.000000 0.000000 0.000000 0.000000 0.000000 0.000000 0.000000 0.000000 0.000000 0.000000 0.000000 0.000000 0.000000 0.000000 0.000000 0.000000 0.000000 0.000000 0.000000 0.000000 0.000000
0.039520 0.016301 0.005967 0.002184 0.000799 0.000293 0.000107 0.000039 0.000014 0.000005 0.000002 0.000001 0.000000 0.000000 0.000000 0.000000 0.000000 0.000000 0.000000 0.000000 0.000000 0.000000 0.000000 0.000000 0.000000 0.000000 0.000000 0.000000 0.000000 0.000000 0.000000 0.000000 0.000000 0.000000 0.000000 0.000000 0.000000 0.000000 0.000000 0.000000 0.000000 0.000000 0.000000 0.000000 0.000000 0.000000 0.000000 0.000000 0.000000 0.000000
0.039390 0.015139 0.005541 0.002028 0.000742 0.000272 0.000099 0.000036 0.000013 0.000005 0.000002 0.000001 0.000000 0.000000 0.000000 0.000000 0.000000 0.000000 0.000000 0.000000 0.000000 0.000000 0.000000 0.000000 0.000000 0.000000 0.000000 0.000000 0.000000 0.000000 0.000000 0.000000 0.000000 0.000000 0.000000 0.000000 0.000000 0.000000 0.000000 0.000000 0.000000 0.000000 0.000000 0.000000 0.000000 0.000000 0.000000 0.000000 0.000000 0.000000
0.035251 0.012989 0.004754 0.001740 0.000637 0.000233 0.000085 0.000031 0.000011 0.000004 0.000002 0.000001 0.000000 0.000000 0.000000 0.000000 0.000000 0.000000 0.000000 0.000000 0.000000 0.000000 0.000000 0.000000 0.000000 0.000000 0.000000 0.000000 0.000000 0.000000 0.000000 0.000000 0.000000 0.000000 0.000000 0.000000 0.000000 0.000000 0.000000 0.000000 0.000000 0.000000 0.000000 0.000000 0.000000 0.000000 0.000000 0.000000 0.000000 0.000000
0.032632 0.011944 0.004372 0.001600 0.000586 0.000214 0.000078 0.000029 0.000011 0.000004 0.000001 0.000001 0.000000 0.000000 0.000000 0.000000 0.000000 0.000000 0.000000 0.000000 0.000000 0.000000 0.000000 0.000000 0.000000 0.000000 0.000000 0.000000 0.000000 0.000000 0.000000 0.000000 0.000000 0.000000 0.000000 0.000000 0.000000 0.000000 0.000000 0.000000 0.000000 0.000000 0.000000 0.000000 0.000000 0.000000 0.000000 0.000000 0.000000 0.000000
0.035552 0.013013 0.004763 0.001744 0.000638 0.000234 0.000086 0.000031 0.000011 0.000004 0.000002 0.000001 0.000000 0.000000 0.000000 0.000000 0.000000 0.000000 0.000000 0.000000 0.000000 0.000000 0.000000 0.000000 0.000000 0.000000 0.000000 0.000000 0.000000 0.000000 0.000000 0.000000 0.000000 0.000000 0.000000 0.000000 0.000000 0.000000 0.000000 0.000000 0.000000 0.000000 0.000000 0.000000 0.000000 0.000000 0.000000 0.000000 0.000000 0.000000
0.033749 0.012353 0.004522 0.001655 0.000606 0.000222 0.000081 0.000030 0.000011 0.000004 0.000001 0.000001 0.000000 0.000000 0.000000 0.000000 0.000000 0.000000 0.000000 0.000000 0.000000 0.000000 0.000000 0.000000 0.000000 0.000000 0.000000 0.000000 0.000000 0.000000 0.000000 0.000000 0.000000 0.000000 0.000000 0.000000 0.000000 0.000000 0.000000 0.000000 0.000000 0.000000 0.000000 0.000000 0.000000 0.000000 0.000000 0.000000 0.000000 0.000000
0.033149 0.012134 0.004441 0.001626 0.000595 0.000218 0.000080 0.000029 0.000011 0.000004 0.000001 0.000001 0.000000 0.000000 0.000000 0.000000 0.000000 0.000000 0.000000 0.000000 0.000000 0.000000 0.000000 0.000000 0.000000 0.000000 0.000000 0.000000 0.000000 0.000000 0.000000 0.000000 0.000000 0.000000 0.000000 0.000000 0.000000 0.000000 0.000000 0.000000 0.000000 0.000000 0.000000 0.000000 0.000000 0.000000 0.000000 0.000000 0.000000 0.000000
0.039039 0.014290 0.005230 0.001915 0.000701 0.000257 0.000094 0.000034 0.000013 0.000005 0.000002 0.000001 0.000000 0.000000 0.000000 0.000000 0.000000 0.000000 0.000000 0.000000 0.000000 0.000000 0.000000 0.000000 0.000000 0.000000 0.000000 0.000000 0.000000 0.000000 0.000000 0.000000 0.000000 0.000000 0.000000 0.000000 0.000000 0.000000 0.000000 0.000000 0.000000 0.000000 0.000000 0.000000 0.000000 0.000000 0.000000 0.000000 0.000000 0.000000
0.036218 0.013257 0.004852 0.001776 0.000650 0.000238 0.000087 0.000032 0.000012 0.000004 0.000002 0.000001 0.000000 0.000000 0.000000 0.000000 0.000000 0.000000 0.000000 0.000000 0.000000 0.000000 0.000000 0.000000 0.000000 0.000000 0.000000 0.000000 0.000000 0.000000 0.000000 0.000000 0.000000 0.000000 0.000000 0.000000 0.000000 0.000000 0.000000 0.000000 0.000000 0.000000 0.000000 0.000000 0.000000 0.000000 0.000000 0.000000 0.000000 0.000000
0.029109 0.010655 0.003900 0.001428 0.000523 0.000191 0.000070 0.000026 0.000009 0.000003 0.000001 0.000000 0.000000 0.000000 0.000000 0.000000 0.000000 0.000000 0.000000 0.000000 0.000000 0.000000 0.000000 0.000000 0.000000 0.000000 0.000000 0.000000 0.000000 0.000000 0.000000 0.000000 0.000000 0.000000 0.000000 0.000000 0.000000 0.000000 0.000000 0.000000 0.000000 0.000000 0.000000 0.000000 0.000000 0.000000 0.000000 0.000000 0.000000 0.000000
0.036006 0.013179 0.004824 0.001766 0.000646 0.000237 0.000087 0.000032 0.000012 0.000004 0.000002 0.000001 0.000000 0.000000 0.000000 0.000000 0.000000 0.000000 0.000000 0.000000 0.000000 0.000000 0.000000 0.000000 0.000000 0.000000 0.000000 0.000000 0.000000 0.000000 0.000000 0.000000 0.000000 0.000000 0.000000 0.000000 0.000000 0.000000 0.000000 0.000000 0.000000 0.000000 0.000000 0.000000 0.000000 0.000000 0.000000 0.000000 0.000000 0.000000
0.035717 0.013074 0.004785 0.001752 0.000641 0.000235 0.000086 0.000031 0.000012 0.000004 0.000002 0.000001 0.000000 0.000000 0.000000 0.000000 0.000000 0.000000 0.000000 0.000000 0.000000 0.000000 0.000000 0.000000 0.000000 0.000000 0.000000 0.000000 0.000000 0.000000 0.000000 0.000000 0.000000 0.000000 0.000000 0.000000 0.000000 0.000000 0.000000 0.000000 0.000000 0.000000 0.000000 0.000000 0.000000 0.000000 0.000000 0.000000 0.000000 0.000000
0.037811 0.013840 0.005066 0.001854 0.000679 0.000248 0.000091 0.000033 0.000012 0.000004 0.000002 0.000001 0.000000 0.000000 0.000000 0.000000 0.000000 0.000000 0.000000 0.000000 0.000000 0.000000 0.000000 0.000000 0.000000 0.000000 0.000000 0.000000 0.000000 0.000000 0.000000 0.000000 0.000000 0.000000 0.000000 0.000000 0.000000 0.000000 0.000000 0.000000 0.000000 0.000000 0.000000 0.000000 0.000000 0.000000 0.000000 0.000000 0.000000 0.000000
0.040794 0.014933 0.005466 0.002001 0.000732 0.000268 0.000098 0.000036 0.000013 0.000005 0.000002 0.000001 0.000000 0.000000 0.000000 0.000000 0.000000 0.000000 0.000000 0.000000 0.000000 0.000000 0.000000 0.000000 0.000000 0.000000 0.000000 0.000000 0.000000 0.000000 0.000000 0.000000 0.000000 0.000000 0.000000 0.000000 0.000000 0.000000 0.000000 0.000000 0.000000 0.000000 0.000000 0.000000 0.000000 0.000000 0.000000 0.000000 0.000000 0.000000
0.039343 0.014401 0.005271 0.001929 0.000706 0.000259 0.000095 0.000035 0.000013 0.000005 0.000002 0.000001 0.000000 0.000000 0.000000 0.000000 0.000000 0.000000 0.000000 0.000000 0.000000 0.000000 0.000000 0.000000 0.000000 0.000000 0.000000 0.000000 0.000000 0.000000 0.000000 0.000000 0.000000 0.000000 0.000000 0.000000 0.000000 0.000000 0.000000 0.000000 0.000000 0.000000 0.000000 0.000000 0.000000 0.000000 0.000000 0.000000 0.000000 0.000000
0.035336 0.012934 0.004734 0.001733 0.000634 0.000232 0.000085 0.000031 0.000011 0.000004 0.000002 0.000001 0.000000 0.000000 0.000000 0.000000 0.000000 0.000000 0.000000 0.000000 0.000000 0.000000 0.000000 0.000000 0.000000 0.000000 0.000000 0.000000 0.000000 0.000000 0.000000 0.000000 0.000000 0.000000 0.000000 0.000000 0.000000 0.000000 0.000000 0.000000 0.000000 0.000000 0.000000 0.000000 0.000000 0.000000 0.000000 0.000000 0.000000 0.000000
0.032758 0.011990 0.004389 0.001606 0.000588 0.000215 0.000079 0.000029 0.000011 0.000004 0.000001 0.000001 0.000000 0.000000 0.000000 0.000000 0.000000 0.000000 0.000000 0.000000 0.000000 0.000000 0.000000 0.000000 0.000000 0.000000 0.000000 0.000000 0.000000 0.000000 0.000000 0.000000 0.000000 0.000000 0.000000 0.000000 0.000000 0.000000 0.000000 0.000000 0.000000 0.000000 0.000000 0.000000 0.000000 0.000000 0.000000 0.000000 0.000000 0.000000
0.036748 0.013451 0.004923 0.001802 0.000660 0.000241 0.000088 0.000032 0.000012 0.000004 0.000002 0.000001 0.000000 0.000000 0.000000 0.000000 0.000000 0.000000 0.000000 0.000000 0.000000 0.000000 0.000000 0.000000 0.000000 0.000000 0.000000 0.000000 0.000000 0.000000 0.000000 0.000000 0.000000 0.000000 0.000000 0.000000 0.000000 0.000000 0.000000 0.000000 0.000000 0.000000 0.000000 0.000000 0.000000 0.000000 0.000000 0.000000 0.000000 0.000000
0.020831 0.007625 0.002791 0.001022 0.000374 0.000137 0.000050 0.000018 0.000007 0.000002 0.000001 0.000000 0.000000 0.000000 0.000000 0.000000 0.000000 0.000000 0.000000 0.000000 0.000000 0.000000 0.000000 0.000000 0.000000 0.000000 0.000000 0.000000 0.000000 0.000000 0.000000 0.000000 0.000000 0.000000 0.000000 0.000000 0.000000 0.000000 0.000000 0.000000 0.000000 0.000000 0.000000 0.000000 0.000000 0.000000 0.000000 0.000000 0.000000 0.000000
0.023530 0.008613 0.003153 0.001154 0.000422 0.000155 0.000057 0.000021 0.000008 0.000003 0.000001 0.000000 0.000000 0.000000 0.000000 0.000000 0.000000 0.000000 0.000000 0.000000 0.000000 0.000000 0.000000 0.000000 0.000000 0.000000 0.000000 0.000000 0.000000 0.000000 0.000000 0.000000 0.000000 0.000000 0.000000 0.000000 0.000000 0.000000 0.000000 0.000000 0.000000 0.000000 0.000000 0.000000 0.000000 0.000000 0.000000 0.000000 0.000000 0.000000
0.021629 0.007917 0.002898 0.001061 0.000388 0.000142 0.000052 0.000019 0.000007 0.000003 0.000001 0.000000 0.000000 0.000000 0.000000 0.000000 0.000000 0.000000 0.000000 0.000000 0.000000 0.000000 0.000000 0.000000 0.000000 0.000000 0.000000 0.000000 0.000000 0.000000 0.000000 0.000000 0.000000 0.000000 0.000000 0.000000 0.000000 0.000000 0.000000 0.000000 0.000000 0.000000 0.000000 0.000000 0.000000 0.000000 0.000000 0.000000 0.000000 0.000000
