#	kni>kni	kni>hb	kni>kr	kni>gt	hb>kni	hb>hb	hb>kr	hb>gt	kr>kni	kr>hb	kr>kr	kr>gt	gt>kni	gt>hb	gt>kr	gt>gt	Bcd>kni	Bcd>hb	Bcd>kr	Bcd>gt	Nos>kni	Nos>hb	Nos>kr	Nos>gt	Tll>kni	Tll>hb	Tll>kr	Tll>gt	
0	273.719384	-94.153377	80.668924	72.095057	-288.280571	96.447086	32.090580	149.934486	59.830435	-2.515208	15.026904	-296.683666	-63.134638	11.020065	-148.591470	46.874017	28.250830	-7.631995	-25.466155	-62.525594	-86.470980	32.923210	18.180328	35.410296	43.882523	-0.615320	-419.683354	-113.908866	
2	266.126740	-96.088142	79.573675	72.829661	-287.358197	98.717173	32.167214	143.771007	72.025783	2.858774	14.109916	-298.447872	-57.693130	15.134878	-147.389299	44.414628	38.619838	-3.234262	-21.136292	-55.149468	-88.662289	36.792299	18.192821	35.545278	29.818548	0.373396	-417.373461	-107.587500	
3	279.929176	-88.611631	75.248680	71.716012	-285.193484	98.851491	27.335451	138.437701	63.811801	0.244515	16.345901	-298.655485	-61.988724	15.117020	-151.413806	38.709320	23.034912	-3.990216	-25.858438	-68.117692	-93.209504	40.407651	15.342568	33.364505	41.528251	3.182426	-415.432510	-117.491493	
4	273.802137	-94.126842	79.311239	75.172170	-270.895472	98.457402	32.549839	148.441073	66.032745	4.272702	10.009976	-288.874300	-54.127502	14.248298	-144.464917	49.692099	27.865138	-5.099387	-21.004742	-58.999303	-89.052608	32.142630	17.083255	35.074621	25.764382	0.488142	-415.638043	-107.815972	
6	272.733832	-87.801767	74.895501	76.036380	-291.387843	100.927164	27.872855	147.726950	64.544320	-0.525237	13.701731	-296.597552	-62.020059	10.405718	-148.912546	48.109151	30.709512	-4.944147	-26.654336	-71.212375	-86.551023	33.057926	15.288138	39.015765	43.200231	0.330088	-423.083147	-114.627489	
7	270.006441	-92.066460	76.863212	76.417615	-301.263001	98.323850	30.514208	149.723016	67.459433	1.589447	8.497354	-304.558846	-64.732700	13.506071	-151.742075	43.300949	33.234416	-3.885320	-20.818210	-54.938553	-90.262404	33.682401	19.102922	37.859136	35.730748	0.735701	-422.645631	-110.220525	
9	276.231599	-90.023540	78.196135	74.705468	-283.766185	95.392096	28.852187	151.071083	63.388295	-0.509446	14.061533	-296.261154	-64.347487	14.504889	-145.384130	45.985731	29.093409	-3.410632	-23.898466	-61.492838	-90.111854	32.740671	18.136253	34.624673	40.941753	-1.968424	-419.599639	-113.500166	
10	273.325600	-91.864666	71.060199	61.034245	-282.528290	90.384521	26.571817	131.459319	71.375689	3.861025	13.439966	-299.075363	-65.793250	12.487594	-155.544660	45.851770	27.405660	-3.098582	-23.898927	-62.321918	-92.865932	34.204263	15.213273	46.539481	41.481915	3.541671	-417.853231	-113.989998	
12	270.097381	-90.865035	78.757364	71.091379	-298.467811	98.107228	30.331504	140.358691	68.239870	0.863018	15.984953	-305.634236	-61.348671	15.170254	-153.861421	45.048733	32.199819	-3.549090	-19.514696	-55.758682	-88.159511	34.717808	19.616685	40.516594	40.043326	-1.260867	-417.471360	-111.381069	
14	270.410866	-93.841521	74.746830	69.116303	-292.557419	92.734300	30.049820	139.401602	65.877557	1.173879	12.234307	-295.518968	-62.494359	11.734068	-148.985799	48.954987	35.380583	-4.186311	-23.333459	-62.632214	-87.131042	34.831042	16.121388	38.748543	39.629964	1.433246	-416.760222	-111.331229	
16	273.101119	-90.091908	80.291344	75.265594	-283.801993	101.256457	32.759020	145.122947	63.071004	0.696862	13.406430	-297.760905	-59.885574	16.479631	-148.795926	45.985996	28.448404	-3.793624	-24.018153	-63.507550	-86.417837	38.195408	15.990696	30.621091	36.906169	1.768162	-416.768454	-115.196826	
17	275.242239	-88.435642	76.811281	76.935499	-284.144401	98.267786	31.955917	144.945417	65.209735	1.194220	9.755593	-291.957957	-63.453999	15.369208	-147.663510	51.814292	26.731410	-4.183573	-25.924631	-61.289767	-90.521066	32.263726	15.105115	34.170568	38.598824	2.432440	-416.197398	-111.134593	
18	271.359049	-92.069621	77.964684	74.535253	-294.617078	100.487357	30.569520	146.140787	70.348784	1.335684	14.891972	-300.146701	-61.764967	14.153938	-152.023817	43.836609	37.435654	-3.687385	-22.067573	-52.515308	-88.637954	34.738452	20.296705	37.705145	33.618273	-0.590553	-423.017346	-109.116056	
19	281.803298	-86.954986	73.688151	66.205703	-282.048480	93.619094	28.463865	134.936737	67.564165	1.216834	19.095585	-296.818879	-67.786759	14.866559	-151.693860	46.790889	20.718561	-3.850739	-23.193352	-67.719695	-94.269751	35.665420	18.272432	40.914405	46.219058	4.335256	-414.538343	-116.431433	
22	272.675646	-88.369961	78.281276	73.216189	-290.138418	99.954451	30.456671	143.682484	70.384092	0.718958	14.164535	-300.752005	-58.842403	12.385522	-150.819504	45.582049	29.826190	-2.869715	-23.983997	-66.443341	-83.752917	34.940070	16.170603	37.526202	40.807234	5.460625	-415.163145	-116.428406	
23	273.811226	-89.477996	77.189579	76.224695	-282.686026	100.141853	29.658300	148.853006	64.076997	-1.396946	18.047534	-300.565190	-66.359958	12.429888	-149.822468	41.881512	29.546929	-4.863806	-19.181672	-57.639212	-93.682211	37.388175	19.641131	37.567339	33.315306	-2.847249	-424.569758	-107.898803	
24	271.662655	-90.388654	74.934289	73.119556	-286.387920	97.796721	29.649728	137.528828	67.509729	1.526244	14.418746	-296.491105	-61.548847	11.308345	-147.464754	47.666904	32.962089	-4.266431	-24.037492	-63.034404	-86.554261	32.101604	14.683831	40.289255	37.780460	3.254742	-416.547370	-112.548091	
25	272.469504	-93.032356	76.696000	72.563627	-279.072411	96.753471	29.008518	143.397699	64.801674	1.152602	16.938698	-297.259091	-64.468353	12.862001	-144.939701	41.521832	33.120325	-2.556771	-22.176532	-54.716135	-90.533194	35.912020	16.729950	37.688780	32.743577	-1.432821	-422.306437	-109.129944	
26	274.592413	-90.930790	75.947357	70.623388	-276.037203	96.754120	30.470838	145.479209	66.566306	2.822193	14.160040	-297.045405	-58.040808	12.638647	-151.733520	49.476158	25.765178	-3.278880	-23.030249	-65.144384	-86.918072	34.868715	16.322168	37.373718	33.862523	5.372873	-413.613780	-112.974810	
27	271.342697	-90.067601	77.400783	72.973637	-293.484979	96.366337	30.636275	144.453453	69.245610	1.792460	9.299123	-294.810268	-65.415943	13.942457	-150.564243	42.727390	34.789103	-4.510569	-25.031966	-57.724860	-90.936094	32.809137	18.774975	39.138183	40.481168	-1.360598	-421.000117	-111.731450	
32	272.527206	-91.342255	77.252292	73.317169	-291.813073	98.664997	30.846205	144.873277	69.368561	4.817965	10.869208	-298.955296	-61.668701	13.689812	-153.866821	51.133916	28.602269	-4.072463	-20.289567	-59.776608	-90.938553	32.603176	14.794903	37.179147	36.647781	1.454353	-416.704815	-108.811087	
33	274.505372	-90.715342	75.898743	69.338566	-286.634994	95.923338	27.733720	140.621138	68.176416	0.471735	17.605162	-298.736714	-66.549031	15.811027	-152.123806	44.818889	32.494504	-2.129224	-21.950518	-49.933758	-93.093685	33.320286	18.187878	38.281108	37.878470	-1.621483	-418.710494	-110.593373	
35	276.288491	-89.686418	77.663163	72.525693	-290.495637	98.406499	32.547348	140.378839	70.963279	4.271837	11.969732	-297.787351	-68.493996	15.364941	-151.260686	53.028440	23.088410	-2.656104	-21.320921	-61.230033	-92.619413	34.740437	14.437329	36.099156	43.024470	3.529436	-415.489087	-110.416051	
37	274.820905	-89.730926	77.496279	68.017952	-288.164268	98.069718	31.488885	143.009410	67.759324	-1.561282	16.277144	-295.988826	-63.603989	14.465654	-146.543327	50.508659	29.040342	-3.240346	-26.980816	-65.200018	-87.716415	37.474319	16.785026	34.301717	42.227312	2.529057	-418.311046	-113.377543	
38	280.119853	-92.357038	78.243532	70.782975	-272.593306	99.173802	33.389223	143.936914	68.902223	0.253992	17.529808	-292.160014	-64.092060	12.797900	-144.906308	54.225686	26.097326	-3.843386	-21.691280	-56.057895	-94.264404	34.153728	14.197603	32.215919	29.328179	-0.052768	-412.299333	-105.003745	
39	272.289288	-87.422553	75.045158	73.646435	-301.436377	98.543849	29.586648	144.683271	71.361313	-1.084661	10.950592	-302.100081	-63.020347	14.735563	-150.935438	46.993842	31.594130	-3.334296	-28.188020	-62.546068	-89.510297	32.764749	16.940993	39.722807	45.455532	-0.061249	-417.584991	-113.795728	
40	271.477051	-92.845055	74.919739	71.183742	-296.617288	94.864812	28.342598	144.180249	67.009013	1.038179	12.398275	-300.538420	-63.252745	8.550161	-150.765103	45.578618	35.055095	-3.502185	-23.543886	-65.203401	-86.351634	33.635149	17.379736	43.278724	42.167306	1.160251	-422.185666	-115.558795	
43	275.081603	-89.100587	74.868896	72.797377	-300.221144	97.303052	28.581551	140.030391	73.388529	4.823642	11.242613	-301.951900	-65.369018	14.053407	-154.532715	51.735427	28.472647	-3.854450	-23.507556	-65.609544	-89.687458	31.974333	15.496774	38.694064	46.336058	3.251235	-415.514768	-114.249066	
44	270.477384	-91.504953	73.114067	70.152809	-292.793043	89.606730	27.751975	136.688133	64.993561	5.659236	9.453510	-301.957297	-62.523832	13.279510	-151.180792	38.282920	35.478600	-3.904612	-20.516666	-61.497212	-91.550923	34.844349	15.716290	43.296288	38.974531	2.038580	-419.093968	-109.635044	
45	275.015781	-89.608123	80.146453	72.147504	-280.378413	96.442225	30.850770	141.558689	63.548783	0.109489	13.781786	-293.244122	-60.289028	17.848182	-147.722311	49.936909	25.691088	-3.380279	-24.581172	-63.438133	-90.771539	33.408138	19.795315	33.211259	39.488733	-3.008391	-418.618788	-113.069067	
47	274.504800	-91.892795	75.715871	71.057998	-286.613275	97.345799	29.070161	142.702104	62.079181	3.972745	9.824600	-294.657092	-62.767201	12.521021	-151.280594	46.578814	26.791877	-4.295420	-23.017000	-65.138723	-88.362317	34.064522	14.728189	42.095647	40.961000	1.830947	-419.437262	-111.194055	
48	274.677058	-88.462569	77.759365	75.918953	-292.483654	98.930323	29.646601	147.215206	64.141171	-0.677010	11.324812	-296.439179	-60.878634	10.691760	-148.578251	50.420300	28.849933	-2.681030	-26.693135	-67.168545	-84.735163	32.692785	14.940432	37.365211	40.720231	2.054790	-421.420746	-114.820237	
49	271.753677	-94.388104	77.516867	73.189989	-276.141488	99.035174	33.030674	144.014076	66.947031	0.952306	17.904708	-296.656231	-57.098996	12.042108	-144.117899	55.236545	26.653305	-2.717629	-24.263738	-63.678771	-83.209462	33.969631	13.595452	35.557514	32.230372	2.543307	-415.340424	-111.513852	
50	268.836483	-89.730973	75.415048	66.779676	-304.598384	95.385106	26.738421	136.289872	67.714681	4.101167	9.286406	-300.415322	-63.007407	15.649769	-159.016981	45.703771	29.745142	0.118665	-19.233792	-59.943275	-85.819090	34.191673	18.880066	41.367491	39.581667	5.154469	-413.217521	-113.849500	
52	270.807403	-92.778630	77.876662	77.163099	-288.419346	98.253818	30.494328	148.870701	68.252900	-1.226139	14.826819	-298.102367	-60.699117	13.185921	-148.691374	43.933779	36.367981	-3.686192	-24.360581	-55.516727	-88.936892	33.809426	16.805005	37.537692	33.328572	-0.307631	-419.797509	-109.488929	
54	273.857615	-90.429766	77.040292	76.252875	-275.515070	98.806044	29.444323	147.694772	65.281190	0.130718	10.960092	-293.267763	-59.740478	15.749519	-146.433335	49.715978	24.690985	-4.636368	-23.065615	-60.795361	-90.329820	34.377103	14.009818	33.627673	38.047390	1.343961	-417.896214	-109.221774	
55	275.651692	-86.284261	75.321144	67.231277	-299.245482	94.633557	27.429817	137.109750	69.619410	1.505844	16.211592	-303.792208	-67.608688	16.485598	-157.907874	42.375939	26.550968	-3.901630	-24.337618	-66.661000	-88.716754	38.729577	14.837481	35.529505	52.435872	3.589580	-419.150135	-121.153900	
56	271.342991	-85.365571	78.489585	78.035720	-292.714454	97.229008	33.628042	148.916652	68.202571	0.584784	11.836773	-294.843357	-66.775768	16.316500	-147.949332	48.592836	25.088184	-5.477837	-22.099888	-58.150238	-94.899228	31.341354	16.547269	31.386569	41.638765	-0.938516	-418.163467	-108.920617	
57	274.808137	-89.795274	77.637472	70.602314	-282.281680	99.369418	29.697930	138.561997	66.647069	1.938071	16.240213	-295.126999	-56.137206	14.979474	-149.944325	48.649763	26.957354	-4.347025	-25.998782	-65.129713	-86.789292	32.217682	13.574245	39.277174	38.298236	1.537683	-416.885825	-112.938609	
58	273.016750	-89.597693	75.302373	69.864055	-303.384014	94.994054	25.177756	138.173854	66.656825	-0.157980	14.934698	-305.501770	-67.981853	15.501053	-155.692152	39.804760	28.742670	-6.160179	-24.666801	-58.034583	-93.177965	35.468393	19.915136	41.315337	49.458572	-4.418393	-421.049684	-110.977909	
59	272.394436	-94.412633	76.080521	69.829730	-297.012021	93.900739	31.136278	144.002555	66.730866	2.893822	12.565249	-300.776681	-65.958764	9.780271	-151.457182	45.121326	34.089454	-3.286403	-23.456250	-64.251217	-87.652977	34.923576	15.517886	41.210575	39.951157	1.767731	-419.519701	-112.320967	
60	272.172687	-86.828075	80.802557	76.365891	-292.456720	98.367441	34.642376	145.664434	69.730896	2.605367	8.476838	-294.361269	-64.875951	17.556482	-146.484542	46.453405	32.345075	-5.929603	-21.383164	-56.356294	-97.729711	34.151173	19.854338	33.340344	38.230687	-0.074986	-417.843393	-107.816513	
61	268.575702	-92.073663	77.331336	73.512047	-292.173203	99.951044	33.007141	148.446725	70.408299	4.557315	14.909043	-299.003242	-64.686561	14.984501	-153.009488	52.525795	30.696082	-4.657890	-19.749940	-56.591700	-90.011432	32.057422	17.266247	34.093285	35.317328	1.780121	-414.567327	-109.531884	
62	273.972983	-90.666038	74.567948	71.863711	-306.849764	96.158246	27.199653	140.535383	69.753935	0.949590	13.308431	-305.813534	-67.160131	13.749080	-157.523236	41.668452	31.842180	-3.669491	-21.392825	-54.979633	-92.202556	32.657676	19.597075	44.287619	44.422560	-0.344542	-420.310519	-112.511917	
64	271.118957	-89.939861	78.069500	70.119032	-296.738104	99.422546	31.420131	142.615841	71.005488	3.946484	11.495957	-295.933417	-61.586503	13.548970	-153.145131	45.163850	34.632927	-4.600122	-23.469706	-63.052438	-90.938599	32.764307	18.072743	38.531181	38.111367	-0.349346	-420.122080	-110.519724	
65	267.965331	-92.616479	76.663470	73.344588	-304.682881	97.441540	29.973400	142.383487	65.346897	3.637850	9.285158	-299.760770	-56.368275	14.871665	-154.152274	42.693926	36.727701	-4.688603	-21.821886	-60.880014	-79.196772	39.230710	14.528407	30.494672	40.303648	3.772661	-419.039019	-114.026003	
67	278.882966	-91.457124	80.125521	75.291608	-268.007944	99.560887	32.256085	145.946775	62.495163	0.195152	15.342936	-289.797278	-59.822309	11.774395	-144.630771	50.553881	23.522520	-5.961872	-25.713879	-67.458481	-90.259810	33.053811	14.793484	35.386989	34.924432	-1.799988	-416.785835	-110.461423	
68	274.203029	-87.052739	77.897725	72.196013	-292.805036	93.591296	26.929443	138.619983	61.596397	1.194693	8.452601	-298.874485	-64.036734	17.555458	-151.791855	34.976283	25.619908	-6.999489	-26.557911	-68.223772	-90.927648	40.235282	18.570931	32.393911	50.885623	3.487704	-420.488151	-117.353500	
69	270.662800	-93.009043	74.507835	70.430763	-287.994737	94.979898	30.653139	138.084130	65.018298	0.572069	17.737951	-297.054587	-63.833178	10.703820	-150.027135	50.118121	29.828198	-7.358842	-22.851933	-61.338891	-88.732722	34.595849	13.936389	36.473912	39.418535	0.822852	-418.917586	-108.658961	
70	269.922785	-86.470328	73.169833	72.174373	-300.937247	95.139126	29.536660	138.831827	74.829990	0.253577	14.306870	-305.283998	-65.098140	12.820986	-153.805364	47.068226	37.245027	-5.405619	-23.814357	-61.623699	-93.603543	33.045620	16.441551	40.095071	48.472261	-1.050804	-419.700290	-110.337276	
71	282.430260	-92.775252	73.971276	68.565667	-274.331721	89.943082	30.054877	139.450474	63.990626	1.372450	16.589096	-295.858557	-67.941282	9.377731	-143.090549	42.781236	24.709703	-3.511514	-26.123642	-66.080332	-94.249005	36.438321	13.099075	41.788947	42.298217	1.772274	-417.326088	-111.669082	
74	274.376628	-90.355508	74.787448	67.971466	-292.180127	96.307432	29.718569	139.446000	66.849023	0.774634	17.414933	-299.986697	-70.688643	13.769803	-152.145108	44.961416	30.430748	-5.269868	-23.605074	-50.588616	-95.190483	33.398440	17.960674	42.036456	40.511653	-1.044092	-419.100341	-110.897432	
75	270.214991	-93.773738	77.379399	67.527605	-293.087429	96.366926	29.548667	140.056354	68.254455	0.821857	17.986941	-299.569539	-62.694564	11.052305	-149.684096	50.805997	35.815595	-4.540264	-22.330849	-60.553810	-85.498521	33.417844	14.360657	39.057070	36.820050	0.483116	-417.024398	-109.610394	
76	280.185471	-95.149574	77.917718	70.857765	-276.815959	95.686215	32.388210	144.341260	64.195611	3.035352	13.241755	-295.893519	-64.918439	12.469907	-147.878326	46.584878	28.827523	-3.865808	-23.796955	-62.637467	-92.421946	35.504285	16.318984	37.363229	32.921970	-0.643335	-410.379370	-108.906384	
77	270.341545	-89.330129	76.616446	72.617590	-292.941804	95.030355	29.182915	141.394115	68.814362	2.335550	14.980222	-298.348343	-62.430402	17.815492	-148.797734	42.350805	32.892271	-5.303694	-25.312010	-59.916493	-95.218377	33.188343	18.585007	37.702659	42.619091	-2.241821	-417.945542	-110.878656	
78	273.932258	-89.522907	74.399948	72.361366	-298.972769	98.767578	29.072412	140.731632	70.684309	1.365770	14.568251	-305.523587	-66.988618	13.275054	-155.751289	47.010906	26.709721	-2.675069	-24.188488	-62.178160	-90.773059	35.109536	16.102249	42.822307	45.228693	2.313870	-421.215125	-115.430911	
79	270.886812	-93.513980	78.143126	69.416798	-290.528457	96.614566	30.212289	138.679700	70.501032	1.671082	13.090330	-299.249926	-59.778812	14.499787	-153.787397	45.568806	35.559589	-3.035957	-22.802554	-53.818385	-91.126660	33.798069	17.786396	38.936848	33.441652	-0.178266	-414.322994	-107.250166	
80	268.916039	-93.200684	78.189126	70.052844	-305.062364	91.641710	29.873647	139.407002	69.692446	2.958657	10.436668	-303.529769	-63.178784	14.141377	-156.283165	42.301205	33.799110	-3.651611	-19.216766	-56.435726	-91.912108	35.101743	16.530058	41.063232	39.563849	0.067181	-410.945854	-106.806781	
81	271.785825	-88.500684	80.686535	75.054262	-279.172684	96.554880	30.490248	148.634199	62.393972	-0.022595	7.653739	-296.882770	-58.443693	18.803985	-146.818647	43.300188	26.039333	-4.403606	-21.918107	-58.199382	-87.873446	34.389351	21.978282	35.858020	42.093567	-4.491450	-418.209114	-112.978324	
82	278.404727	-85.882281	78.019238	72.959868	-283.820456	100.595298	29.362832	141.345818	63.028037	-1.624355	13.839130	-294.056565	-57.800546	16.312385	-149.278368	41.618628	25.975277	-9.054310	-27.320764	-66.478280	-87.124366	38.791225	16.655491	28.388501	45.441795	0.999261	-414.183483	-117.506354	
83	273.029893	-90.066319	75.493741	69.624269	-301.903867	98.578936	28.732977	142.005564	66.176132	0.372601	9.817881	-299.843494	-63.774927	10.651315	-154.618653	41.143570	30.936853	-4.980021	-22.932492	-61.229621	-88.972096	33.239791	18.343322	44.891150	40.387563	0.936944	-420.994951	-114.096368	
86	267.914988	-90.056936	76.079281	71.171212	-293.678120	98.455305	28.859727	140.683114	75.022404	1.735941	15.791467	-299.233411	-57.706002	14.276219	-149.972581	48.898536	31.985124	-3.088580	-22.074089	-62.641669	-87.118491	33.696312	14.275974	36.460296	39.177199	3.490582	-417.982925	-111.271201	
87	272.764132	-89.020165	76.966311	70.780386	-291.361567	94.785252	31.148212	140.590555	71.603482	4.331400	14.238624	-297.673089	-63.290450	13.596705	-150.367942	48.754090	26.395584	-4.278074	-22.401868	-61.735312	-95.785080	33.345963	14.567244	38.326776	39.500711	1.271518	-419.639622	-107.649447	
89	275.215702	-92.173488	75.210571	73.545945	-290.314302	99.957165	32.010962	146.387066	70.455736	2.474619	14.442573	-299.818624	-62.249455	9.585901	-151.009534	52.008307	28.178297	-5.766498	-23.779191	-63.626285	-90.430638	33.604515	16.160335	36.564728	36.450835	1.807591	-415.810494	-110.024111	
90	278.145003	-92.218244	75.972817	73.725982	-275.851907	98.126679	30.493508	145.653992	63.548219	-2.362315	16.034326	-295.231458	-63.075594	8.852229	-144.240678	47.258513	28.461723	-4.206155	-23.818274	-64.564192	-87.100392	34.958977	14.510326	37.512408	30.984427	1.370042	-421.030289	-109.002553	
93	274.466590	-87.926100	75.537190	71.805848	-292.179858	100.510383	30.494367	146.914725	67.888508	1.493570	16.138813	-297.906735	-61.133752	12.899677	-152.015465	48.735923	28.330157	-3.164444	-24.387348	-63.407829	-86.271573	36.926865	15.681682	34.593990	39.085695	4.358912	-417.770834	-113.852158	
94	270.914079	-86.328529	76.238517	68.329515	-296.109721	96.355818	32.208633	141.691189	67.545600	2.382582	11.843516	-301.068334	-69.671867	14.368146	-150.103114	44.667202	30.489480	-3.262984	-23.795718	-64.301349	-88.705857	34.766354	14.462553	40.033289	40.819747	4.276348	-416.705023	-112.936834	
96	270.897193	-87.593751	76.260238	67.841385	-302.502410	92.564717	28.385145	134.445324	72.009053	5.240036	8.026729	-301.909582	-70.938565	18.926905	-154.696829	46.983600	28.343273	-4.318972	-20.020095	-53.992306	-97.980094	33.117198	21.179366	38.839606	44.948229	0.315355	-417.977591	-111.660318	
