0.078292 0.077519 0.077305 0.077660 0.078601 0.080083 0.081868 0.083830 0.085924 0.088140 0.090476 0.092935 0.095519 0.098230 0.101072 0.104044 0.107149 0.110388 0.113760 0.117266 0.120906 0.124681 0.128588 0.132629 0.136802 0.141106 0.145541 0.150105 0.154797 0.159616 0.164561 0.169630 0.174822 0.180135 0.185568 0.191119 0.196786 0.202568 0.208463 0.214469 0.220585 0.226809 0.233139 0.239573 0.246110 0.252748 0.259486 0.266320 0.273251 0.280276
0.087149 0.085807 0.085044 0.084887 0.085350 0.086298 0.087567 0.089081 0.090805 0.092719 0.094810 0.097071 0.099496 0.102079 0.104818 0.107710 0.110752 0.113943 0.117280 0.120762 0.124387 0.128154 0.132062 0.136108 0.140291 0.144611 0.149064 0.153651 0.158368 0.163214 0.168189 0.173289 0.178514 0.183861 0.189329 0.194916 0.200620 0.206439 0.212372 0.218417 0.224571 0.230834 0.237202 0.243676 0.250252 0.256928 0.263704 0.270577 0.277546 0.284609
0.086957 0.086524 0.086508 0.086943 0.087921 0.089341 0.090998 0.092819 0.094782 0.096885 0.099130 0.101518 0.104053 0.106735 0.109566 0.112545 0.115671 0.118946 0.122367 0.125933 0.129644 0.133497 0.137492 0.141627 0.145900 0.150310 0.154855 0.159533 0.164343 0.169283 0.174350 0.179544 0.184862 0.190302 0.195863 0.201542 0.207338 0.213249 0.219273 0.225408 0.231652 0.238004 0.244461 0.251021 0.257684 0.264446 0.271307 0.278264 0.285315 0.292460
0.091409 0.090206 0.089593 0.089577 0.090287 0.091682 0.093452 0.095458 0.097646 0.099995 0.102495 0.105144 0.107937 0.110875 0.113957 0.117181 0.120547 0.124054 0.127702 0.131490 0.135416 0.139480 0.143680 0.148016 0.152485 0.157088 0.161821 0.166684 0.171676 0.176793 0.182036 0.187402 0.192889 0.198495 0.204220 0.210060 0.216015 0.222082 0.228259 0.234546 0.240939 0.247437 0.254039 0.260742 0.267544 0.274445 0.281442 0.288533 0.295717 0.302992
0.090326 0.089584 0.089370 0.089692 0.090721 0.092517 0.094723 0.097159 0.099760 0.102502 0.105379 0.108388 0.111530 0.114804 0.118213 0.121754 0.125430 0.129240 0.133184 0.137260 0.141470 0.145811 0.150284 0.154886 0.159618 0.164477 0.169464 0.174575 0.179810 0.185168 0.190646 0.196244 0.201959 0.207790 0.213735 0.219793 0.225962 0.232239 0.238624 0.245114 0.251708 0.258404 0.265201 0.272096 0.279087 0.286174 0.293354 0.300626 0.307988 0.315438
0.093045 0.092332 0.092166 0.092562 0.093756 0.095713 0.098077 0.100681 0.103464 0.106404 0.109491 0.112721 0.116095 0.119609 0.123264 0.127059 0.130992 0.135063 0.139271 0.143615 0.148092 0.152703 0.157445 0.162317 0.167318 0.172446 0.177700 0.183077 0.188577 0.194197 0.199936 0.205793 0.211764 0.217849 0.224045 0.230352 0.236766 0.243287 0.249912 0.256641 0.263470 0.270398 0.277424 0.284545 0.291761 0.299069 0.306467 0.313955 0.321530 0.329191
0.096091 0.095777 0.095881 0.096505 0.097941 0.100050 0.102525 0.105241 0.108148 0.111227 0.114470 0.117872 0.121430 0.125143 0.129006 0.133019 0.137179 0.141485 0.145933 0.150523 0.155251 0.160117 0.165117 0.170250 0.175514 0.180907 0.186427 0.192071 0.197838 0.203726 0.209732 0.215855 0.222092 0.228442 0.234903 0.241472 0.248147 0.254927 0.261811 0.268795 0.275878 0.283058 0.290334 0.297704 0.305165 0.312716 0.320356 0.328083 0.335895 0.343790
0.097114 0.097170 0.097693 0.098754 0.100633 0.103132 0.105957 0.108995 0.112207 0.115576 0.119100 0.122777 0.126605 0.130585 0.134714 0.138993 0.143418 0.147990 0.152706 0.157564 0.162562 0.167698 0.172971 0.178377 0.183915 0.189582 0.195376 0.201296 0.207338 0.213501 0.219783 0.226180 0.232692 0.239315 0.246049 0.252890 0.259836 0.266887 0.274039 0.281290 0.288640 0.296085 0.303623 0.311254 0.318976 0.326785 0.334682 0.342663 0.350728 0.358874
0.101307 0.100949 0.101173 0.102114 0.103998 0.106549 0.109479 0.112668 0.116068 0.119655 0.123418 0.127349 0.131444 0.135698 0.140108 0.144671 0.149384 0.154245 0.159251 0.164401 0.169690 0.175118 0.180682 0.186379 0.192208 0.198166 0.204251 0.210460 0.216791 0.223242 0.229810 0.236495 0.243292 0.250200 0.257217 0.264341 0.271569 0.278900 0.286332 0.293861 0.301487 0.309208 0.317021 0.324925 0.332917 0.340997 0.349161 0.357410 0.365740 0.374150
0.097294 0.098520 0.099925 0.101783 0.104418 0.107634 0.111146 0.114849 0.118710 0.122718 0.126872 0.131173 0.135621 0.140217 0.144960 0.149849 0.154884 0.160063 0.165384 0.170846 0.176447 0.182184 0.188055 0.194059 0.200193 0.206455 0.212843 0.219354 0.225986 0.232737 0.239605 0.246587 0.253681 0.260886 0.268197 0.275614 0.283135 0.290757 0.298478 0.306296 0.314209 0.322216 0.330313 0.338500 0.346774 0.355134 0.363577 0.372103 0.380709 0.389393
0.102974 0.102871 0.103411 0.104731 0.107071 0.110211 0.113781 0.117622 0.121674 0.125907 0.130311 0.134878 0.139605 0.144487 0.149523 0.154710 0.160045 0.165527 0.171153 0.176922 0.182830 0.188875 0.195055 0.201368 0.207811 0.214381 0.221078 0.227897 0.234837 0.241895 0.249069 0.256357 0.263755 0.271263 0.278878 0.286596 0.294417 0.302338 0.310357 0.318472 0.326681 0.334981 0.343371 0.351849 0.360413 0.369062 0.377792 0.386603 0.395493 0.404460
0.100854 0.102096 0.103552 0.105515 0.108332 0.111864 0.115773 0.119923 0.124264 0.128778 0.133460 0.138305 0.143312 0.148478 0.153800 0.159278 0.164907 0.170686 0.176612 0.182682 0.188894 0.195245 0.201733 0.208353 0.215105 0.221986 0.228992 0.236121 0.243370 0.250738 0.258221 0.265817 0.273524 0.281338 0.289259 0.297283 0.305408 0.313632 0.321953 0.330368 0.338876 0.347474 0.356160 0.364934 0.373791 0.382731 0.391752 0.400853 0.410030 0.419283
0.103386 0.104045 0.105227 0.107131 0.110013 0.113670 0.117755 0.122118 0.126698 0.131471 0.136422 0.141546 0.146836 0.152290 0.157905 0.163676 0.169602 0.175679 0.181905 0.188277 0.194792 0.201447 0.208239 0.215165 0.222223 0.229410 0.236723 0.244158 0.251714 0.259388 0.267177 0.275078 0.283089 0.291208 0.299431 0.307757 0.316183 0.324707 0.333326 0.342039 0.350843 0.359736 0.368716 0.377782 0.386930 0.396160 0.405469 0.414856 0.424319 0.433856
0.099852 0.102178 0.104533 0.107319 0.110877 0.115076 0.119607 0.124349 0.129266 0.134346 0.139589 0.144995 0.150563 0.156294 0.162186 0.168236 0.174443 0.180803 0.187314 0.193973 0.200777 0.207722 0.214806 0.222025 0.229376 0.236857 0.244463 0.252193 0.260043 0.268011 0.276093 0.284288 0.292591 0.301002 0.309516 0.318133 0.326848 0.335661 0.344568 0.353567 0.362657 0.371835 0.381099 0.390446 0.399876 0.409386 0.418975 0.428639 0.438379 0.448192
0.111673 0.111208 0.111606 0.113070 0.115735 0.119371 0.123575 0.128157 0.133032 0.138158 0.143508 0.149066 0.154820 0.160760 0.166879 0.173169 0.179626 0.186243 0.193016 0.199940 0.207012 0.214228 0.221583 0.229075 0.236700 0.244455 0.252336 0.260340 0.268465 0.276707 0.285064 0.293532 0.302110 0.310793 0.319581 0.328470 0.337457 0.346541 0.355719 0.364989 0.374348 0.383795 0.393327 0.402943 0.412640 0.422416 0.432269 0.442199 0.452202 0.462278
0.102984 0.105448 0.107984 0.111019 0.114878 0.119539 0.124618 0.129934 0.135426 0.141076 0.146881 0.152841 0.158958 0.165233 0.171663 0.178249 0.184989 0.191881 0.198922 0.206110 0.213442 0.220916 0.228527 0.236274 0.244153 0.252161 0.260296 0.268553 0.276931 0.285427 0.294037 0.302759 0.311590 0.320527 0.329569 0.338711 0.347952 0.357290 0.366721 0.376244 0.385857 0.395556 0.405341 0.415209 0.425157 0.435185 0.445290 0.455470 0.465723 0.476048
0.109080 0.110732 0.112741 0.115450 0.119118 0.123681 0.128737 0.134089 0.139661 0.145425 0.151368 0.157486 0.163775 0.170233 0.176855 0.183640 0.190585 0.197687 0.204942 0.212348 0.219901 0.227598 0.235435 0.243410 0.251519 0.259760 0.268127 0.276620 0.285234 0.293966 0.302814 0.311775 0.320845 0.330023 0.339304 0.348687 0.358169 0.367748 0.377420 0.387184 0.397038 0.406979 0.417004 0.427113 0.437302 0.447570 0.457914 0.468334 0.478827 0.489391
0.115913 0.116824 0.118267 0.120572 0.123951 0.128282 0.133169 0.138418 0.143949 0.149722 0.155718 0.161923 0.168328 0.174924 0.181703 0.188661 0.195791 0.203087 0.210545 0.218161 0.225929 0.233846 0.241907 0.250108 0.258446 0.266917 0.275518 0.284244 0.293093 0.302061 0.311145 0.320342 0.329649 0.339063 0.348582 0.358202 0.367921 0.377736 0.387645 0.397646 0.407735 0.417911 0.428172 0.438515 0.448938 0.459439 0.470017 0.480669 0.491394 0.502189
0.110067 0.112691 0.115478 0.118854 0.123102 0.128181 0.133714 0.139518 0.145530 0.151728 0.158105 0.164659 0.171389 0.178291 0.185363 0.192604 0.200008 0.207573 0.215296 0.223172 0.231197 0.239369 0.247683 0.256136 0.264725 0.273444 0.282292 0.291265 0.300359 0.309571 0.318898 0.328338 0.337886 0.347540 0.357298 0.367156 0.377112 0.387163 0.397308 0.407542 0.417865 0.428273 0.438765 0.449338 0.459990 0.470720 0.481525 0.492404 0.503354 0.514374
0.113493 0.115130 0.117313 0.120346 0.124421 0.129464 0.135064 0.141009 0.147209 0.153629 0.160248 0.167057 0.174048 0.181216 0.188556 0.196064 0.203735 0.211565 0.219551 0.227688 0.235973 0.244402 0.252971 0.261677 0.270516 0.279485 0.288581 0.297799 0.307137 0.316591 0.326159 0.335837 0.345623 0.355513 0.365505 0.375597 0.385784 0.396066 0.406438 0.416900 0.427449 0.438082 0.448797 0.459593 0.470466 0.481415 0.492439 0.503535 0.514701 0.525936
0.111915 0.114661 0.117563 0.121068 0.125468 0.130796 0.136668 0.142859 0.149289 0.155926 0.162757 0.169776 0.176977 0.184358 0.191913 0.199638 0.207528 0.215581 0.223790 0.232152 0.240663 0.249318 0.258115 0.267048 0.276114 0.285309 0.294631 0.304074 0.313636 0.323314 0.333105 0.343005 0.353011 0.363120 0.373330 0.383638 0.394041 0.404537 0.415124 0.425797 0.436557 0.447400 0.458323 0.469326 0.480406 0.491560 0.502788 0.514087 0.525455 0.536891
0.117187 0.118766 0.120919 0.123968 0.128099 0.133296 0.139140 0.145374 0.151893 0.158652 0.165626 0.172804 0.180176 0.187734 0.195473 0.203386 0.211468 0.219714 0.228119 0.236678 0.245387 0.254242 0.263237 0.272370 0.281636 0.291031 0.300552 0.310195 0.319956 0.329833 0.339821 0.349918 0.360120 0.370425 0.380830 0.391333 0.401929 0.412618 0.423395 0.434260 0.445210 0.456242 0.467354 0.478544 0.489810 0.501151 0.512564 0.524047 0.535599 0.547217
0.112282 0.115620 0.119137 0.123240 0.128185 0.134018 0.140373 0.147025 0.153895 0.160957 0.168201 0.175625 0.183225 0.191000 0.198946 0.207059 0.215337 0.223776 0.232370 0.241116 0.250010 0.259048 0.268226 0.277539 0.286984 0.296558 0.306256 0.316076 0.326013 0.336064 0.346226 0.356497 0.366872 0.377350 0.387926 0.398600 0.409367 0.420225 0.431172 0.442206 0.453324 0.464523 0.475803 0.487160 0.498593 0.510099 0.521677 0.533326 0.545042 0.556825
0.118899 0.121089 0.123697 0.127107 0.131547 0.137030 0.143169 0.149716 0.156566 0.163667 0.170995 0.178531 0.186264 0.194184 0.202284 0.210557 0.218997 0.227598 0.236356 0.245265 0.254321 0.263521 0.272859 0.282332 0.291935 0.301666 0.311521 0.321496 0.331588 0.341793 0.352109 0.362533 0.373061 0.383690 0.394418 0.405243 0.416161 0.427170 0.438268 0.449452 0.460719 0.472069 0.483498 0.495005 0.506587 0.518242 0.529969 0.541767 0.553632 0.565563
0.115304 0.118423 0.121842 0.125941 0.130954 0.136967 0.143630 0.150638 0.157877 0.165307 0.172915 0.180694 0.188643 0.196760 0.205040 0.213483 0.222084 0.230841 0.239749 0.248805 0.258007 0.267348 0.276828 0.286441 0.296184 0.306054 0.316047 0.326160 0.336390 0.346733 0.357186 0.367747 0.378413 0.389180 0.400046 0.411008 0.422063 0.433210 0.444445 0.455767 0.467172 0.478660 0.490226 0.501871 0.513591 0.525384 0.537250 0.549185 0.561188 0.573257
0.116703 0.120026 0.123545 0.127686 0.132695 0.138674 0.145302 0.152297 0.159549 0.167014 0.174675 0.182521 0.190549 0.198752 0.207126 0.215668 0.224374 0.233238 0.242258 0.251429 0.260747 0.270208 0.279808 0.289544 0.299411 0.309406 0.319526 0.329766 0.340124 0.350596 0.361179 0.371870 0.382666 0.393563 0.404560 0.415654 0.426841 0.438120 0.449487 0.460940 0.472478 0.484098 0.495797 0.507574 0.519426 0.531352 0.543349 0.555417 0.567552 0.579754
0.119673 0.122298 0.125310 0.129070 0.133784 0.139538 0.146030 0.152946 0.160158 0.167614 0.175290 0.183173 0.191253 0.199523 0.207976 0.216606 0.225407 0.234374 0.243502 0.252785 0.262219 0.271799 0.281521 0.291380 0.301372 0.311493 0.321740 0.332109 0.342596 0.353198 0.363911 0.374732 0.385659 0.396687 0.407815 0.419040 0.430358 0.441768 0.453266 0.464850 0.476519 0.488269 0.500099 0.512006 0.523989 0.536045 0.548172 0.560370 0.572635 0.584966
0.119217 0.121372 0.124041 0.127553 0.132086 0.137732 0.144259 0.151279 0.158623 0.166221 0.174042 0.182070 0.190294 0.198708 0.207303 0.216074 0.225016 0.234122 0.243387 0.252808 0.262378 0.272094 0.281950 0.291944 0.302070 0.312325 0.322705 0.333207 0.343826 0.354560 0.365404 0.376357 0.387414 0.398573 0.409832 0.421186 0.432634 0.444173 0.455800 0.467513 0.479310 0.491188 0.503146 0.515181 0.527291 0.539474 0.551728 0.564052 0.576443 0.588901
0.110220 0.114235 0.118224 0.122659 0.127825 0.133897 0.140801 0.148165 0.155810 0.163670 0.171722 0.179955 0.188366 0.196951 0.205706 0.214629 0.223714 0.232960 0.242360 0.251913 0.261613 0.271456 0.281439 0.291557 0.301808 0.312186 0.322689 0.333313 0.344054 0.354909 0.365875 0.376949 0.388128 0.399408 0.410787 0.422262 0.433831 0.445490 0.457238 0.469072 0.480989 0.492987 0.505065 0.517220 0.529450 0.541753 0.554127 0.566570 0.579081 0.591658
0.114279 0.116634 0.119408 0.122941 0.127416 0.132942 0.139484 0.146641 0.154166 0.161962 0.169986 0.178219 0.186649 0.195268 0.204070 0.213047 0.222195 0.231509 0.240983 0.250613 0.260394 0.270321 0.280390 0.290598 0.300939 0.311410 0.322007 0.332727 0.343565 0.354519 0.365585 0.376759 0.388039 0.399422 0.410904 0.422483 0.434156 0.445921 0.457775 0.469715 0.481739 0.493845 0.506030 0.518293 0.530631 0.543042 0.555525 0.568078 0.580698 0.593384
0.113023 0.115398 0.118135 0.121586 0.125942 0.131317 0.137738 0.144843 0.152344 0.160126 0.168144 0.176376 0.184810 0.193440 0.202259 0.211259 0.220436 0.229784 0.239297 0.248971 0.258800 0.268780 0.278907 0.289174 0.299579 0.310117 0.320783 0.331575 0.342488 0.353518 0.364663 0.375918 0.387280 0.398747 0.410315 0.421981 0.433743 0.445597 0.457541 0.469573 0.481689 0.493889 0.506168 0.518526 0.530960 0.543467 0.556047 0.568697 0.581414 0.594199
0.108998 0.111954 0.115068 0.118748 0.123230 0.128652 0.135079 0.142207 0.149738 0.157551 0.165598 0.173860 0.182324 0.190984 0.199834 0.208867 0.218079 0.227464 0.237018 0.246734 0.256609 0.266638 0.276815 0.287136 0.297597 0.308193 0.318920 0.329775 0.340753 0.351851 0.363064 0.374390 0.385825 0.397366 0.409009 0.420752 0.432591 0.444524 0.456548 0.468661 0.480859 0.493141 0.505504 0.517946 0.530465 0.543058 0.555723 0.568459 0.581264 0.594136
0.106056 0.108922 0.111967 0.115575 0.119974 0.125294 0.131616 0.138706 0.146231 0.154055 0.162122 0.170410 0.178906 0.187601 0.196490 0.205566 0.214824 0.224258 0.233862 0.243632 0.253562 0.263647 0.273883 0.284264 0.294787 0.305446 0.316238 0.327158 0.338202 0.349367 0.360649 0.372044 0.383549 0.395161 0.406875 0.418690 0.430602 0.442608 0.454706 0.466892 0.479165 0.491522 0.503961 0.516478 0.529073 0.541742 0.554485 0.567298 0.580180 0.593129
0.102609 0.105279 0.108128 0.111544 0.115752 0.120874 0.126999 0.134000 0.141510 0.149352 0.157455 0.165788 0.174337 0.183090 0.192039 0.201179 0.210502 0.220002 0.229674 0.239513 0.249511 0.259665 0.269970 0.280420 0.291011 0.301739 0.312599 0.323588 0.334700 0.345932 0.357282 0.368744 0.380315 0.391993 0.403775 0.415656 0.427634 0.439707 0.451871 0.464123 0.476463 0.488886 0.501390 0.513974 0.526635 0.539371 0.552179 0.565059 0.578007 0.591023
0.097100 0.099581 0.102327 0.105680 0.109829 0.114875 0.120892 0.127868 0.135447 0.143388 0.151597 0.160035 0.168682 0.177529 0.186568 0.195792 0.205196 0.214773 0.224519 0.234427 0.244494 0.254714 0.265082 0.275594 0.286246 0.297033 0.307950 0.318995 0.330163 0.341451 0.352854 0.364370 0.375995 0.387726 0.399560 0.411493 0.423523 0.435648 0.447864 0.460168 0.472559 0.485034 0.497590 0.510226 0.522938 0.535726 0.548586 0.561518 0.574519 0.587586
0.088539 0.091822 0.095147 0.098900 0.103296 0.108458 0.114477 0.121416 0.129037 0.137046 0.145324 0.153826 0.162529 0.171425 0.180506 0.189768 0.199205 0.208813 0.218586 0.228521 0.238612 0.248855 0.259246 0.269780 0.280454 0.291263 0.302203 0.313271 0.324462 0.335773 0.347201 0.358741 0.370392 0.382148 0.394008 0.405969 0.418027 0.430180 0.442425 0.454759 0.467180 0.479685 0.492273 0.504940 0.517685 0.530505 0.543399 0.556364 0.569398 0.582501
0.086720 0.089292 0.092038 0.095290 0.099225 0.103937 0.109496 0.115967 0.123275 0.131079 0.139202 0.147574 0.156164 0.164958 0.173948 0.183127 0.192488 0.202026 0.211737 0.221614 0.231653 0.241850 0.252199 0.262696 0.273336 0.284115 0.295029 0.306074 0.317246 0.328540 0.339954 0.351483 0.363125 0.374875 0.386730 0.398689 0.410746 0.422900 0.435147 0.447486 0.459912 0.472424 0.485020 0.497696 0.510451 0.523283 0.536188 0.549166 0.562214 0.575331
0.083299 0.085777 0.088279 0.091181 0.094688 0.098909 0.103919 0.109781 0.116548 0.124011 0.131880 0.140038 0.148436 0.157054 0.165881 0.174909 0.184131 0.193541 0.203134 0.212903 0.222843 0.232948 0.243213 0.253633 0.264203 0.274917 0.285771 0.296762 0.307883 0.319132 0.330503 0.341994 0.353600 0.365318 0.377145 0.389076 0.401109 0.413240 0.425467 0.437787 0.450197 0.462694 0.475275 0.487939 0.500682 0.513503 0.526398 0.539367 0.552407 0.565516
0.081510 0.082692 0.084115 0.086079 0.088737 0.092157 0.096378 0.101437 0.107375 0.114213 0.121715 0.129613 0.137806 0.146250 0.154922 0.163810 0.172904 0.182195 0.191677 0.201343 0.211185 0.221199 0.231378 0.241717 0.252210 0.262852 0.273637 0.284562 0.295622 0.306812 0.318127 0.329564 0.341119 0.352788 0.364568 0.376453 0.388443 0.400532 0.412718 0.424999 0.437370 0.449829 0.462373 0.475001 0.487708 0.500494 0.513355 0.526289 0.539294 0.552368
0.068908 0.070818 0.072689 0.074862 0.077524 0.080768 0.084652 0.089224 0.094533 0.100630 0.107547 0.115195 0.123269 0.131626 0.140222 0.149034 0.158050 0.167261 0.176661 0.186244 0.196004 0.205935 0.216032 0.226290 0.236702 0.247264 0.257972 0.268819 0.279803 0.290917 0.302159 0.313522 0.325005 0.336602 0.348310 0.360125 0.372044 0.384063 0.396179 0.408389 0.420691 0.433080 0.445554 0.458111 0.470747 0.483462 0.496251 0.509113 0.522046 0.535047
0.059193 0.061029 0.062683 0.064518 0.066735 0.069432 0.072667 0.076483 0.080922 0.086028 0.091848 0.098424 0.105760 0.113767 0.122164 0.130809 0.139671 0.148740 0.158004 0.167452 0.177079 0.186878 0.196844 0.206974 0.217259 0.227696 0.238278 0.249002 0.259862 0.270853 0.281972 0.293213 0.304574 0.316049 0.327634 0.339326 0.351121 0.363016 0.375007 0.387091 0.399265 0.411526 0.423872 0.436300 0.448807 0.461390 0.474048 0.486777 0.499576 0.512443
0.055396 0.055900 0.056385 0.057148 0.058335 0.060005 0.062190 0.064912 0.068193 0.072060 0.076542 0.081675 0.087496 0.094037 0.101298 0.109242 0.117739 0.126532 0.135526 0.144705 0.154078 0.163638 0.173375 0.183277 0.193336 0.203547 0.213905 0.224406 0.235047 0.245821 0.256724 0.267749 0.278893 0.290149 0.301515 0.312987 0.324560 0.336232 0.348001 0.359863 0.371815 0.383854 0.395977 0.408182 0.420466 0.432825 0.445258 0.457761 0.470333 0.482971
0.049127 0.049084 0.048999 0.049134 0.049619 0.050506 0.051820 0.053579 0.055798 0.058497 0.061695 0.065418 0.069695 0.074556 0.080036 0.086162 0.092954 0.100395 0.108447 0.117067 0.126090 0.135311 0.144671 0.154168 0.163816 0.173630 0.183612 0.193751 0.204032 0.214444 0.224978 0.235629 0.246393 0.257268 0.268252 0.279345 0.290544 0.301849 0.313254 0.324757 0.336352 0.348036 0.359804 0.371653 0.383580 0.395581 0.407655 0.419798 0.432010 0.444288
0.044161 0.043698 0.043024 0.042453 0.042151 0.042185 0.042581 0.043350 0.044502 0.046044 0.047986 0.050341 0.053124 0.056354 0.060053 0.064244 0.068954 0.074208 0.080026 0.086424 0.093404 0.100937 0.108980 0.117494 0.126451 0.135791 0.145316 0.154927 0.164612 0.174379 0.184247 0.194229 0.204338 0.214582 0.224970 0.235503 0.246170 0.256956 0.267846 0.278829 0.289900 0.301051 0.312281 0.323588 0.334970 0.346426 0.357957 0.369563 0.381245 0.393002
0.039705 0.038675 0.037438 0.036249 0.035276 0.034580 0.034177 0.034073 0.034266 0.034755 0.035542 0.036630 0.038022 0.039727 0.041754 0.044117 0.046832 0.049917 0.053394 0.057285 0.061610 0.066390 0.071637 0.077359 0.083563 0.090251 0.097403 0.104982 0.112947 0.121267 0.129918 0.138883 0.148151 0.157715 0.167567 0.177602 0.187687 0.197792 0.207924 0.218098 0.228330 0.238634 0.249021 0.259499 0.270074 0.280752 0.291538 0.302436 0.313448 0.324579
0.036468 0.034795 0.032949 0.031133 0.029500 0.028097 0.026929 0.025989 0.025267 0.024753 0.024439 0.024319 0.024392 0.024659 0.025126 0.025806 0.026712 0.027857 0.029256 0.030922 0.032871 0.035119 0.037682 0.040576 0.043816 0.047416 0.051389 0.055743 0.060481 0.065602 0.071101 0.076975 0.083222 0.089838 0.096825 0.104176 0.111866 0.119862 0.128136 0.136668 0.145441 0.154446 0.163675 0.173124 0.182790 0.192672 0.202770 0.213084 0.223614 0.234362
0.032204 0.030799 0.028917 0.026820 0.024727 0.022723 0.020841 0.019085 0.017452 0.015933 0.014530 0.013248 0.012094 0.011087 0.010287 0.009710 0.009346 0.009185 0.009215 0.009429 0.009823 0.010398 0.011154 0.012096 0.013228 0.014559 0.016095 0.017843 0.019812 0.022006 0.024433 0.027106 0.030049 0.033280 0.036813 0.040662 0.044834 0.049332 0.054156 0.059302 0.064765 0.070539 0.076619 0.082997 0.089670 0.096630 0.103875 0.111398 0.119198 0.127273
0.035295 0.032072 0.028745 0.025373 0.022117 0.019018 0.016070 0.013250 0.010541 0.007964 0.005626 0.003559 0.001744 0.000639 0.000234 0.000086 0.000031 0.000011 0.000004 0.000002 0.000001 0.000000 0.000000 0.000000 0.000000 0.000000 0.000000 0.000000 0.000000 0.000000 0.000031 0.000278 0.000764 0.001479 0.002420 0.003585 0.004972 0.006584 0.008419 0.010479 0.012763 0.015269 0.017996 0.020942 0.024102 0.027475 0.031056 0.034841 0.038840 0.043078
0.033528 0.030154 0.026443 0.022469 0.018471 0.014546 0.010712 0.007003 0.003572 0.001314 0.000481 0.000176 0.000064 0.000024 0.000009 0.000003 0.000001 0.000000 0.000000 0.000000 0.000000 0.000000 0.000000 0.000000 0.000000 0.000000 0.000000 0.000000 0.000000 0.000000 0.000000 0.000000 0.000000 0.000000 0.000000 0.000000 0.000000 0.000000 0.000000 0.000000 0.000000 0.000000 0.000000 0.000000 0.000000 0.000000 0.000000 0.000021 0.000337 0.001002
0.030204 0.026387 0.022312 0.017953 0.013494 0.009031 0.004617 0.001695 0.000620 0.000227 0.000083 0.000030 0.000011 0.000004 0.000001 0.000001 0.000000 0.000000 0.000000 0.000000 0.000000 0.000000 0.000000 0.000000 0.000000 0.000000 0.000000 0.000000 0.000000 0.000000 0.000000 0.000000 0.000000 0.000000 0.000000 0.000000 0.000000 0.000000 0.000000 0.000000 0.000000 0.000000 0.000000 0.000000 0.000000 0.000000 0.000000 0.000000 0.000000 0.000000
0.032374 0.027524 0.022521 0.017271 0.011870 0.006462 0.002413 0.000883 0.000323 0.000118 0.000043 0.000016 0.000006 0.000002 0.000001 0.000000 0.000000 0.000000 0.000000 0.000000 0.000000 0.000000 0.000000 0.000000 0.000000 0.000000 0.000000 0.000000 0.000000 0.000000 0.000000 0.000000 0.000000 0.000000 0.000000 0.000000 0.000000 0.000000 0.000000 0.000000 0.000000 0.000000 0.000000 0.000000 0.000000 0.000000 0.000000 0.000000 0.000000 0.000000
0.031691 0.026643 0.021357 0.015761 0.009857 0.004191 0.001534 0.000562 0.000206 0.000075 0.000028 0.000010 0.000004 0.000001 0.000000 0.000000 0.000000 0.000000 0.000000 0.000000 0.000000 0.000000 0.000000 0.000000 0.000000 0.000000 0.000000 0.000000 0.000000 0.000000 0.000000 0.000000 0.000000 0.000000 0.000000 0.000000 0.000000 0.000000 0.000000 0.000000 0.000000 0.000000 0.000000 0.000000 0.000000 0.000000 0.000000 0.000000 0.000000 0.000000
0.030606 0.025075 0.019340 0.013337 0.006997 0.002571 0.000941 0.000344 0.000126 0.000046 0.000017 0.000006 0.000002 0.000001 0.000000 0.000000 0.000000 0.000000 0.000000 0.000000 0.000000 0.000000 0.000000 0.000000 0.000000 0.000000 0.000000 0.000000 0.000000 0.000000 0.000000 0.000000 0.000000 0.000000 0.000000 0.000000 0.000000 0.000000 0.000000 0.000000 0.000000 0.000000 0.000000 0.000000 0.000000 0.000000 0.000000 0.000000 0.000000 0.000000
0.030058 0.023905 0.017663 0.011248 0.004885 0.001788 0.000655 0.000240 0.000088 0.000032 0.000012 0.000004 0.000002 0.000001 0.000000 0.000000 0.000000 0.000000 0.000000 0.000000 0.000000 0.000000 0.000000 0.000000 0.000000 0.000000 0.000000 0.000000 0.000000 0.000000 0.000000 0.000000 0.000000 0.000000 0.000000 0.000000 0.000000 0.000000 0.000000 0.000000 0.000000 0.000000 0.000000 0.000000 0.000000 0.000000 0.000000 0.000000 0.000000 0.000000
0.030043 0.023651 0.017206 0.010629 0.004405 0.001612 0.000590 0.000216 0.000079 0.000029 0.000011 0.000004 0.000001 0.000001 0.000000 0.000000 0.000000 0.000000 0.000000 0.000000 0.000000 0.000000 0.000000 0.000000 0.000000 0.000000 0.000000 0.000000 0.000000 0.000000 0.000000 0.000000 0.000000 0.000000 0.000000 0.000000 0.000000 0.000000 0.000000 0.000000 0.000000 0.000000 0.000000 0.000000 0.000000 0.000000 0.000000 0.000000 0.000000 0.000000
0.027906 0.022251 0.016373 0.010241 0.004295 0.001572 0.000575 0.000211 0.000077 0.000028 0.000010 0.000004 0.000001 0.000001 0.000000 0.000000 0.000000 0.000000 0.000000 0.000000 0.000000 0.000000 0.000000 0.000000 0.000000 0.000000 0.000000 0.000000 0.000000 0.000000 0.000000 0.000000 0.000000 0.000000 0.000000 0.000000 0.000000 0.000000 0.000000 0.000000 0.000000 0.000000 0.000000 0.000000 0.000000 0.000000 0.000000 0.000000 0.000000 0.000000
0.029095 0.023312 0.017398 0.011304 0.005123 0.001875 0.000686 0.000251 0.000092 0.000034 0.000012 0.000005 0.000002 0.000001 0.000000 0.000000 0.000000 0.000000 0.000000 0.000000 0.000000 0.000000 0.000000 0.000000 0.000000 0.000000 0.000000 0.000000 0.000000 0.000000 0.000000 0.000000 0.000000 0.000000 0.000000 0.000000 0.000000 0.000000 0.000000 0.000000 0.000000 0.000000 0.000000 0.000000 0.000000 0.000000 0.000000 0.000000 0.000000 0.000000
0.027642 0.022062 0.016416 0.010652 0.004839 0.001771 0.000648 0.000237 0.000087 0.000032 0.000012 0.000004 0.000002 0.000001 0.000000 0.000000 0.000000 0.000000 0.000000 0.000000 0.000000 0.000000 0.000000 0.000000 0.000000 0.000000 0.000000 0.000000 0.000000 0.000000 0.000000 0.000000 0.000000 0.000000 0.000000 0.000000 0.000000 0.000000 0.000000 0.000000 0.000000 0.000000 0.000000 0.000000 0.000000 0.000000 0.000000 0.000000 0.000000 0.000000
0.023233 0.018686 0.014018 0.009179 0.004213 0.001542 0.000565 0.000207 0.000076 0.000028 0.000010 0.000004 0.000001 0.000000 0.000000 0.000000 0.000000 0.000000 0.000000 0.000000 0.000000 0.000000 0.000000 0.000000 0.000000 0.000000 0.000000 0.000000 0.000000 0.000000 0.000000 0.000000 0.000000 0.000000 0.000000 0.000000 0.000000 0.000000 0.000000 0.000000 0.000000 0.000000 0.000000 0.000000 0.000000 0.000000 0.000000 0.000000 0.000000 0.000000
0.024590 0.020790 0.016739 0.012456 0.007938 0.003459 0.001266 0.000463 0.000170 0.000062 0.000023 0.000008 0.000003 0.000001 0.000000 0.000000 0.000000 0.000000 0.000000 0.000000 0.000000 0.000000 0.000000 0.000000 0.000000 0.000000 0.000000 0.000000 0.000000 0.000000 0.000000 0.000000 0.000000 0.000000 0.000000 0.000000 0.000000 0.000000 0.000000 0.000000 0.000000 0.000000 0.000000 0.000000 0.000000 0.000000 0.000000 0.000000 0.000000 0.000000
0.028671 0.024803 0.020958 0.017063 0.013057 0.008897 0.004670 0.001721 0.000630 0.000231 0.000084 0.000031 0.000011 0.000004 0.000002 0.000001 0.000000 0.000000 0.000000 0.000000 0.000000 0.000000 0.000000 0.000000 0.000000 0.000000 0.000000 0.000000 0.000000 0.000000 0.000000 0.000000 0.000000 0.000000 0.000000 0.000000 0.000000 0.000000 0.000000 0.000000 0.000000 0.000000 0.000000 0.000000 0.000000 0.000000 0.000000 0.000000 0.000000 0.000000
0.027160 0.024949 0.022514 0.019866 0.017003 0.013914 0.010590 0.007068 0.003518 0.001288 0.000471 0.000173 0.000063 0.000023 0.000008 0.000003 0.000001 0.000000 0.000000 0.000000 0.000000 0.000000 0.000000 0.000000 0.000000 0.000000 0.000000 0.000000 0.000000 0.000000 0.000000 0.000000 0.000000 0.000000 0.000000 0.000000 0.000000 0.000000 0.000000 0.000000 0.000000 0.000000 0.000000 0.000000 0.000000 0.000000 0.000000 0.000000 0.000000 0.000000
0.030471 0.028682 0.026779 0.024739 0.022540 0.020164 0.017590 0.014800 0.011786 0.008597 0.005377 0.002320 0.000849 0.000311 0.000114 0.000042 0.000015 0.000006 0.000002 0.000001 0.000000 0.000000 0.000000 0.000000 0.000000 0.000000 0.000000 0.000000 0.000000 0.000000 0.000000 0.000000 0.000000 0.000000 0.000000 0.000000 0.000000 0.000000 0.000000 0.000000 0.000000 0.000000 0.000000 0.000000 0.000000 0.000000 0.000000 0.000000 0.000000 0.000000
0.031194 0.030168 0.029036 0.027780 0.026382 0.024822 0.023084 0.021149 0.019000 0.016622 0.014010 0.011169 0.008182 0.005164 0.002255 0.000826 0.000302 0.000111 0.000040 0.000015 0.000005 0.000002 0.000001 0.000000 0.000000 0.000000 0.000000 0.000000 0.000000 0.000000 0.000000 0.000000 0.000000 0.000000 0.000000 0.000000 0.000000 0.000000 0.000000 0.000000 0.000000 0.000000 0.000000 0.000000 0.000000 0.000000 0.000000 0.000000 0.000000 0.000000
0.025769 0.026560 0.027041 0.027233 0.027150 0.026806 0.026208 0.025359 0.024259 0.022905 0.021290 0.019408 0.017253 0.014831 0.012150 0.009287 0.006357 0.003388 0.001251 0.000458 0.000168 0.000061 0.000022 0.000008 0.000003 0.000001 0.000000 0.000000 0.000000 0.000000 0.000000 0.000000 0.000000 0.000000 0.000000 0.000000 0.000000 0.000000 0.000000 0.000000 0.000000 0.000000 0.000000 0.000000 0.000000 0.000000 0.000000 0.000000 0.000000 0.000000
0.029649 0.030322 0.030840 0.031206 0.031416 0.031465 0.031343 0.031041 0.030550 0.029858 0.028954 0.027826 0.026462 0.024848 0.022972 0.020824 0.018404 0.015716 0.012787 0.009740 0.006633 0.003466 0.001273 0.000466 0.000171 0.000062 0.000023 0.000008 0.000003 0.000001 0.000000 0.000000 0.000000 0.000000 0.000000 0.000000 0.000000 0.000000 0.000000 0.000000 0.000000 0.000000 0.000000 0.000000 0.000000 0.000000 0.000000 0.000000 0.000000 0.000000
0.030122 0.031482 0.032726 0.033823 0.034756 0.035515 0.036093 0.036486 0.036689 0.036699 0.036510 0.036116 0.035508 0.034679 0.033616 0.032309 0.030745 0.028911 0.026796 0.024393 0.021704 0.018729 0.015499 0.012144 0.008718 0.005221 0.002085 0.000763 0.000279 0.000102 0.000037 0.000014 0.000005 0.000002 0.000001 0.000000 0.000000 0.000000 0.000000 0.000000 0.000000 0.000000 0.000000 0.000000 0.000000 0.000000 0.000000 0.000000 0.000000 0.000000
0.029825 0.032351 0.034535 0.036434 0.038086 0.039516 0.040740 0.041771 0.042615 0.043275 0.043753 0.044047 0.044154 0.044070 0.043788 0.043299 0.042595 0.041663 0.040491 0.039065 0.037370 0.035393 0.033118 0.030539 0.027657 0.024516 0.021171 0.017758 0.014394 0.011097 0.007856 0.004651 0.001850 0.000677 0.000248 0.000091 0.000033 0.000012 0.000004 0.000002 0.000001 0.000000 0.000000 0.000000 0.000000 0.000000 0.000000 0.000000 0.000000 0.000000
0.032174 0.034839 0.037299 0.039561 0.041634 0.043530 0.045254 0.046815 0.048218 0.049466 0.050562 0.051507 0.052300 0.052940 0.053421 0.053740 0.053891 0.053864 0.053652 0.053243 0.052625 0.051785 0.050707 0.049375 0.047780 0.045958 0.043934 0.041719 0.039329 0.036779 0.034083 0.031249 0.028291 0.025318 0.022426 0.019633 0.016928 0.014294 0.011718 0.009185 0.006687 0.004216 0.001849 0.000677 0.000248 0.000091 0.000033 0.000012 0.000004 0.000002
0.035707 0.038433 0.041034 0.043506 0.045851 0.048072 0.050171 0.052154 0.054025 0.055785 0.057439 0.058986 0.060427 0.061762 0.062989 0.064106 0.065108 0.065991 0.066750 0.067376 0.067862 0.068198 0.068374 0.068377 0.068194 0.067833 0.067332 0.066704 0.065950 0.065068 0.064058 0.062919 0.061650 0.060257 0.058754 0.057159 0.055486 0.053749 0.051957 0.050119 0.048241 0.046328 0.044387 0.042477 0.040693 0.039056 0.037563 0.036199 0.034952 0.033811
0.039370 0.042462 0.045363 0.048118 0.050756 0.053298 0.055756 0.058140 0.060457 0.062711 0.064906 0.067044 0.069126 0.071153 0.073125 0.075043 0.076904 0.078707 0.080450 0.082130 0.083742 0.085282 0.086744 0.088123 0.089410 0.090598 0.091687 0.092688 0.093639 0.094558 0.095445 0.096297 0.097108 0.097877 0.098604 0.099292 0.099945 0.100568 0.101164 0.101738 0.102293 0.102834 0.103362 0.103882 0.104406 0.104947 0.105517 0.106123 0.106771 0.107464
0.043930 0.046798 0.049740 0.052707 0.055671 0.058617 0.061536 0.064426 0.067286 0.070120 0.072929 0.075718 0.078490 0.081249 0.083999 0.086744 0.089486 0.092229 0.094974 0.097724 0.100480 0.103244 0.106017 0.108798 0.111588 0.114386 0.117191 0.120004 0.122832 0.125684 0.128573 0.131507 0.134496 0.137561 0.140726 0.143994 0.147366 0.150837 0.154403 0.158059 0.161803 0.165628 0.169530 0.173499 0.177526 0.181602 0.185718 0.189868 0.194044 0.198242
0.042571 0.047208 0.051533 0.055622 0.059530 0.063300 0.066967 0.070557 0.074093 0.077593 0.081074 0.084551 0.088036 0.091540 0.095074 0.098649 0.102274 0.105957 0.109706 0.113531 0.117439 0.121439 0.125537 0.129743 0.134064 0.138508 0.143085 0.147802 0.152669 0.157696 0.162894 0.168273 0.173841 0.179607 0.185576 0.191750 0.198128 0.204703 0.211471 0.218424 0.225555 0.232851 0.240285 0.247826 0.255450 0.263138 0.270876 0.278656 0.286474 0.294328
0.048377 0.052634 0.056806 0.060902 0.064936 0.068924 0.072883 0.076829 0.080778 0.084745 0.088745 0.092791 0.096898 0.101078 0.105344 0.109710 0.114188 0.118792 0.123535 0.128430 0.133493 0.138736 0.144178 0.149832 0.155718 0.161852 0.168253 0.174939 0.181926 0.189224 0.196838 0.204770 0.213012 0.221534 0.230295 0.239259 0.248397 0.257690 0.267129 0.276708 0.286418 0.296164 0.305876 0.315544 0.325174 0.334778 0.344385 0.354029 0.363734 0.373517
0.050834 0.055417 0.059876 0.064257 0.068594 0.072914 0.077240 0.081590 0.085983 0.090435 0.094964 0.099585 0.104313 0.109166 0.114160 0.119311 0.124637 0.130156 0.135888 0.141851 0.148069 0.154563 0.161357 0.168478 0.175952 0.183802 0.192046 0.200695 0.209732 0.219118 0.228808 0.238767 0.248878 0.258974 0.269000 0.278945 0.288824 0.298677 0.308542 0.318450 0.328416 0.338441 0.348507 0.358582 0.368634 0.378778 0.389154 0.399791 0.410673 0.421779
0.055402 0.059561 0.063829 0.068178 0.072599 0.077089 0.081655 0.086304 0.091050 0.095905 0.100885 0.106007 0.111288 0.116747 0.122403 0.128277 0.134392 0.140772 0.147440 0.154426 0.161758 0.169467 0.177585 0.186138 0.195141 0.204576 0.214400 0.224525 0.234720 0.244868 0.254928 0.264899 0.274808 0.284664 0.294451 0.304159 0.313985 0.324078 0.334464 0.345128 0.356044 0.367188 0.378535 0.390064 0.401753 0.413586 0.425563 0.437689 0.449971 0.462409
0.058193 0.062997 0.067733 0.072450 0.077185 0.081967 0.086823 0.091775 0.096847 0.102059 0.107432 0.112989 0.118752 0.124744 0.130990 0.137517 0.144351 0.151524 0.159068 0.167018 0.175409 0.184268 0.193596 0.203357 0.213414 0.223518 0.233561 0.243502 0.253332 0.263037 0.272618 0.282302 0.292250 0.302495 0.313018 0.323786 0.334774 0.345977 0.357397 0.369033 0.380881 0.392938 0.405195 0.417644 0.430276 0.443082 0.456052 0.469178 0.482456 0.495879
0.062232 0.067158 0.072075 0.077008 0.081983 0.087025 0.092162 0.097418 0.102818 0.108388 0.114153 0.120140 0.126377 0.132891 0.139713 0.146876 0.154414 0.162365 0.170767 0.179650 0.189009 0.198771 0.208677 0.218554 0.228329 0.237970 0.247449 0.256906 0.266579 0.276540 0.286782 0.297284 0.308040 0.319047 0.330303 0.341801 0.353533 0.365488 0.377658 0.390038 0.402619 0.415395 0.428361 0.441510 0.454836 0.468331 0.481991 0.495808 0.509776 0.523890
0.065367 0.070428 0.075506 0.080629 0.085823 0.091117 0.096535 0.102104 0.107851 0.113802 0.119987 0.126434 0.133175 0.140243 0.147673 0.155503 0.163775 0.172526 0.181762 0.191374 0.201084 0.210739 0.220264 0.229613 0.238907 0.248398 0.258166 0.268214 0.278535 0.289128 0.299990 0.311113 0.322489 0.334110 0.345970 0.358061 0.370375 0.382906 0.395647 0.408590 0.421728 0.435055 0.448564 0.462249 0.476104 0.490123 0.504300 0.518630 0.533107 0.547727
0.067372 0.072546 0.077772 0.083078 0.088491 0.094036 0.099741 0.105630 0.111733 0.118078 0.124694 0.131615 0.138876 0.146513 0.154568 0.163081 0.172084 0.181516 0.191097 0.200629 0.210011 0.219211 0.228462 0.237948 0.247707 0.257746 0.268066 0.278666 0.289538 0.300674 0.312069 0.323714 0.335603 0.347728 0.360081 0.372656 0.385445 0.398442 0.411640 0.425031 0.438610 0.452371 0.466306 0.480410 0.494678 0.509104 0.523681 0.538406 0.553273 0.568277
0.071713 0.076517 0.081518 0.086709 0.092093 0.097683 0.103496 0.109551 0.115874 0.122492 0.129436 0.136738 0.144436 0.152570 0.161179 0.170277 0.179688 0.189121 0.198421 0.207539 0.216707 0.226102 0.235769 0.245722 0.255962 0.266485 0.277286 0.288356 0.299690 0.311280 0.323117 0.335196 0.347509 0.360047 0.372806 0.385776 0.398953 0.412328 0.425895 0.439649 0.453582 0.467690 0.481965 0.496403 0.510998 0.525745 0.540638 0.555673 0.570845 0.586150
0.072118 0.077793 0.083435 0.089122 0.094911 0.100854 0.106992 0.113366 0.120015 0.126975 0.134288 0.141992 0.150132 0.158746 0.167812 0.177067 0.186256 0.195269 0.204279 0.213496 0.222982 0.232758 0.242827 0.253186 0.263828 0.274748 0.285937 0.297389 0.309095 0.321050 0.333244 0.345672 0.358325 0.371197 0.384281 0.397570 0.411057 0.424735 0.438599 0.452643 0.466860 0.481245 0.495792 0.510496 0.525351 0.540354 0.555498 0.570779 0.586192 0.601734
0.076314 0.081500 0.086910 0.092534 0.098375 0.104448 0.110775 0.117383 0.124303 0.131571 0.139225 0.147307 0.155850 0.164778 0.173778 0.182649 0.191447 0.200415 0.209644 0.219164 0.228981 0.239094 0.249498 0.260187 0.271154 0.282391 0.293892 0.305648 0.317654 0.329900 0.342380 0.355087 0.368013 0.381152 0.394496 0.408040 0.421776 0.435699 0.449802 0.464079 0.478524 0.493132 0.507898 0.522817 0.537882 0.553090 0.568436 0.583916 0.599524 0.615257
0.078340 0.084027 0.089781 0.095658 0.101702 0.107958 0.114463 0.121259 0.128384 0.135881 0.143790 0.152149 0.160826 0.169503 0.178068 0.186738 0.195651 0.204853 0.214357 0.224163 0.234268 0.244667 0.255353 0.266318 0.277556 0.289060 0.300821 0.312833 0.325088 0.337579 0.350298 0.363239 0.376394 0.389756 0.403319 0.417077 0.431022 0.445149 0.459451 0.473923 0.488560 0.503355 0.518304 0.533402 0.548643 0.564023 0.579537 0.595182 0.610953 0.626845
0.081467 0.086917 0.092520 0.098303 0.104302 0.110551 0.117086 0.123946 0.131170 0.138797 0.146866 0.155278 0.163701 0.172102 0.180689 0.189547 0.198706 0.208173 0.217947 0.228023 0.238395 0.249057 0.260001 0.271220 0.282706 0.294452 0.306451 0.318695 0.331176 0.343887 0.356822 0.369973 0.383332 0.396894 0.410652 0.424600 0.438730 0.453037 0.467516 0.482161 0.496965 0.511925 0.527034 0.542289 0.557683 0.573213 0.588874 0.604663 0.620574 0.636604
0.083403 0.088544 0.093897 0.099495 0.105367 0.111545 0.118060 0.124942 0.132227 0.139946 0.148100 0.156402 0.164736 0.173270 0.182082 0.191198 0.200624 0.210359 0.220397 0.230733 0.241360 0.252270 0.263457 0.274912 0.286629 0.298600 0.310817 0.323274 0.335962 0.348875 0.362006 0.375347 0.388892 0.402635 0.416568 0.430686 0.444983 0.459453 0.474089 0.488887 0.503842 0.518948 0.534199 0.549593 0.565123 0.580786 0.596577 0.612493 0.628528 0.644680
0.083931 0.088909 0.094190 0.099770 0.105658 0.111872 0.118436 0.125380 0.132734 0.140525 0.148645 0.156871 0.165311 0.174032 0.183059 0.192398 0.202046 0.212001 0.222256 0.232803 0.243638 0.254751 0.266137 0.277786 0.289693 0.301850 0.314248 0.326882 0.339743 0.352824 0.366119 0.379620 0.393322 0.407216 0.421298 0.435561 0.449999 0.464607 0.479378 0.494308 0.509391 0.524622 0.539996 0.555510 0.571157 0.586935 0.602838 0.618863 0.635006 0.651264
0.084336 0.089751 0.095280 0.100989 0.106932 0.113157 0.119709 0.126626 0.133941 0.141655 0.149595 0.157792 0.166293 0.175115 0.184260 0.193725 0.203505 0.213594 0.223984 0.234668 0.245639 0.256889 0.268410 0.280195 0.292236 0.304524 0.317054 0.329817 0.342805 0.356012 0.369431 0.383054 0.396875 0.410888 0.425085 0.439462 0.454012 0.468730 0.483609 0.498644 0.513831 0.529165 0.544640 0.560252 0.575997 0.591870 0.607867 0.623984 0.640218 0.656565
0.086822 0.091869 0.097123 0.102620 0.108395 0.114483 0.120917 0.127729 0.134936 0.142512 0.150417 0.158656 0.167230 0.176136 0.185370 0.194927 0.204799 0.214980 0.225464 0.236242 0.247307 0.258652 0.270268 0.282148 0.294284 0.306668 0.319292 0.332150 0.345232 0.358532 0.372044 0.385759 0.399672 0.413775 0.428062 0.442528 0.457166 0.471970 0.486935 0.502056 0.517327 0.532743 0.548300 0.563993 0.579818 0.595770 0.611845 0.628039 0.644349 0.660771
0.089048 0.093550 0.098392 0.103574 0.109107 0.115004 0.121282 0.127954 0.135039 0.142600 0.150561 0.158882 0.167547 0.176545 0.185871 0.195518 0.205481 0.215752 0.226325 0.237192 0.248346 0.259778 0.271481 0.283448 0.295670 0.308139 0.320848 0.333788 0.346954 0.360337 0.373930 0.387726 0.401718 0.415900 0.430266 0.444809 0.459523 0.474403 0.489443 0.504637 0.519981 0.535470 0.551098 0.566862 0.582756 0.598777 0.614920 0.631182 0.647558 0.664046
0.089111 0.093604 0.098382 0.103467 0.108882 0.114649 0.120787 0.127305 0.134319 0.141887 0.149888 0.158270 0.167009 0.176092 0.185510 0.195253 0.205315 0.215686 0.226360 0.237328 0.248582 0.260114 0.271916 0.283979 0.296296 0.308859 0.321659 0.334690 0.347944 0.361414 0.375091 0.388971 0.403045 0.417307 0.431751 0.446371 0.461161 0.476115 0.491227 0.506493 0.521908 0.537465 0.553161 0.568991 0.584951 0.601036 0.617243 0.633567 0.650005 0.666553
0.085235 0.090245 0.095377 0.100701 0.106273 0.112135 0.118315 0.124870 0.132064 0.139819 0.148001 0.156556 0.165460 0.174701 0.184271 0.194160 0.204363 0.214871 0.225676 0.236771 0.248148 0.259798 0.271715 0.283890 0.296315 0.308982 0.321884 0.335013 0.348362 0.361924 0.375692 0.389658 0.403817 0.418162 0.432686 0.447384 0.462250 0.477278 0.492462 0.507799 0.523282 0.538906 0.554668 0.570562 0.586584 0.602731 0.618998 0.635381 0.651876 0.668481
0.083559 0.087949 0.092722 0.097853 0.103329 0.109148 0.115305 0.122004 0.129455 0.137451 0.145856 0.154615 0.163708 0.173123 0.182855 0.192898 0.203244 0.213888 0.224822 0.236041 0.247536 0.259300 0.271326 0.283605 0.296131 0.308896 0.321893 0.335113 0.348551 0.362198 0.376048 0.390095 0.404332 0.418752 0.433349 0.448118 0.463053 0.478148 0.493399 0.508799 0.524343 0.540028 0.555849 0.571800 0.587879 0.604080 0.620400 0.636835 0.653381 0.670035
0.080668 0.085798 0.091019 0.096405 0.102007 0.107859 0.114043 0.120888 0.128454 0.136520 0.144980 0.153794 0.162945 0.172422 0.182218 0.192328 0.202743 0.213457 0.224463 0.235753 0.247319 0.259154 0.271250 0.283599 0.296194 0.309027 0.322089 0.335375 0.348876 0.362586 0.376497 0.390604 0.404899 0.419376 0.434029 0.448852 0.463840 0.478987 0.494288 0.509737 0.525330 0.541062 0.556929 0.572925 0.589047 0.605291 0.621653 0.638129 0.654715 0.671408
0.085677 0.089627 0.093943 0.098622 0.103663 0.109057 0.114950 0.121650 0.129085 0.137037 0.145409 0.154161 0.163269 0.172722 0.182507 0.192616 0.203040 0.213769 0.224795 0.236110 0.247704 0.259569 0.271697 0.284080 0.296709 0.309576 0.322675 0.335996 0.349533 0.363279 0.377226 0.391368 0.405698 0.420210 0.434898 0.449755 0.464776 0.479956 0.495289 0.510770 0.526394 0.542156 0.558053 0.574079 0.590230 0.606502 0.622892 0.639395 0.656008 0.672728
0.084080 0.088395 0.092995 0.097893 0.103097 0.108619 0.114697 0.121609 0.129220 0.137310 0.145788 0.154623 0.163797 0.173302 0.183130 0.193276 0.203731 0.214488 0.225540 0.236878 0.248495 0.260382 0.272531 0.284934 0.297583 0.310470 0.323588 0.336929 0.350485 0.364249 0.378215 0.392376 0.406724 0.421254 0.435959 0.450834 0.465873 0.481070 0.496420 0.511917 0.527558 0.543337 0.559249 0.575291 0.591458 0.607746 0.624150 0.640669 0.657297 0.674031
0.083404 0.087954 0.092722 0.097742 0.103037 0.108663 0.114927 0.122013 0.129716 0.137864 0.146391 0.155269 0.164485 0.174030 0.183896 0.194077 0.204564 0.215351 0.226430 0.237793 0.249433 0.261340 0.273509 0.285929 0.298595 0.311498 0.324630 0.337984 0.351552 0.365329 0.379306 0.393477 0.407835 0.422374 0.437089 0.451973 0.467020 0.482225 0.497583 0.513088 0.528736 0.544522 0.560442 0.576491 0.592664 0.608959 0.625370 0.641895 0.658529 0.675270
0.083676 0.088066 0.092792 0.097836 0.103185 0.108899 0.115296 0.122491 0.130249 0.138434 0.146993 0.155902 0.165147 0.174721 0.184616 0.194823 0.205337 0.216149 0.227251 0.238636 0.250296 0.262223 0.274409 0.286847 0.299527 0.312444 0.325588 0.338954 0.352533 0.366319 0.380305 0.394483 0.408849 0.423395 0.438116 0.453005 0.468057 0.483266 0.498628 0.514137 0.529789 0.545578 0.561501 0.577552 0.593728 0.610024 0.626438 0.642964 0.659600 0.676343
0.081429 0.086649 0.091928 0.097344 0.102946 0.108861 0.115441 0.122756 0.130587 0.138822 0.147419 0.156360 0.165633 0.175231 0.185148 0.195377 0.205911 0.216741 0.227861 0.239263 0.250938 0.262880 0.275079 0.287529 0.300222 0.313150 0.326304 0.339679 0.353267 0.367061 0.381054 0.395239 0.409610 0.424162 0.438887 0.453780 0.468836 0.484048 0.499413 0.514924 0.530578 0.546369 0.562292 0.578344 0.594521 0.610818 0.627232 0.643759 0.660395 0.677138
0.084836 0.089026 0.093588 0.098504 0.103757 0.109450 0.115900 0.123143 0.130934 0.139146 0.147730 0.156663 0.165934 0.175533 0.185453 0.195687 0.206226 0.217062 0.228189 0.239598 0.251280 0.263229 0.275436 0.287892 0.300591 0.313525 0.326685 0.340065 0.353658 0.367456 0.381453 0.395642 0.410017 0.424571 0.439299 0.454195 0.469253 0.484467 0.499833 0.515346 0.531000 0.546792 0.562716 0.578769 0.594946 0.611244 0.627657 0.644184 0.660820 0.677562
