0.100629 0.103621 0.106755 0.110139 0.113891 0.117963 0.122192 0.126511 0.130900 0.135353 0.139871 0.144456 0.149109 0.153831 0.158624 0.163489 0.168426 0.173435 0.178517 0.183671 0.188898 0.194198 0.199569 0.205012 0.210526 0.216111 0.221766 0.227490 0.233283 0.239144 0.245072 0.251066 0.257126 0.263251 0.269439 0.275691 0.282004 0.288379 0.294813 0.301308 0.307860 0.314470 0.321137 0.327860 0.334637 0.341468 0.348353 0.355289 0.362277 0.369315
0.110562 0.111906 0.113861 0.116417 0.119575 0.123142 0.126944 0.130909 0.135004 0.139214 0.143529 0.147944 0.152454 0.157058 0.161751 0.166533 0.171400 0.176353 0.181388 0.186506 0.191704 0.196982 0.202337 0.207770 0.213279 0.218863 0.224521 0.230251 0.236052 0.241925 0.247866 0.253876 0.259953 0.266096 0.272305 0.278578 0.284913 0.291311 0.297770 0.304289 0.310866 0.317502 0.324195 0.330944 0.337748 0.344606 0.351518 0.358482 0.365497 0.372562
0.109019 0.112262 0.115547 0.119061 0.122835 0.126745 0.130744 0.134822 0.138983 0.143231 0.147568 0.151997 0.156518 0.161132 0.165838 0.170635 0.175521 0.180496 0.185558 0.190706 0.195937 0.201252 0.206648 0.212123 0.217677 0.223308 0.229015 0.234796 0.240650 0.246577 0.252573 0.258639 0.264774 0.270975 0.277242 0.283574 0.289969 0.296427 0.302946 0.309525 0.316163 0.322860 0.329613 0.336422 0.343287 0.350205 0.357177 0.364200 0.371275 0.378400
0.115647 0.117113 0.119293 0.122174 0.125608 0.129364 0.133331 0.137459 0.141720 0.146099 0.150588 0.155178 0.159865 0.164645 0.169516 0.174474 0.179518 0.184646 0.189857 0.195150 0.200523 0.205975 0.211505 0.217112 0.222795 0.228552 0.234382 0.240285 0.246259 0.252303 0.258416 0.264597 0.270845 0.277158 0.283535 0.289976 0.296480 0.303044 0.309669 0.316353 0.323094 0.329893 0.336748 0.343658 0.350622 0.357639 0.364708 0.371828 0.378998 0.386218
0.107223 0.111052 0.115055 0.119379 0.123958 0.128636 0.133360 0.138116 0.142911 0.147751 0.152644 0.157595 0.162609 0.167690 0.172838 0.178057 0.183348 0.188711 0.194147 0.199656 0.205237 0.210892 0.216618 0.222416 0.228285 0.234225 0.240234 0.246312 0.252458 0.258670 0.264949 0.271293 0.277700 0.284171 0.290704 0.297298 0.303952 0.310666 0.317437 0.324265 0.331150 0.338090 0.345084 0.352131 0.359231 0.366381 0.373583 0.380834 0.388133 0.395481
0.111220 0.114762 0.118586 0.122804 0.127273 0.131872 0.136560 0.141323 0.146163 0.151080 0.156077 0.161153 0.166310 0.171546 0.176862 0.182258 0.187731 0.193282 0.198909 0.204611 0.210388 0.216239 0.222162 0.228157 0.234222 0.240357 0.246560 0.252831 0.259168 0.265570 0.272037 0.278566 0.285158 0.291812 0.298525 0.305298 0.312128 0.319016 0.325960 0.332960 0.340013 0.347120 0.354280 0.361490 0.368752 0.376062 0.383422 0.390829 0.398284 0.405784
0.121506 0.122951 0.125359 0.128609 0.132398 0.136537 0.140931 0.145524 0.150286 0.155192 0.160229 0.165383 0.170645 0.176009 0.181470 0.187021 0.192661 0.198386 0.204193 0.210080 0.216044 0.222085 0.228201 0.234389 0.240649 0.246978 0.253377 0.259842 0.266374 0.272970 0.279630 0.286353 0.293136 0.299980 0.306883 0.313844 0.320862 0.327936 0.335065 0.342248 0.349483 0.356771 0.364109 0.371498 0.378935 0.386421 0.393954 0.401534 0.409159 0.416829
0.109627 0.115025 0.120370 0.125830 0.131288 0.136699 0.142074 0.147438 0.152815 0.158226 0.163684 0.169200 0.174781 0.180431 0.186153 0.191950 0.197821 0.203768 0.209790 0.215887 0.222058 0.228303 0.234619 0.241007 0.247465 0.253991 0.260586 0.267247 0.273973 0.280764 0.287617 0.294533 0.301509 0.308545 0.315639 0.322790 0.329998 0.337261 0.344578 0.351949 0.359371 0.366844 0.374368 0.381941 0.389562 0.397230 0.404945 0.412705 0.420510 0.428359
0.122648 0.125153 0.128560 0.132670 0.137197 0.141995 0.146991 0.152143 0.157430 0.162834 0.168346 0.173957 0.179662 0.185458 0.191339 0.197305 0.203352 0.209480 0.215686 0.221969 0.228327 0.234760 0.241266 0.247843 0.254491 0.261208 0.267993 0.274845 0.281762 0.288743 0.295788 0.302894 0.310061 0.317288 0.324573 0.331915 0.339314 0.346767 0.354274 0.361834 0.369446 0.377109 0.384821 0.392583 0.400392 0.408248 0.416149 0.424096 0.432087 0.440121
0.120874 0.125061 0.129682 0.134664 0.139826 0.145098 0.150459 0.155905 0.161437 0.167056 0.172763 0.178558 0.184440 0.190408 0.196462 0.202600 0.208820 0.215123 0.221505 0.227966 0.234505 0.241119 0.247808 0.254571 0.261405 0.268310 0.275283 0.282325 0.289433 0.296606 0.303843 0.311142 0.318503 0.325924 0.333403 0.340940 0.348533 0.356182 0.363884 0.371640 0.379447 0.387304 0.395212 0.403168 0.411171 0.419221 0.427317 0.435457 0.443641 0.451868
0.123198 0.127392 0.132122 0.137259 0.142597 0.148051 0.153595 0.159222 0.164931 0.170725 0.176605 0.182573 0.188628 0.194771 0.201001 0.207316 0.213717 0.220202 0.226770 0.233418 0.240147 0.246953 0.253837 0.260795 0.267827 0.274930 0.282105 0.289348 0.296659 0.304035 0.311476 0.318980 0.326546 0.334172 0.341857 0.349600 0.357399 0.365253 0.373162 0.381122 0.389135 0.397198 0.405310 0.413470 0.421677 0.429931 0.438229 0.446572 0.454958 0.463386
0.127137 0.130813 0.135167 0.140042 0.145213 0.150579 0.156099 0.161754 0.167534 0.173432 0.179444 0.185563 0.191787 0.198111 0.204533 0.211049 0.217655 0.224351 0.231133 0.237999 0.244947 0.251975 0.259080 0.266262 0.273517 0.280845 0.288244 0.295711 0.303246 0.310847 0.318511 0.326239 0.334027 0.341875 0.349782 0.357746 0.365765 0.373838 0.381965 0.390144 0.398373 0.406652 0.414980 0.423354 0.431776 0.440242 0.448752 0.457306 0.465902 0.474539
0.125011 0.128926 0.133609 0.138844 0.144382 0.150115 0.155996 0.162000 0.168118 0.174344 0.180672 0.187099 0.193622 0.200238 0.206944 0.213739 0.220620 0.227586 0.234635 0.241763 0.248971 0.256256 0.263615 0.271049 0.278554 0.286129 0.293773 0.301484 0.309260 0.317101 0.325003 0.332967 0.340990 0.349072 0.357210 0.365404 0.373652 0.381953 0.390306 0.398709 0.407162 0.415663 0.424211 0.432805 0.441445 0.450128 0.458855 0.467623 0.476433 0.485283
0.117376 0.123274 0.129480 0.135865 0.142298 0.148750 0.155224 0.161734 0.168293 0.174913 0.181602 0.188364 0.195203 0.202121 0.209118 0.216195 0.223351 0.230585 0.237897 0.245286 0.252749 0.260286 0.267896 0.275576 0.283326 0.291143 0.299027 0.306976 0.314989 0.323063 0.331198 0.339393 0.347645 0.355955 0.364319 0.372738 0.381209 0.389733 0.398307 0.406930 0.415601 0.424320 0.433084 0.441894 0.450747 0.459644 0.468582 0.477562 0.486582 0.495641
0.126087 0.129888 0.134611 0.139921 0.145608 0.151564 0.157732 0.164074 0.170568 0.177198 0.183950 0.190816 0.197787 0.204858 0.212024 0.219281 0.226625 0.234054 0.241564 0.249153 0.256820 0.264563 0.272378 0.280265 0.288222 0.296247 0.304339 0.312495 0.320716 0.328998 0.337340 0.345742 0.354201 0.362717 0.371288 0.379913 0.388590 0.397319 0.406097 0.414925 0.423800 0.432722 0.441689 0.450701 0.459757 0.468855 0.477994 0.487174 0.496394 0.505652
0.121346 0.126940 0.133043 0.139429 0.145946 0.152545 0.159216 0.165959 0.172778 0.179679 0.186665 0.193737 0.200897 0.208144 0.215478 0.222898 0.230403 0.237992 0.245662 0.253412 0.261242 0.269148 0.277130 0.285184 0.293311 0.301508 0.309773 0.318105 0.326502 0.334962 0.343484 0.352067 0.360708 0.369407 0.378162 0.386971 0.395833 0.404747 0.413712 0.422726 0.431788 0.440897 0.450052 0.459251 0.468494 0.477780 0.487107 0.496475 0.505882 0.515327
0.124629 0.130168 0.136239 0.142604 0.149114 0.155718 0.162407 0.169179 0.176039 0.182992 0.190041 0.197185 0.204427 0.211764 0.219197 0.226723 0.234341 0.242049 0.249844 0.257726 0.265691 0.273737 0.281863 0.290066 0.298344 0.306696 0.315118 0.323610 0.332169 0.340793 0.349481 0.358232 0.367042 0.375911 0.384837 0.393819 0.402854 0.411942 0.421082 0.430271 0.439509 0.448794 0.458126 0.467502 0.476922 0.486385 0.495889 0.505433 0.515018 0.524640
0.133290 0.137075 0.141858 0.147271 0.153094 0.159216 0.165579 0.172144 0.178886 0.185789 0.192839 0.200025 0.207337 0.214768 0.222312 0.229963 0.237716 0.245566 0.253511 0.261547 0.269670 0.277878 0.286168 0.294536 0.302982 0.311502 0.320093 0.328755 0.337485 0.346281 0.355141 0.364063 0.373046 0.382087 0.391186 0.400340 0.409548 0.418809 0.428121 0.437482 0.446892 0.456350 0.465853 0.475400 0.484992 0.494625 0.504300 0.514015 0.523769 0.533561
0.123186 0.129444 0.136141 0.143048 0.150050 0.157117 0.164247 0.171447 0.178726 0.186090 0.193543 0.201088 0.208725 0.216455 0.224275 0.232187 0.240187 0.248273 0.256445 0.264701 0.273037 0.281453 0.289946 0.298514 0.307156 0.315869 0.324652 0.333502 0.342417 0.351397 0.360439 0.369542 0.378704 0.387923 0.397198 0.406527 0.415909 0.425342 0.434826 0.444358 0.453937 0.463563 0.473234 0.482948 0.492705 0.502504 0.512343 0.522222 0.532138 0.542093
0.123391 0.129240 0.135762 0.142649 0.149741 0.156969 0.164306 0.171739 0.179263 0.186877 0.194580 0.202371 0.210251 0.218217 0.226269 0.234406 0.242626 0.250928 0.259311 0.267772 0.276311 0.284925 0.293613 0.302374 0.311204 0.320104 0.329070 0.338102 0.347197 0.356354 0.365571 0.374847 0.384180 0.393569 0.403012 0.412507 0.422054 0.431651 0.441297 0.450990 0.460729 0.470513 0.480341 0.490212 0.500124 0.510077 0.520069 0.530100 0.540168 0.550273
0.126183 0.132013 0.138479 0.145301 0.152324 0.159494 0.166790 0.174204 0.181733 0.189374 0.197126 0.204985 0.212948 0.221012 0.229173 0.237428 0.245775 0.254210 0.262731 0.271334 0.280017 0.288779 0.297615 0.306525 0.315506 0.324555 0.333672 0.342853 0.352098 0.361404 0.370770 0.380193 0.389673 0.399208 0.408796 0.418436 0.428127 0.437866 0.447654 0.457487 0.467367 0.477290 0.487256 0.497264 0.507313 0.517401 0.527529 0.537694 0.547896 0.558133
0.131573 0.136568 0.142474 0.148919 0.155701 0.162726 0.169947 0.177335 0.184873 0.192549 0.200354 0.208280 0.216321 0.224471 0.232724 0.241077 0.249526 0.258065 0.266693 0.275406 0.284200 0.293074 0.302024 0.311048 0.320144 0.329310 0.338542 0.347840 0.357201 0.366624 0.376106 0.385646 0.395242 0.404893 0.414597 0.424353 0.434159 0.444014 0.453917 0.463866 0.473859 0.483897 0.493977 0.504099 0.514262 0.524464 0.534704 0.544982 0.555297 0.565647
0.126572 0.133723 0.141187 0.148775 0.156414 0.164095 0.171828 0.179623 0.187490 0.195437 0.203470 0.211591 0.219803 0.228104 0.236494 0.244972 0.253536 0.262185 0.270917 0.279729 0.288620 0.297588 0.306630 0.315745 0.324931 0.334185 0.343507 0.352893 0.362342 0.371853 0.381424 0.391052 0.400737 0.410477 0.420270 0.430116 0.440012 0.449956 0.459949 0.469989 0.480073 0.490202 0.500374 0.510588 0.520842 0.531136 0.541469 0.551839 0.562247 0.572690
0.135569 0.140762 0.146964 0.153748 0.160879 0.168244 0.175788 0.183479 0.191298 0.199235 0.207282 0.215434 0.223686 0.232034 0.240476 0.249008 0.257629 0.266335 0.275125 0.283996 0.292947 0.301975 0.311078 0.320255 0.329503 0.338820 0.348205 0.357656 0.367171 0.376748 0.386385 0.396081 0.405835 0.415644 0.425508 0.435424 0.445392 0.455409 0.465475 0.475588 0.485747 0.495951 0.506198 0.516488 0.526820 0.537191 0.547602 0.558051 0.568537 0.579059
0.133989 0.141041 0.148455 0.156018 0.163641 0.171310 0.179036 0.186832 0.194709 0.202676 0.210738 0.218898 0.227157 0.235514 0.243968 0.252517 0.261158 0.269889 0.278709 0.287614 0.296602 0.305671 0.314818 0.324041 0.333338 0.342707 0.352145 0.361651 0.371222 0.380858 0.390555 0.400312 0.410128 0.420001 0.429928 0.439910 0.449943 0.460027 0.470161 0.480342 0.490570 0.500844 0.511161 0.521522 0.531924 0.542368 0.552851 0.563372 0.573931 0.584527
0.144156 0.148699 0.154340 0.160648 0.167391 0.174450 0.181756 0.189269 0.196959 0.204807 0.212799 0.220924 0.229173 0.237539 0.246015 0.254597 0.263279 0.272058 0.280929 0.289890 0.298937 0.308066 0.317276 0.326564 0.335927 0.345363 0.354869 0.364444 0.374085 0.383790 0.393558 0.403387 0.413274 0.423218 0.433218 0.443271 0.453377 0.463534 0.473741 0.483995 0.494296 0.504643 0.515034 0.525469 0.535945 0.546462 0.557018 0.567614 0.578247 0.588917
0.132426 0.139955 0.147759 0.155648 0.163560 0.171496 0.179471 0.187502 0.195602 0.203781 0.212047 0.220403 0.228853 0.237395 0.246030 0.254757 0.263573 0.272477 0.281467 0.290540 0.299696 0.308930 0.318242 0.327629 0.337089 0.346619 0.356219 0.365885 0.375616 0.385410 0.395266 0.405181 0.415154 0.425184 0.435268 0.445405 0.455594 0.465833 0.476121 0.486457 0.496839 0.507266 0.517737 0.528251 0.538806 0.549401 0.560036 0.570710 0.581420 0.592168
0.135060 0.140821 0.147488 0.154667 0.162154 0.169855 0.177723 0.185732 0.193867 0.202118 0.210477 0.218941 0.227506 0.236168 0.244924 0.253771 0.262707 0.271729 0.280834 0.290021 0.299287 0.308630 0.318048 0.327539 0.337101 0.346732 0.356430 0.366193 0.376020 0.385909 0.395857 0.405864 0.415927 0.426046 0.436218 0.446443 0.456718 0.467043 0.477416 0.487835 0.498301 0.508810 0.519363 0.529958 0.540594 0.551269 0.561984 0.572736 0.583525 0.594351
0.130162 0.136951 0.144301 0.151935 0.159731 0.167645 0.175666 0.183790 0.192017 0.200346 0.208777 0.217309 0.225941 0.234671 0.243497 0.252415 0.261424 0.270520 0.279702 0.288966 0.298310 0.307733 0.317231 0.326802 0.336444 0.346156 0.355935 0.365779 0.375687 0.385656 0.395685 0.405771 0.415915 0.426113 0.436365 0.446668 0.457022 0.467425 0.477876 0.488373 0.498915 0.509501 0.520130 0.530801 0.541512 0.552262 0.563051 0.573878 0.584741 0.595639
0.130820 0.136976 0.143885 0.151209 0.158785 0.166545 0.174457 0.182506 0.190682 0.198980 0.207394 0.215920 0.224555 0.233297 0.242140 0.251083 0.260121 0.269250 0.278469 0.287775 0.297163 0.306632 0.316179 0.325802 0.335498 0.345264 0.355100 0.365001 0.374968 0.384996 0.395086 0.405234 0.415439 0.425700 0.436014 0.446381 0.456798 0.467265 0.477779 0.488340 0.498947 0.509597 0.520290 0.531024 0.541799 0.552614 0.563467 0.574357 0.585283 0.596246
0.128606 0.135037 0.142116 0.149546 0.157193 0.165001 0.172948 0.181024 0.189222 0.197539 0.205971 0.214515 0.223169 0.231929 0.240794 0.249758 0.258820 0.267975 0.277221 0.286555 0.295974 0.305475 0.315056 0.324714 0.334446 0.344250 0.354124 0.364066 0.374073 0.384144 0.394277 0.404469 0.414719 0.425025 0.435385 0.445798 0.456263 0.466777 0.477339 0.487949 0.498604 0.509303 0.520046 0.530830 0.541655 0.552520 0.563423 0.574364 0.585341 0.596354
0.126524 0.132991 0.140141 0.147658 0.155386 0.163267 0.171277 0.179408 0.187656 0.196016 0.204487 0.213067 0.221753 0.230544 0.239437 0.248429 0.257517 0.266698 0.275970 0.285330 0.294774 0.304301 0.313908 0.323592 0.333351 0.343182 0.353084 0.363054 0.373089 0.383189 0.393351 0.403573 0.413854 0.424191 0.434583 0.445028 0.455525 0.466073 0.476669 0.487312 0.498001 0.508735 0.519513 0.530333 0.541193 0.552094 0.563034 0.574011 0.585025 0.596076
0.126104 0.132222 0.139142 0.146514 0.154152 0.161979 0.169960 0.178077 0.186320 0.194683 0.203162 0.211751 0.220448 0.229251 0.238156 0.247161 0.256263 0.265458 0.274744 0.284117 0.293576 0.303117 0.312739 0.322437 0.332211 0.342058 0.351975 0.361961 0.372013 0.382130 0.392309 0.402548 0.412846 0.423202 0.433612 0.444077 0.454593 0.465160 0.475777 0.486441 0.497151 0.507907 0.518707 0.529549 0.540433 0.551357 0.562320 0.573322 0.584360 0.595435
0.123277 0.129994 0.137308 0.144933 0.152732 0.160657 0.168695 0.176844 0.185103 0.193472 0.201950 0.210536 0.219227 0.228023 0.236922 0.245921 0.255017 0.264207 0.273489 0.282859 0.292315 0.301855 0.311475 0.321174 0.330948 0.340796 0.350715 0.360703 0.370758 0.380878 0.391061 0.401306 0.411609 0.421970 0.432388 0.442859 0.453383 0.463958 0.474584 0.485257 0.495978 0.506744 0.517554 0.528408 0.539304 0.550240 0.561217 0.572232 0.583284 0.594374
0.125603 0.131276 0.137847 0.144938 0.152357 0.160011 0.167855 0.175864 0.184019 0.192310 0.200728 0.209265 0.217917 0.226679 0.235547 0.244519 0.253590 0.262758 0.272019 0.281370 0.290809 0.300332 0.309937 0.319622 0.329383 0.339219 0.349127 0.359105 0.369152 0.379264 0.389440 0.399679 0.409977 0.420334 0.430748 0.441217 0.451740 0.462314 0.472939 0.483613 0.494335 0.505103 0.515916 0.526773 0.537673 0.548614 0.559596 0.570616 0.581675 0.592772
0.119289 0.126415 0.133997 0.141788 0.149686 0.157667 0.165730 0.173880 0.182123 0.190464 0.198904 0.207447 0.216090 0.224835 0.233681 0.242627 0.251671 0.260811 0.270044 0.279368 0.288780 0.298279 0.307860 0.317522 0.327263 0.337079 0.346969 0.356931 0.366962 0.377060 0.387223 0.397450 0.407738 0.418085 0.428491 0.438952 0.449468 0.460037 0.470657 0.481327 0.492045 0.502811 0.513622 0.524478 0.535377 0.546318 0.557300 0.568322 0.579383 0.590482
0.122069 0.127910 0.134527 0.141588 0.148933 0.156490 0.164226 0.172121 0.180163 0.188343 0.196654 0.205090 0.213646 0.222317 0.231098 0.239988 0.248983 0.258079 0.267274 0.276564 0.285945 0.295415 0.304971 0.314610 0.324329 0.334126 0.343998 0.353944 0.363960 0.374044 0.384195 0.394410 0.404687 0.415025 0.425421 0.435875 0.446384 0.456946 0.467560 0.478225 0.488939 0.499701 0.510510 0.521363 0.532260 0.543200 0.554181 0.565203 0.576264 0.587363
0.118129 0.124073 0.130757 0.137860 0.145228 0.152796 0.160533 0.168424 0.176459 0.184629 0.192928 0.201352 0.209895 0.218553 0.227321 0.236197 0.245177 0.254258 0.263438 0.272713 0.282081 0.291538 0.301081 0.310707 0.320415 0.330200 0.340062 0.349997 0.360003 0.370078 0.380220 0.390426 0.400696 0.411026 0.421416 0.431863 0.442366 0.452923 0.463533 0.474193 0.484903 0.495662 0.506467 0.517317 0.528212 0.539150 0.550130 0.561150 0.572211 0.583310
0.109695 0.116484 0.123827 0.131444 0.139210 0.147083 0.155055 0.163125 0.171295 0.179569 0.187946 0.196427 0.205012 0.213700 0.222489 0.231378 0.240364 0.249447 0.258624 0.267894 0.277255 0.286703 0.296236 0.305853 0.315550 0.325324 0.335175 0.345099 0.355095 0.365159 0.375291 0.385488 0.395748 0.406069 0.416450 0.426889 0.437384 0.447933 0.458536 0.469190 0.479893 0.490646 0.501446 0.512292 0.523182 0.534116 0.545093 0.556110 0.567168 0.578264
0.108349 0.114217 0.120857 0.127939 0.135299 0.142862 0.150595 0.158478 0.166501 0.174654 0.182933 0.191332 0.199847 0.208474 0.217210 0.226050 0.234993 0.244034 0.253172 0.262404 0.271727 0.281140 0.290641 0.300226 0.309893 0.319639 0.329463 0.339362 0.349333 0.359374 0.369483 0.379659 0.389899 0.400202 0.410565 0.420987 0.431466 0.442000 0.452588 0.463229 0.473920 0.484661 0.495450 0.506286 0.517167 0.528092 0.539060 0.550070 0.561121 0.572212
0.103376 0.109491 0.116240 0.123340 0.130655 0.138136 0.145764 0.153533 0.161438 0.169477 0.177644 0.185937 0.194351 0.202884 0.211530 0.220286 0.229150 0.238117 0.247185 0.256349 0.265608 0.274959 0.284399 0.293926 0.303538 0.313233 0.323008 0.332860 0.342788 0.352788 0.362858 0.372997 0.383203 0.393472 0.403804 0.414197 0.424648 0.435157 0.445720 0.456338 0.467008 0.477729 0.488498 0.499316 0.510181 0.521091 0.532045 0.543042 0.554080 0.565159
0.100001 0.105422 0.111684 0.118436 0.125499 0.132792 0.140273 0.147919 0.155715 0.163652 0.171722 0.179920 0.188242 0.196683 0.205239 0.213907 0.222683 0.231565 0.240550 0.249635 0.258816 0.268092 0.277459 0.286915 0.296458 0.306085 0.315794 0.325584 0.335452 0.345397 0.355414 0.365503 0.375661 0.385886 0.396175 0.406528 0.416942 0.427414 0.437945 0.448531 0.459171 0.469863 0.480607 0.491400 0.502241 0.513129 0.524063 0.535041 0.546061 0.557124
0.089323 0.096375 0.103694 0.111116 0.118590 0.126119 0.133716 0.141400 0.149180 0.157067 0.165066 0.173179 0.181407 0.189750 0.198207 0.206777 0.215457 0.224245 0.233138 0.242134 0.251231 0.260424 0.269713 0.279093 0.288563 0.298119 0.307760 0.317484 0.327287 0.337168 0.347125 0.357156 0.367260 0.377433 0.387674 0.397980 0.408350 0.418781 0.429272 0.439820 0.450425 0.461084 0.471796 0.482559 0.493372 0.504233 0.515142 0.526095 0.537093 0.548135
0.093047 0.097060 0.102197 0.108042 0.114358 0.121025 0.127972 0.135156 0.142548 0.150125 0.157872 0.165777 0.173829 0.182020 0.190344 0.198794 0.207365 0.216052 0.224853 0.233761 0.242775 0.251890 0.261104 0.270413 0.279814 0.289305 0.298882 0.308544 0.318288 0.328110 0.338010 0.347985 0.358033 0.368152 0.378340 0.388596 0.398917 0.409303 0.419750 0.430257 0.440822 0.451443 0.462118 0.472847 0.483627 0.494457 0.505335 0.516260 0.527231 0.538246
0.075882 0.082475 0.089423 0.096553 0.103772 0.111066 0.118442 0.125913 0.133490 0.141181 0.148990 0.156919 0.164969 0.173139 0.181429 0.189836 0.198357 0.206990 0.215733 0.224582 0.233535 0.242590 0.251742 0.260990 0.270330 0.279761 0.289279 0.298883 0.308569 0.318335 0.328180 0.338100 0.348094 0.358160 0.368295 0.378498 0.388767 0.399100 0.409496 0.419953 0.430470 0.441046 0.451677 0.462364 0.473103 0.483894 0.494735 0.505624 0.516561 0.527543
0.073269 0.078080 0.083768 0.090011 0.096599 0.103435 0.110473 0.117690 0.125068 0.132598 0.140272 0.148084 0.156029 0.164104 0.172302 0.180622 0.189059 0.197610 0.206273 0.215043 0.223918 0.232896 0.241972 0.251145 0.260412 0.269770 0.279216 0.288749 0.298366 0.308064 0.317842 0.327696 0.337625 0.347628 0.357701 0.367843 0.378052 0.388326 0.398664 0.409064 0.419524 0.430042 0.440618 0.451249 0.461934 0.472672 0.483463 0.494304 0.505195 0.516133
0.064946 0.070300 0.076238 0.082563 0.089127 0.095875 0.102787 0.109856 0.117077 0.124447 0.131963 0.139619 0.147413 0.155341 0.163398 0.171582 0.179887 0.188311 0.196851 0.205502 0.214262 0.223127 0.232094 0.241161 0.250324 0.259581 0.268930 0.278367 0.287890 0.297497 0.307186 0.316954 0.326799 0.336719 0.346711 0.356775 0.366908 0.377108 0.387373 0.397702 0.408092 0.418543 0.429052 0.439619 0.450241 0.460917 0.471646 0.482426 0.493256 0.504136
0.060479 0.065044 0.070378 0.076269 0.082495 0.088963 0.095628 0.102472 0.109481 0.116649 0.123970 0.131438 0.139049 0.146799 0.154683 0.162698 0.170839 0.179104 0.187489 0.195990 0.204604 0.213328 0.222158 0.231091 0.240126 0.249257 0.258484 0.267802 0.277210 0.286706 0.296285 0.305947 0.315688 0.325508 0.335403 0.345371 0.355411 0.365520 0.375697 0.385940 0.396247 0.406616 0.417046 0.427536 0.438083 0.448685 0.459343 0.470054 0.480816 0.491629
0.052932 0.057792 0.063217 0.069128 0.075315 0.081692 0.088229 0.094918 0.101756 0.108742 0.115876 0.123156 0.130579 0.138143 0.145844 0.153681 0.161648 0.169744 0.177964 0.186305 0.194763 0.203336 0.212019 0.220811 0.229706 0.238704 0.247799 0.256991 0.266275 0.275650 0.285112 0.294659 0.304289 0.313999 0.323787 0.333652 0.343590 0.353600 0.363680 0.373827 0.384042 0.394320 0.404661 0.415064 0.425526 0.436046 0.446622 0.457254 0.467939 0.478676
0.049600 0.053451 0.058021 0.063236 0.068857 0.074765 0.080908 0.087257 0.093798 0.100520 0.107414 0.114474 0.121692 0.129065 0.136586 0.144250 0.152053 0.159990 0.168058 0.176251 0.184567 0.193000 0.201549 0.210208 0.218976 0.227847 0.236821 0.245892 0.255059 0.264318 0.273667 0.283104 0.292625 0.302228 0.311912 0.321673 0.331510 0.341420 0.351402 0.361453 0.371572 0.381757 0.392006 0.402318 0.412690 0.423122 0.433612 0.444158 0.454759 0.465413
0.039977 0.044151 0.048842 0.054130 0.059811 0.065744 0.071874 0.078181 0.084656 0.091294 0.098094 0.105050 0.112159 0.119419 0.126824 0.134371 0.142057 0.149876 0.157827 0.165903 0.174103 0.182422 0.190857 0.199404 0.208060 0.216822 0.225687 0.234651 0.243712 0.252867 0.262113 0.271448 0.280868 0.290372 0.299957 0.309621 0.319361 0.329175 0.339062 0.349019 0.359045 0.369137 0.379295 0.389515 0.399797 0.410138 0.420539 0.430996 0.441508 0.452075
0.032827 0.036691 0.041062 0.046045 0.051517 0.057289 0.063281 0.069460 0.075813 0.082332 0.089012 0.095849 0.102840 0.109980 0.117266 0.124694 0.132261 0.139963 0.147796 0.155758 0.163843 0.172049 0.180373 0.188811 0.197359 0.206016 0.214776 0.223637 0.232597 0.241652 0.250799 0.260036 0.269360 0.278768 0.288258 0.297827 0.307474 0.317195 0.326989 0.336854 0.346788 0.356788 0.366854 0.376983 0.387173 0.397424 0.407733 0.418099 0.428520 0.438996
0.027811 0.031370 0.035385 0.039964 0.045100 0.050588 0.056323 0.062263 0.068389 0.074691 0.081164 0.087803 0.094603 0.101561 0.108671 0.115930 0.123335 0.130882 0.138566 0.146385 0.154333 0.162407 0.170604 0.178919 0.187348 0.195889 0.204537 0.213289 0.222142 0.231092 0.240137 0.249273 0.258497 0.267807 0.277200 0.286673 0.296225 0.305852 0.315552 0.325324 0.335165 0.345073 0.355046 0.365083 0.375181 0.385339 0.395556 0.405830 0.416158 0.426541
0.024303 0.027575 0.031238 0.035390 0.040123 0.045287 0.050733 0.056401 0.062267 0.068319 0.074551 0.080958 0.087535 0.094279 0.101186 0.108253 0.115477 0.122851 0.130372 0.138034 0.145832 0.153763 0.161821 0.170002 0.178303 0.186719 0.195245 0.203880 0.212618 0.221456 0.230391 0.239420 0.248540 0.257746 0.267038 0.276412 0.285865 0.295395 0.305000 0.314677 0.324424 0.334239 0.344120 0.354065 0.364071 0.374138 0.384264 0.394446 0.404683 0.414974
0.021636 0.024455 0.027678 0.031373 0.035638 0.040460 0.045641 0.051077 0.056727 0.062573 0.068605 0.074817 0.081206 0.087769 0.094502 0.101401 0.108459 0.115674 0.123038 0.130549 0.138201 0.145989 0.153909 0.161956 0.170126 0.178415 0.186819 0.195334 0.203955 0.212680 0.221505 0.230426 0.239441 0.248545 0.257736 0.267011 0.276367 0.285801 0.295312 0.304896 0.314551 0.324275 0.334065 0.343920 0.353838 0.363816 0.373853 0.383948 0.394097 0.404301
0.017256 0.020137 0.023325 0.026888 0.030919 0.035510 0.040542 0.045855 0.051383 0.057102 0.063001 0.069074 0.075321 0.081739 0.088327 0.095078 0.101991 0.109059 0.116279 0.123646 0.131157 0.138806 0.146589 0.154502 0.162541 0.170701 0.178979 0.187370 0.195871 0.204478 0.213187 0.221995 0.230899 0.239895 0.248980 0.258151 0.267405 0.276740 0.286152 0.295640 0.305200 0.314830 0.324529 0.334293 0.344121 0.354011 0.363961 0.373968 0.384032 0.394150
0.014804 0.017492 0.020454 0.023744 0.027432 0.031610 0.036325 0.041399 0.046721 0.052247 0.057960 0.063851 0.069918 0.076161 0.082576 0.089158 0.095903 0.102808 0.109868 0.117078 0.124435 0.131933 0.139568 0.147336 0.155233 0.163254 0.171395 0.179653 0.188024 0.196502 0.205086 0.213772 0.222555 0.231433 0.240402 0.249460 0.258603 0.267828 0.277133 0.286515 0.295972 0.305501 0.315099 0.324765 0.334495 0.344289 0.354144 0.364059 0.374030 0.384057
0.014041 0.016379 0.018955 0.021815 0.025011 0.028614 0.032713 0.037356 0.042370 0.047636 0.053113 0.058782 0.064636 0.070673 0.076888 0.083275 0.089832 0.096552 0.103432 0.110467 0.117652 0.124982 0.132453 0.140060 0.147800 0.155667 0.163658 0.171768 0.179994 0.188331 0.196776 0.205325 0.213975 0.222722 0.231563 0.240494 0.249513 0.258617 0.267803 0.277067 0.286408 0.295823 0.305309 0.314864 0.324486 0.334172 0.343921 0.353731 0.363599 0.373524
0.013291 0.015282 0.017485 0.019930 0.022654 0.025704 0.029143 0.033051 0.037504 0.042453 0.047702 0.053170 0.058831 0.064675 0.070696 0.076891 0.083256 0.089786 0.096477 0.103325 0.110325 0.117474 0.124766 0.132198 0.139765 0.147463 0.155288 0.163234 0.171300 0.179479 0.187769 0.196166 0.204666 0.213266 0.221962 0.230751 0.239630 0.248596 0.257646 0.266777 0.275986 0.285271 0.294629 0.304058 0.313555 0.323119 0.332747 0.342437 0.352187 0.361995
0.012503 0.014283 0.016226 0.018352 0.020688 0.023270 0.026138 0.029349 0.032971 0.037084 0.041750 0.046883 0.052287 0.057897 0.063694 0.069668 0.075812 0.082123 0.088599 0.095235 0.102027 0.108970 0.116061 0.123294 0.130665 0.138170 0.145805 0.153565 0.161446 0.169445 0.177556 0.185778 0.194105 0.202535 0.211064 0.219688 0.228405 0.237211 0.246103 0.255079 0.264135 0.273269 0.282478 0.291760 0.301113 0.310534 0.320021 0.329571 0.339183 0.348855
0.012058 0.013651 0.015344 0.017163 0.019132 0.021279 0.023635 0.026238 0.029131 0.032373 0.036030 0.040177 0.044869 0.050073 0.055576 0.061280 0.067165 0.073226 0.079455 0.085844 0.092391 0.099092 0.105942 0.112938 0.120075 0.127349 0.134755 0.142291 0.149951 0.157732 0.165629 0.173640 0.181760 0.189986 0.198314 0.206740 0.215263 0.223877 0.232581 0.241371 0.250245 0.259199 0.268231 0.277339 0.286519 0.295770 0.305089 0.314474 0.323923 0.333434
0.012245 0.013448 0.014771 0.016218 0.017799 0.019527 0.021419 0.023496 0.025785 0.028317 0.031133 0.034285 0.037833 0.041847 0.046378 0.051460 0.056978 0.062730 0.068650 0.074736 0.080988 0.087398 0.093959 0.100666 0.107515 0.114505 0.121631 0.128890 0.136278 0.143789 0.151421 0.159170 0.167033 0.175005 0.183084 0.191266 0.199548 0.207926 0.216397 0.224959 0.233608 0.242341 0.251156 0.260049 0.269020 0.278064 0.287180 0.296365 0.305617 0.314933
0.012051 0.013105 0.014227 0.015426 0.016713 0.018102 0.019605 0.021237 0.023015 0.024960 0.027095 0.029450 0.032060 0.034970 0.038232 0.041905 0.046049 0.050698 0.055878 0.061512 0.067381 0.073400 0.079557 0.085867 0.092338 0.098963 0.105731 0.112636 0.119672 0.126837 0.134128 0.141544 0.149081 0.156734 0.164500 0.172375 0.180354 0.188435 0.196614 0.204889 0.213257 0.221714 0.230258 0.238887 0.247597 0.256385 0.265250 0.274189 0.283198 0.292277
0.011939 0.012736 0.013596 0.014521 0.015514 0.016582 0.017731 0.018969 0.020307 0.021756 0.023330 0.025046 0.026924 0.028986 0.031261 0.033784 0.036595 0.039740 0.043270 0.047235 0.051663 0.056565 0.061959 0.067797 0.073861 0.080049 0.086344 0.092757 0.099309 0.106018 0.112879 0.119881 0.127013 0.134266 0.141633 0.149112 0.156702 0.164401 0.172208 0.180121 0.188136 0.196250 0.204457 0.212755 0.221140 0.229609 0.238160 0.246790 0.255497 0.264280
0.010399 0.011169 0.011947 0.012744 0.013568 0.014428 0.015330 0.016281 0.017290 0.018363 0.019510 0.020740 0.022065 0.023498 0.025052 0.026747 0.028602 0.030643 0.032898 0.035400 0.038187 0.041297 0.044768 0.048641 0.052937 0.057653 0.062791 0.068361 0.074379 0.080694 0.087133 0.093647 0.100238 0.106921 0.113716 0.120644 0.127721 0.134945 0.142301 0.149777 0.157361 0.165044 0.172823 0.180695 0.188657 0.196711 0.204858 0.213099 0.221431 0.229852
0.010548 0.010932 0.011375 0.011867 0.012400 0.012972 0.013581 0.014228 0.014914 0.015641 0.016413 0.017234 0.018110 0.019046 0.020049 0.021128 0.022293 0.023556 0.024930 0.026431 0.028078 0.029892 0.031898 0.034124 0.036597 0.039348 0.042402 0.045788 0.049537 0.053671 0.058188 0.063075 0.068324 0.073938 0.079929 0.086324 0.093027 0.099844 0.106710 0.113620 0.120587 0.127631 0.134769 0.142019 0.149398 0.156921 0.164589 0.172388 0.180302 0.188320
0.009874 0.010323 0.010747 0.011160 0.011571 0.011988 0.012416 0.012856 0.013313 0.013789 0.014285 0.014804 0.015349 0.015922 0.016527 0.017167 0.017846 0.018571 0.019347 0.020181 0.021081 0.022057 0.023122 0.024287 0.025569 0.026984 0.028550 0.030289 0.032222 0.034371 0.036761 0.039411 0.042339 0.045565 0.049105 0.052984 0.057220 0.061811 0.066739 0.071989 0.077553 0.083431 0.089633 0.096179 0.103102 0.110359 0.117746 0.125177 0.132644 0.140164
0.010285 0.010441 0.010647 0.010888 0.011154 0.011437 0.011733 0.012039 0.012354 0.012674 0.013001 0.013333 0.013671 0.014016 0.014368 0.014730 0.015101 0.015485 0.015884 0.016300 0.016738 0.017201 0.017695 0.018225 0.018798 0.019422 0.020106 0.020861 0.021698 0.022631 0.023674 0.024842 0.026153 0.027623 0.029271 0.031116 0.033177 0.035474 0.038027 0.040848 0.043953 0.047355 0.051070 0.055115 0.059513 0.064289 0.069448 0.074981 0.080878 0.087138
0.009685 0.010036 0.010358 0.010659 0.010943 0.011215 0.011476 0.011729 0.011974 0.012212 0.012443 0.012668 0.012888 0.013102 0.013311 0.013516 0.013716 0.013912 0.014105 0.014297 0.014489 0.014681 0.014877 0.015078 0.015288 0.015509 0.015748 0.016007 0.016294 0.016615 0.016978 0.017392 0.017867 0.018415 0.019048 0.019780 0.020626 0.021603 0.022729 0.024024 0.025506 0.027197 0.029118 0.031292 0.033745 0.036502 0.039593 0.043044 0.046883 0.051134
0.010535 0.010712 0.010889 0.011065 0.011241 0.011418 0.011594 0.011770 0.011946 0.012119 0.012291 0.012459 0.012624 0.012785 0.012942 0.013094 0.013241 0.013382 0.013519 0.013651 0.013779 0.013903 0.014025 0.014146 0.014268 0.014392 0.014522 0.014660 0.014811 0.014979 0.015170 0.015389 0.015646 0.015947 0.016304 0.016728 0.017232 0.017831 0.018543 0.019385 0.020380 0.021549 0.022917 0.024511 0.026360 0.028493 0.030942 0.033738 0.036918 0.040515
0.010491 0.010569 0.010682 0.010821 0.010980 0.011153 0.011338 0.011531 0.011730 0.011934 0.012141 0.012351 0.012562 0.012775 0.012990 0.013205 0.013422 0.013641 0.013863 0.014088 0.014318 0.014553 0.014797 0.015050 0.015316 0.015598 0.015899 0.016224 0.016578 0.016966 0.017397 0.017878 0.018420 0.019033 0.019732 0.020532 0.021451 0.022508 0.023726 0.025128 0.026740 0.028588 0.030703 0.033113 0.035846 0.038929 0.042387 0.046247 0.050538 0.055296
0.009423 0.009717 0.010004 0.010288 0.010572 0.010858 0.011147 0.011439 0.011738 0.012042 0.012353 0.012671 0.012999 0.013337 0.013686 0.014048 0.014425 0.014818 0.015230 0.015664 0.016123 0.016610 0.017129 0.017686 0.018285 0.018934 0.019639 0.020410 0.021256 0.022189 0.023224 0.024377 0.025667 0.027116 0.028750 0.030597 0.032686 0.035048 0.037711 0.040702 0.044049 0.047782 0.051930 0.056497 0.061469 0.066836 0.072598 0.078766 0.085366 0.092442
0.009443 0.009803 0.010160 0.010515 0.010872 0.011235 0.011604 0.011984 0.012376 0.012783 0.013208 0.013652 0.014118 0.014610 0.015130 0.015682 0.016270 0.016897 0.017570 0.018293 0.019072 0.019916 0.020832 0.021830 0.022920 0.024117 0.025435 0.026892 0.028510 0.030314 0.032335 0.034608 0.037174 0.040070 0.043339 0.047025 0.051158 0.055740 0.060763 0.066228 0.072149 0.078557 0.085341 0.092274 0.099282 0.106357 0.113517 0.120783 0.128180 0.135729
0.010509 0.010747 0.011016 0.011317 0.011649 0.012013 0.012409 0.012838 0.013300 0.013797 0.014331 0.014906 0.015523 0.016188 0.016904 0.017678 0.018516 0.019426 0.020414 0.021493 0.022671 0.023964 0.025385 0.026954 0.028690 0.030621 0.032776 0.035195 0.037923 0.041013 0.044523 0.048513 0.053020 0.058055 0.063636 0.069773 0.076255 0.082891 0.089628 0.096468 0.103431 0.110543 0.117823 0.125271 0.132874 0.140618 0.148491 0.156484 0.164594 0.172817
0.010407 0.010662 0.010982 0.011354 0.011771 0.012231 0.012731 0.013273 0.013859 0.014490 0.015173 0.015911 0.016710 0.017578 0.018523 0.019554 0.020680 0.021915 0.023272 0.024768 0.026421 0.028255 0.030296 0.032577 0.035140 0.038034 0.041323 0.045079 0.049381 0.054277 0.059804 0.065906 0.072303 0.078868 0.085576 0.092443 0.099485 0.106698 0.114070 0.121589 0.129247 0.137039 0.144962 0.153015 0.161197 0.169503 0.177931 0.186475 0.195132 0.203897
0.009251 0.009886 0.010481 0.011061 0.011643 0.012240 0.012865 0.013528 0.014237 0.015001 0.015829 0.016731 0.017716 0.018795 0.019981 0.021287 0.022729 0.024327 0.026101 0.028077 0.030288 0.032770 0.035572 0.038754 0.042392 0.046576 0.051390 0.056890 0.062972 0.069357 0.075939 0.082707 0.089658 0.096784 0.104075 0.111522 0.119122 0.126871 0.134765 0.142800 0.150971 0.159274 0.167704 0.176257 0.184927 0.193712 0.202606 0.211607 0.220711 0.229913
0.010245 0.010558 0.010946 0.011401 0.011921 0.012505 0.013156 0.013878 0.014676 0.015556 0.016528 0.017602 0.018790 0.020105 0.021564 0.023187 0.024995 0.027017 0.029286 0.031842 0.034737 0.038036 0.041825 0.046201 0.051254 0.057015 0.063231 0.069708 0.076395 0.083277 0.090342 0.097580 0.104986 0.112555 0.120282 0.128161 0.136190 0.144362 0.152674 0.161121 0.169697 0.178398 0.187220 0.196157 0.205207 0.214364 0.223625 0.232985 0.242442 0.251992
0.010287 0.010670 0.011123 0.011647 0.012243 0.012915 0.013666 0.014504 0.015437 0.016474 0.017627 0.018910 0.020338 0.021932 0.023714 0.025712 0.027959 0.030497 0.033377 0.036668 0.040454 0.044844 0.049930 0.055712 0.061908 0.068364 0.075040 0.081914 0.088977 0.096219 0.103636 0.111222 0.118972 0.126882 0.134946 0.143160 0.151518 0.160016 0.168647 0.177408 0.186293 0.195297 0.204418 0.213649 0.222988 0.232429 0.241970 0.251606 0.261334 0.271151
0.009950 0.010538 0.011166 0.011846 0.012590 0.013409 0.014313 0.015314 0.016426 0.017662 0.019040 0.020579 0.022302 0.024235 0.026412 0.028872 0.031667 0.034861 0.038539 0.042810 0.047782 0.053452 0.059541 0.065900 0.072488 0.079281 0.086269 0.093444 0.100800 0.108332 0.116034 0.123902 0.131931 0.140115 0.148449 0.156927 0.165544 0.174295 0.183175 0.192180 0.201305 0.210544 0.219895 0.229353 0.238914 0.248574 0.258329 0.268176 0.278112 0.288133
0.008707 0.009518 0.010374 0.011284 0.012259 0.013311 0.014454 0.015703 0.017077 0.018594 0.020277 0.022155 0.024258 0.026625 0.029304 0.032356 0.035859 0.039918 0.044654 0.050121 0.056070 0.062317 0.068802 0.075497 0.082391 0.089476 0.096744 0.104192 0.111814 0.119606 0.127563 0.135679 0.143948 0.152366 0.160927 0.169626 0.178458 0.187418 0.196502 0.205706 0.215024 0.224452 0.233987 0.243625 0.253361 0.263193 0.273116 0.283128 0.293226 0.303405
0.009875 0.010535 0.011293 0.012153 0.013123 0.014212 0.015434 0.016802 0.018337 0.020062 0.022003 0.024194 0.026679 0.029510 0.032755 0.036507 0.040884 0.046001 0.051736 0.057831 0.064187 0.070764 0.077544 0.084517 0.091677 0.099019 0.106539 0.114231 0.122091 0.130112 0.138291 0.146621 0.155097 0.163715 0.172470 0.181355 0.190368 0.199504 0.208757 0.218125 0.227602 0.237185 0.246870 0.256654 0.266532 0.276502 0.286560 0.296703 0.306929 0.317233
0.010316 0.011103 0.011974 0.012944 0.014031 0.015252 0.016626 0.018176 0.019927 0.021911 0.024165 0.026735 0.029682 0.033082 0.037041 0.041683 0.047061 0.052919 0.059082 0.065485 0.072101 0.078917 0.085925 0.093119 0.100496 0.108049 0.115774 0.123666 0.131718 0.139927 0.148286 0.156791 0.165436 0.174217 0.183129 0.192168 0.201328 0.210607 0.219998 0.229499 0.239106 0.248815 0.258622 0.268523 0.278516 0.288598 0.298764 0.309013 0.319341 0.329745
0.010649 0.011472 0.012424 0.013515 0.014755 0.016162 0.017756 0.019562 0.021613 0.023948 0.026618 0.029686 0.033241 0.037396 0.042276 0.047799 0.053700 0.059872 0.066270 0.072877 0.079682 0.086679 0.093864 0.101231 0.108777 0.116495 0.124380 0.132428 0.140631 0.148987 0.157488 0.166131 0.174911 0.183822 0.192860 0.202021 0.211301 0.220694 0.230197 0.239807 0.249519 0.259330 0.269236 0.279234 0.289321 0.299493 0.309748 0.320083 0.330496 0.340983
0.010163 0.011286 0.012510 0.013858 0.015355 0.017028 0.018907 0.021029 0.023439 0.026191 0.029356 0.033028 0.037332 0.042365 0.047920 0.053799 0.059930 0.066282 0.072843 0.079603 0.086559 0.093704 0.101035 0.108546 0.116231 0.124086 0.132104 0.140281 0.148611 0.157090 0.165711 0.174471 0.183363 0.192384 0.201530 0.210795 0.220175 0.229666 0.239265 0.248968 0.258770 0.268668 0.278660 0.288741 0.298909 0.309160 0.319492 0.329902 0.340387 0.350945
0.010749 0.011836 0.013077 0.014493 0.016103 0.017935 0.020023 0.022410 0.025149 0.028312 0.031993 0.036324 0.041370 0.046888 0.052717 0.058795 0.065097 0.071608 0.078322 0.085233 0.092337 0.099628 0.107102 0.114752 0.122572 0.130559 0.138705 0.147007 0.155458 0.164054 0.172789 0.181658 0.190658 0.199783 0.209029 0.218391 0.227866 0.237449 0.247137 0.256926 0.266812 0.276792 0.286863 0.297021 0.307263 0.317587 0.327990 0.338469 0.349021 0.359644
0.009636 0.010919 0.012361 0.013987 0.015822 0.017902 0.020269 0.022977 0.026096 0.029719 0.033974 0.038956 0.044440 0.050245 0.056302 0.062579 0.069065 0.075752 0.082636 0.089711 0.096973 0.104417 0.112038 0.119830 0.127788 0.135907 0.144182 0.152607 0.161178 0.169889 0.178735 0.187713 0.196817 0.206042 0.215385 0.224842 0.234408 0.244080 0.253853 0.263725 0.273691 0.283749 0.293895 0.304126 0.314440 0.324833 0.335303 0.345847 0.356463 0.367148
0.009026 0.010450 0.012028 0.013798 0.015797 0.018069 0.020668 0.023661 0.027137 0.031214 0.036022 0.041397 0.047124 0.053114 0.059331 0.065759 0.072391 0.079220 0.086243 0.093455 0.100850 0.108424 0.116171 0.124086 0.132163 0.140398 0.148785 0.157319 0.165995 0.174809 0.183755 0.192828 0.202026 0.211342 0.220772 0.230314 0.239963 0.249714 0.259565 0.269512 0.279551 0.289680 0.299895 0.310194 0.320572 0.331029 0.341560 0.352164 0.362839 0.373581
0.009411 0.010760 0.012341 0.014173 0.016288 0.018729 0.021554 0.024840 0.028697 0.033262 0.038450 0.044022 0.049874 0.055963 0.062272 0.068790 0.075512 0.082432 0.089547 0.096850 0.104337 0.112002 0.119839 0.127843 0.136009 0.144330 0.152802 0.161420 0.170178 0.179071 0.188095 0.197246 0.206518 0.215907 0.225409 0.235020 0.244737 0.254554 0.264470 0.274480 0.284581 0.294770 0.305043 0.315399 0.325834 0.336345 0.346929 0.357586 0.368311 0.379102
0.008822 0.010489 0.012339 0.014418 0.016778 0.019479 0.022598 0.026238 0.030537 0.035501 0.040888 0.046573 0.052507 0.058668 0.065045 0.071630 0.078420 0.085410 0.092593 0.099966 0.107521 0.115254 0.123158 0.131229 0.139460 0.147846 0.156382 0.165062 0.173882 0.182836 0.191920 0.201129 0.210458 0.219904 0.229461 0.239127 0.248896 0.258766 0.268733 0.278793 0.288943 0.299180 0.309501 0.319903 0.330383 0.340938 0.351567 0.362266 0.373033 0.383866
0.009005 0.010651 0.012540 0.014710 0.017210 0.020104 0.023479 0.027455 0.032142 0.037350 0.042892 0.048695 0.054729 0.060980 0.067441 0.074107 0.080973 0.088036 0.095290 0.102729 0.110349 0.118145 0.126109 0.134238 0.142526 0.150967 0.159556 0.168289 0.177159 0.186162 0.195295 0.204550 0.213926 0.223416 0.233018 0.242727 0.252539 0.262450 0.272458 0.282558 0.292747 0.303023 0.313382 0.323821 0.334338 0.344930 0.355594 0.366328 0.377129 0.387996
0.008877 0.010633 0.012642 0.014951 0.017619 0.020723 0.024366 0.028689 0.033656 0.039024 0.044678 0.050572 0.056686 0.063013 0.069545 0.076279 0.083211 0.090337 0.097651 0.105149 0.112826 0.120675 0.128693 0.136873 0.145209 0.153698 0.162334 0.171111 0.180025 0.189072 0.198245 0.207542 0.216957 0.226486 0.236125 0.245871 0.255719 0.265666 0.275708 0.285842 0.296065 0.306373 0.316764 0.327235 0.337782 0.348404 0.359098 0.369862 0.380692 0.391587
0.009013 0.010861 0.012979 0.015423 0.018262 0.021587 0.025523 0.030157 0.035276 0.040716 0.046415 0.052345 0.058495 0.064858 0.071429 0.078204 0.085178 0.092347 0.099705 0.107247 0.114968 0.122861 0.130922 0.139145 0.147525 0.156055 0.164732 0.173550 0.182503 0.191588 0.200799 0.210133 0.219584 0.229148 0.238822 0.248601 0.258482 0.268460 0.278534 0.288698 0.298951 0.309289 0.319708 0.330207 0.340782 0.351431 0.362151 0.372940 0.383795 0.394715
0.009055 0.010904 0.013085 0.015649 0.018667 0.022241 0.026497 0.031336 0.036547 0.042040 0.047779 0.053748 0.059938 0.066343 0.072957 0.079776 0.086796 0.094010 0.101414 0.109002 0.116767 0.124705 0.132810 0.141076 0.149498 0.158070 0.166787 0.175644 0.184636 0.193758 0.203005 0.212374 0.221859 0.231457 0.241163 0.250974 0.260885 0.270894 0.280996 0.291189 0.301469 0.311833 0.322278 0.332802 0.343402 0.354075 0.364818 0.375630 0.386507 0.397449
0.007062 0.009348 0.011915 0.014839 0.018216 0.022171 0.026780 0.031835 0.037196 0.042807 0.048647 0.054706 0.060978 0.067458 0.074143 0.081029 0.088111 0.095385 0.102845 0.110487 0.118303 0.126290 0.134442 0.142752 0.151216 0.159829 0.168586 0.177481 0.186509 0.195666 0.204947 0.214348 0.223865 0.233493 0.243228 0.253067 0.263005 0.273040 0.283167 0.293384 0.303688 0.314075 0.324542 0.335088 0.345708 0.356401 0.367164 0.377995 0.388891 0.399850
0.007474 0.009683 0.012234 0.015199 0.018676 0.022797 0.027537 0.032671 0.038092 0.043757 0.049649 0.055759 0.062080 0.068610 0.075343 0.082275 0.089403 0.096720 0.104223 0.111904 0.119760 0.127784 0.135971 0.144316 0.152813 0.161457 0.170244 0.179168 0.188224 0.197408 0.206715 0.216141 0.225681 0.235332 0.245089 0.254949 0.264908 0.274962 0.285109 0.295344 0.305666 0.316070 0.326554 0.337115 0.347751 0.358459 0.369236 0.380081 0.390991 0.401964
0.008483 0.010627 0.013160 0.016154 0.019709 0.023950 0.028752 0.033915 0.039351 0.045028 0.050932 0.057055 0.063391 0.069936 0.076686 0.083636 0.090782 0.098118 0.105640 0.113340 0.121215 0.129258 0.137463 0.145826 0.154341 0.163003 0.171807 0.180747 0.189820 0.199019 0.208342 0.217782 0.227337 0.237002 0.246772 0.256645 0.266617 0.276683 0.286842 0.297089 0.307421 0.317836 0.328330 0.338902 0.349547 0.360265 0.371051 0.381905 0.392824 0.403805
0.008530 0.010940 0.013693 0.016885 0.020637 0.025044 0.029917 0.035110 0.040564 0.046253 0.052167 0.058300 0.064647 0.071202 0.077963 0.084924 0.092081 0.099428 0.106960 0.114671 0.122556 0.130609 0.138825 0.147198 0.155723 0.164394 0.173207 0.182157 0.191238 0.200446 0.209776 0.219225 0.228788 0.238460 0.248238 0.258118 0.268096 0.278170 0.288334 0.298588 0.308926 0.319347 0.329847 0.340424 0.351075 0.361797 0.372589 0.383447 0.394370 0.405356
0.009083 0.011421 0.014155 0.017372 0.021189 0.025675 0.030611 0.035856 0.041352 0.047078 0.053025 0.059186 0.065558 0.072137 0.078919 0.085900 0.093075 0.100438 0.107986 0.115711 0.123610 0.131675 0.139903 0.148286 0.156821 0.165502 0.174324 0.183282 0.192371 0.201586 0.210924 0.220379 0.229947 0.239625 0.249408 0.259293 0.269276 0.279354 0.289523 0.299780 0.310122 0.320546 0.331050 0.341629 0.352283 0.363008 0.373802 0.384663 0.395589 0.406577
0.009457 0.011776 0.014506 0.017735 0.021588 0.026099 0.031046 0.036299 0.041807 0.047548 0.053512 0.059693 0.066085 0.072684 0.079487 0.086488 0.093682 0.101065 0.108630 0.116373 0.124287 0.132367 0.140608 0.149005 0.157551 0.166243 0.175075 0.184042 0.193140 0.202363 0.211707 0.221169 0.230743 0.240427 0.250215 0.260105 0.270092 0.280173 0.290346 0.300606 0.310951 0.321377 0.331883 0.342465 0.353120 0.363847 0.374643 0.385505 0.396432 0.407421
0.008765 0.011247 0.014115 0.017466 0.021429 0.026024 0.031031 0.036331 0.041877 0.047651 0.053644 0.059851 0.066266 0.072887 0.079709 0.086729 0.093940 0.101338 0.108917 0.116673 0.124599 0.132691 0.140942 0.149348 0.157904 0.166604 0.175443 0.184417 0.193521 0.202750 0.212099 0.221566 0.231144 0.240831 0.250623 0.260516 0.270506 0.280590 0.290764 0.301027 0.311373 0.321801 0.332308 0.342892 0.353548 0.364276 0.375073 0.385936 0.396863 0.407852
