0.025804 0.022969 0.020024 0.016890 0.013479 0.009837 0.006096 0.002562 0.000938 0.000343 0.000126 0.000046 0.000017 0.000006 0.000002 0.000001 0.000000 0.000000 0.000000 0.000000 0.000000 0.000000 0.000000 0.000000 0.000000 0.000000 0.000000 0.000000 0.000000 0.000000 0.000000 0.000000 0.000000 0.000000 0.000000 0.000000 0.000000 0.000000 0.000000 0.000000 0.000000 0.000000 0.000000 0.000000 0.000000 0.000000 0.000000 0.000000 0.000000 0.000000
0.020987 0.019018 0.016698 0.014003 0.010911 0.007564 0.004084 0.001513 0.000554 0.000203 0.000074 0.000027 0.000010 0.000004 0.000001 0.000000 0.000000 0.000000 0.000000 0.000000 0.000000 0.000000 0.000000 0.000000 0.000000 0.000000 0.000000 0.000000 0.000000 0.000000 0.000000 0.000000 0.000000 0.000000 0.000000 0.000000 0.000000 0.000000 0.000000 0.000000 0.000000 0.000000 0.000000 0.000000 0.000000 0.000000 0.000000 0.000000 0.000000 0.000000
0.022450 0.019863 0.017079 0.014008 0.010674 0.007208 0.003659 0.001340 0.000490 0.000180 0.000066 0.000024 0.000009 0.000003 0.000001 0.000000 0.000000 0.000000 0.000000 0.000000 0.000000 0.000000 0.000000 0.000000 0.000000 0.000000 0.000000 0.000000 0.000000 0.000000 0.000000 0.000000 0.000000 0.000000 0.000000 0.000000 0.000000 0.000000 0.000000 0.000000 0.000000 0.000000 0.000000 0.000000 0.000000 0.000000 0.000000 0.000000 0.000000 0.000000
0.024642 0.021987 0.019047 0.015764 0.012217 0.008551 0.004819 0.001826 0.000668 0.000245 0.000090 0.000033 0.000012 0.000004 0.000002 0.000001 0.000000 0.000000 0.000000 0.000000 0.000000 0.000000 0.000000 0.000000 0.000000 0.000000 0.000000 0.000000 0.000000 0.000000 0.000000 0.000000 0.000000 0.000000 0.000000 0.000000 0.000000 0.000000 0.000000 0.000000 0.000000 0.000000 0.000000 0.000000 0.000000 0.000000 0.000000 0.000000 0.000000 0.000000
0.026793 0.023883 0.020736 0.017268 0.013560 0.009751 0.005891 0.002387 0.000874 0.000320 0.000117 0.000043 0.000016 0.000006 0.000002 0.000001 0.000000 0.000000 0.000000 0.000000 0.000000 0.000000 0.000000 0.000000 0.000000 0.000000 0.000000 0.000000 0.000000 0.000000 0.000000 0.000000 0.000000 0.000000 0.000000 0.000000 0.000000 0.000000 0.000000 0.000000 0.000000 0.000000 0.000000 0.000000 0.000000 0.000000 0.000000 0.000000 0.000000 0.000000
0.025772 0.023020 0.019974 0.016576 0.012966 0.009253 0.005469 0.002155 0.000789 0.000289 0.000106 0.000039 0.000014 0.000005 0.000002 0.000001 0.000000 0.000000 0.000000 0.000000 0.000000 0.000000 0.000000 0.000000 0.000000 0.000000 0.000000 0.000000 0.000000 0.000000 0.000000 0.000000 0.000000 0.000000 0.000000 0.000000 0.000000 0.000000 0.000000 0.000000 0.000000 0.000000 0.000000 0.000000 0.000000 0.000000 0.000000 0.000000 0.000000 0.000000
0.023941 0.021458 0.018565 0.015275 0.011770 0.008147 0.004437 0.001650 0.000604 0.000221 0.000081 0.000030 0.000011 0.000004 0.000001 0.000001 0.000000 0.000000 0.000000 0.000000 0.000000 0.000000 0.000000 0.000000 0.000000 0.000000 0.000000 0.000000 0.000000 0.000000 0.000000 0.000000 0.000000 0.000000 0.000000 0.000000 0.000000 0.000000 0.000000 0.000000 0.000000 0.000000 0.000000 0.000000 0.000000 0.000000 0.000000 0.000000 0.000000 0.000000
0.024228 0.021445 0.018343 0.014900 0.011290 0.007598 0.003843 0.001407 0.000515 0.000188 0.000069 0.000025 0.000009 0.000003 0.000001 0.000000 0.000000 0.000000 0.000000 0.000000 0.000000 0.000000 0.000000 0.000000 0.000000 0.000000 0.000000 0.000000 0.000000 0.000000 0.000000 0.000000 0.000000 0.000000 0.000000 0.000000 0.000000 0.000000 0.000000 0.000000 0.000000 0.000000 0.000000 0.000000 0.000000 0.000000 0.000000 0.000000 0.000000 0.000000
0.023182 0.020607 0.017620 0.014297 0.010805 0.007211 0.003533 0.001293 0.000473 0.000173 0.000063 0.000023 0.000008 0.000003 0.000001 0.000000 0.000000 0.000000 0.000000 0.000000 0.000000 0.000000 0.000000 0.000000 0.000000 0.000000 0.000000 0.000000 0.000000 0.000000 0.000000 0.000000 0.000000 0.000000 0.000000 0.000000 0.000000 0.000000 0.000000 0.000000 0.000000 0.000000 0.000000 0.000000 0.000000 0.000000 0.000000 0.000000 0.000000 0.000000
0.023617 0.021152 0.018204 0.014894 0.011401 0.007797 0.004099 0.001507 0.000552 0.000202 0.000074 0.000027 0.000010 0.000004 0.000001 0.000000 0.000000 0.000000 0.000000 0.000000 0.000000 0.000000 0.000000 0.000000 0.000000 0.000000 0.000000 0.000000 0.000000 0.000000 0.000000 0.000000 0.000000 0.000000 0.000000 0.000000 0.000000 0.000000 0.000000 0.000000 0.000000 0.000000 0.000000 0.000000 0.000000 0.000000 0.000000 0.000000 0.000000 0.000000
0.025128 0.022388 0.019254 0.015821 0.012249 0.008590 0.004855 0.001840 0.000674 0.000247 0.000090 0.000033 0.000012 0.000004 0.000002 0.000001 0.000000 0.000000 0.000000 0.000000 0.000000 0.000000 0.000000 0.000000 0.000000 0.000000 0.000000 0.000000 0.000000 0.000000 0.000000 0.000000 0.000000 0.000000 0.000000 0.000000 0.000000 0.000000 0.000000 0.000000 0.000000 0.000000 0.000000 0.000000 0.000000 0.000000 0.000000 0.000000 0.000000 0.000000
0.024667 0.022214 0.019261 0.015950 0.012464 0.008870 0.005186 0.002017 0.000738 0.000270 0.000099 0.000036 0.000013 0.000005 0.000002 0.000001 0.000000 0.000000 0.000000 0.000000 0.000000 0.000000 0.000000 0.000000 0.000000 0.000000 0.000000 0.000000 0.000000 0.000000 0.000000 0.000000 0.000000 0.000000 0.000000 0.000000 0.000000 0.000000 0.000000 0.000000 0.000000 0.000000 0.000000 0.000000 0.000000 0.000000 0.000000 0.000000 0.000000 0.000000
0.023750 0.021459 0.018661 0.015502 0.012158 0.008690 0.005116 0.002001 0.000732 0.000268 0.000098 0.000036 0.000013 0.000005 0.000002 0.000001 0.000000 0.000000 0.000000 0.000000 0.000000 0.000000 0.000000 0.000000 0.000000 0.000000 0.000000 0.000000 0.000000 0.000000 0.000000 0.000000 0.000000 0.000000 0.000000 0.000000 0.000000 0.000000 0.000000 0.000000 0.000000 0.000000 0.000000 0.000000 0.000000 0.000000 0.000000 0.000000 0.000000 0.000000
0.023955 0.021665 0.018844 0.015689 0.012362 0.008919 0.005373 0.002154 0.000789 0.000289 0.000106 0.000039 0.000014 0.000005 0.000002 0.000001 0.000000 0.000000 0.000000 0.000000 0.000000 0.000000 0.000000 0.000000 0.000000 0.000000 0.000000 0.000000 0.000000 0.000000 0.000000 0.000000 0.000000 0.000000 0.000000 0.000000 0.000000 0.000000 0.000000 0.000000 0.000000 0.000000 0.000000 0.000000 0.000000 0.000000 0.000000 0.000000 0.000000 0.000000
0.024863 0.022336 0.019388 0.016206 0.012889 0.009468 0.005944 0.002530 0.000926 0.000339 0.000124 0.000045 0.000017 0.000006 0.000002 0.000001 0.000000 0.000000 0.000000 0.000000 0.000000 0.000000 0.000000 0.000000 0.000000 0.000000 0.000000 0.000000 0.000000 0.000000 0.000000 0.000000 0.000000 0.000000 0.000000 0.000000 0.000000 0.000000 0.000000 0.000000 0.000000 0.000000 0.000000 0.000000 0.000000 0.000000 0.000000 0.000000 0.000000 0.000000
0.026437 0.023971 0.020979 0.017693 0.014258 0.010723 0.007096 0.003392 0.001241 0.000454 0.000166 0.000061 0.000022 0.000008 0.000003 0.000001 0.000000 0.000000 0.000000 0.000000 0.000000 0.000000 0.000000 0.000000 0.000000 0.000000 0.000000 0.000000 0.000000 0.000000 0.000000 0.000000 0.000000 0.000000 0.000000 0.000000 0.000000 0.000000 0.000000 0.000000 0.000000 0.000000 0.000000 0.000000 0.000000 0.000000 0.000000 0.000000 0.000000 0.000000
0.025933 0.023596 0.020728 0.017556 0.014222 0.010771 0.007215 0.003552 0.001300 0.000476 0.000174 0.000064 0.000023 0.000009 0.000003 0.000001 0.000000 0.000000 0.000000 0.000000 0.000000 0.000000 0.000000 0.000000 0.000000 0.000000 0.000000 0.000000 0.000000 0.000000 0.000000 0.000000 0.000000 0.000000 0.000000 0.000000 0.000000 0.000000 0.000000 0.000000 0.000000 0.000000 0.000000 0.000000 0.000000 0.000000 0.000000 0.000000 0.000000 0.000000
0.025134 0.022885 0.020108 0.017044 0.013814 0.010460 0.006991 0.003411 0.001249 0.000457 0.000167 0.000061 0.000022 0.000008 0.000003 0.000001 0.000000 0.000000 0.000000 0.000000 0.000000 0.000000 0.000000 0.000000 0.000000 0.000000 0.000000 0.000000 0.000000 0.000000 0.000000 0.000000 0.000000 0.000000 0.000000 0.000000 0.000000 0.000000 0.000000 0.000000 0.000000 0.000000 0.000000 0.000000 0.000000 0.000000 0.000000 0.000000 0.000000 0.000000
0.026009 0.023633 0.020749 0.017601 0.014310 0.010914 0.007418 0.003815 0.001398 0.000512 0.000187 0.000069 0.000025 0.000009 0.000003 0.000001 0.000000 0.000000 0.000000 0.000000 0.000000 0.000000 0.000000 0.000000 0.000000 0.000000 0.000000 0.000000 0.000000 0.000000 0.000000 0.000000 0.000000 0.000000 0.000000 0.000000 0.000000 0.000000 0.000000 0.000000 0.000000 0.000000 0.000000 0.000000 0.000000 0.000000 0.000000 0.000000 0.000000 0.000000
0.025382 0.023238 0.020567 0.017602 0.014461 0.011182 0.007776 0.004242 0.001575 0.000577 0.000211 0.000077 0.000028 0.000010 0.000004 0.000001 0.000001 0.000000 0.000000 0.000000 0.000000 0.000000 0.000000 0.000000 0.000000 0.000000 0.000000 0.000000 0.000000 0.000000 0.000000 0.000000 0.000000 0.000000 0.000000 0.000000 0.000000 0.000000 0.000000 0.000000 0.000000 0.000000 0.000000 0.000000 0.000000 0.000000 0.000000 0.000000 0.000000 0.000000
0.026593 0.024362 0.021583 0.018513 0.015287 0.011945 0.008495 0.004931 0.001902 0.000696 0.000255 0.000093 0.000034 0.000012 0.000005 0.000002 0.000001 0.000000 0.000000 0.000000 0.000000 0.000000 0.000000 0.000000 0.000000 0.000000 0.000000 0.000000 0.000000 0.000000 0.000000 0.000000 0.000000 0.000000 0.000000 0.000000 0.000000 0.000000 0.000000 0.000000 0.000000 0.000000 0.000000 0.000000 0.000000 0.000000 0.000000 0.000000 0.000000 0.000000
0.026505 0.024341 0.021635 0.018644 0.015488 0.012207 0.008808 0.005289 0.002108 0.000771 0.000282 0.000103 0.000038 0.000014 0.000005 0.000002 0.000001 0.000000 0.000000 0.000000 0.000000 0.000000 0.000000 0.000000 0.000000 0.000000 0.000000 0.000000 0.000000 0.000000 0.000000 0.000000 0.000000 0.000000 0.000000 0.000000 0.000000 0.000000 0.000000 0.000000 0.000000 0.000000 0.000000 0.000000 0.000000 0.000000 0.000000 0.000000 0.000000 0.000000
0.026811 0.024487 0.021721 0.018728 0.015597 0.012354 0.008999 0.005524 0.002264 0.000829 0.000303 0.000111 0.000041 0.000015 0.000005 0.000002 0.000001 0.000000 0.000000 0.000000 0.000000 0.000000 0.000000 0.000000 0.000000 0.000000 0.000000 0.000000 0.000000 0.000000 0.000000 0.000000 0.000000 0.000000 0.000000 0.000000 0.000000 0.000000 0.000000 0.000000 0.000000 0.000000 0.000000 0.000000 0.000000 0.000000 0.000000 0.000000 0.000000 0.000000
0.024546 0.023069 0.020868 0.018256 0.015395 0.012349 0.009140 0.005777 0.002467 0.000903 0.000331 0.000121 0.000044 0.000016 0.000006 0.000002 0.000001 0.000000 0.000000 0.000000 0.000000 0.000000 0.000000 0.000000 0.000000 0.000000 0.000000 0.000000 0.000000 0.000000 0.000000 0.000000 0.000000 0.000000 0.000000 0.000000 0.000000 0.000000 0.000000 0.000000 0.000000 0.000000 0.000000 0.000000 0.000000 0.000000 0.000000 0.000000 0.000000 0.000000
0.029051 0.026500 0.023536 0.020380 0.017128 0.013800 0.010390 0.006881 0.003281 0.001201 0.000440 0.000161 0.000059 0.000022 0.000008 0.000003 0.000001 0.000000 0.000000 0.000000 0.000000 0.000000 0.000000 0.000000 0.000000 0.000000 0.000000 0.000000 0.000000 0.000000 0.000000 0.000000 0.000000 0.000000 0.000000 0.000000 0.000000 0.000000 0.000000 0.000000 0.000000 0.000000 0.000000 0.000000 0.000000 0.000000 0.000000 0.000000 0.000000 0.000000
0.026131 0.024511 0.022235 0.019595 0.016726 0.013684 0.010488 0.007145 0.003653 0.001338 0.000490 0.000179 0.000066 0.000024 0.000009 0.000003 0.000001 0.000000 0.000000 0.000000 0.000000 0.000000 0.000000 0.000000 0.000000 0.000000 0.000000 0.000000 0.000000 0.000000 0.000000 0.000000 0.000000 0.000000 0.000000 0.000000 0.000000 0.000000 0.000000 0.000000 0.000000 0.000000 0.000000 0.000000 0.000000 0.000000 0.000000 0.000000 0.000000 0.000000
0.027282 0.025343 0.022889 0.020162 0.017267 0.014237 0.011077 0.007784 0.004352 0.001634 0.000598 0.000219 0.000080 0.000029 0.000011 0.000004 0.000001 0.000001 0.000000 0.000000 0.000000 0.000000 0.000000 0.000000 0.000000 0.000000 0.000000 0.000000 0.000000 0.000000 0.000000 0.000000 0.000000 0.000000 0.000000 0.000000 0.000000 0.000000 0.000000 0.000000 0.000000 0.000000 0.000000 0.000000 0.000000 0.000000 0.000000 0.000000 0.000000 0.000000
0.029407 0.027218 0.024569 0.021698 0.018703 0.015610 0.012415 0.009109 0.005680 0.002382 0.000872 0.000319 0.000117 0.000043 0.000016 0.000006 0.000002 0.000001 0.000000 0.000000 0.000000 0.000000 0.000000 0.000000 0.000000 0.000000 0.000000 0.000000 0.000000 0.000000 0.000000 0.000000 0.000000 0.000000 0.000000 0.000000 0.000000 0.000000 0.000000 0.000000 0.000000 0.000000 0.000000 0.000000 0.000000 0.000000 0.000000 0.000000 0.000000 0.000000
0.028270 0.026810 0.024684 0.022190 0.019470 0.016580 0.013540 0.010355 0.007024 0.003546 0.001298 0.000475 0.000174 0.000064 0.000023 0.000009 0.000003 0.000001 0.000000 0.000000 0.000000 0.000000 0.000000 0.000000 0.000000 0.000000 0.000000 0.000000 0.000000 0.000000 0.000000 0.000000 0.000000 0.000000 0.000000 0.000000 0.000000 0.000000 0.000000 0.000000 0.000000 0.000000 0.000000 0.000000 0.000000 0.000000 0.000000 0.000000 0.000000 0.000000
0.030078 0.028299 0.025989 0.023402 0.020646 0.017758 0.014745 0.011603 0.008325 0.004903 0.001913 0.000700 0.000256 0.000094 0.000034 0.000013 0.000005 0.000002 0.000001 0.000000 0.000000 0.000000 0.000000 0.000000 0.000000 0.000000 0.000000 0.000000 0.000000 0.000000 0.000000 0.000000 0.000000 0.000000 0.000000 0.000000 0.000000 0.000000 0.000000 0.000000 0.000000 0.000000 0.000000 0.000000 0.000000 0.000000 0.000000 0.000000 0.000000 0.000000
0.031534 0.029555 0.027120 0.024460 0.021672 0.018780 0.015785 0.012679 0.009451 0.006091 0.002707 0.000991 0.000363 0.000133 0.000049 0.000018 0.000007 0.000002 0.000001 0.000000 0.000000 0.000000 0.000000 0.000000 0.000000 0.000000 0.000000 0.000000 0.000000 0.000000 0.000000 0.000000 0.000000 0.000000 0.000000 0.000000 0.000000 0.000000 0.000000 0.000000 0.000000 0.000000 0.000000 0.000000 0.000000 0.000000 0.000000 0.000000 0.000000 0.000000
0.029924 0.028570 0.026586 0.024263 0.021739 0.019066 0.016257 0.013316 0.010238 0.007017 0.003647 0.001338 0.000490 0.000179 0.000066 0.000024 0.000009 0.000003 0.000001 0.000000 0.000000 0.000000 0.000000 0.000000 0.000000 0.000000 0.000000 0.000000 0.000000 0.000000 0.000000 0.000000 0.000000 0.000000 0.000000 0.000000 0.000000 0.000000 0.000000 0.000000 0.000000 0.000000 0.000000 0.000000 0.000000 0.000000 0.000000 0.000000 0.000000 0.000000
0.030262 0.028884 0.026936 0.024683 0.022254 0.019689 0.016999 0.014181 0.011230 0.008136 0.004895 0.001950 0.000714 0.000261 0.000096 0.000035 0.000013 0.000005 0.000002 0.000001 0.000000 0.000000 0.000000 0.000000 0.000000 0.000000 0.000000 0.000000 0.000000 0.000000 0.000000 0.000000 0.000000 0.000000 0.000000 0.000000 0.000000 0.000000 0.000000 0.000000 0.000000 0.000000 0.000000 0.000000 0.000000 0.000000 0.000000 0.000000 0.000000 0.000000
0.030436 0.029280 0.027510 0.025410 0.023119 0.020685 0.018121 0.015429 0.012602 0.009635 0.006519 0.003257 0.001192 0.000436 0.000160 0.000058 0.000021 0.000008 0.000003 0.000001 0.000000 0.000000 0.000000 0.000000 0.000000 0.000000 0.000000 0.000000 0.000000 0.000000 0.000000 0.000000 0.000000 0.000000 0.000000 0.000000 0.000000 0.000000 0.000000 0.000000 0.000000 0.000000 0.000000 0.000000 0.000000 0.000000 0.000000 0.000000 0.000000 0.000000
0.031869 0.030513 0.028665 0.026568 0.024330 0.021979 0.019519 0.016943 0.014241 0.011404 0.008424 0.005292 0.002242 0.000820 0.000300 0.000110 0.000040 0.000015 0.000005 0.000002 0.000001 0.000000 0.000000 0.000000 0.000000 0.000000 0.000000 0.000000 0.000000 0.000000 0.000000 0.000000 0.000000 0.000000 0.000000 0.000000 0.000000 0.000000 0.000000 0.000000 0.000000 0.000000 0.000000 0.000000 0.000000 0.000000 0.000000 0.000000 0.000000 0.000000
0.030394 0.029664 0.028330 0.026664 0.024789 0.022752 0.020568 0.018239 0.015765 0.013140 0.010361 0.007423 0.004325 0.001673 0.000612 0.000224 0.000082 0.000030 0.000011 0.000004 0.000001 0.000001 0.000000 0.000000 0.000000 0.000000 0.000000 0.000000 0.000000 0.000000 0.000000 0.000000 0.000000 0.000000 0.000000 0.000000 0.000000 0.000000 0.000000 0.000000 0.000000 0.000000 0.000000 0.000000 0.000000 0.000000 0.000000 0.000000 0.000000 0.000000
0.031145 0.030476 0.029244 0.027710 0.025984 0.024108 0.022093 0.019940 0.017647 0.015209 0.012622 0.009879 0.006977 0.003924 0.001483 0.000543 0.000199 0.000073 0.000027 0.000010 0.000004 0.000001 0.000000 0.000000 0.000000 0.000000 0.000000 0.000000 0.000000 0.000000 0.000000 0.000000 0.000000 0.000000 0.000000 0.000000 0.000000 0.000000 0.000000 0.000000 0.000000 0.000000 0.000000 0.000000 0.000000 0.000000 0.000000 0.000000 0.000000 0.000000
0.033560 0.032717 0.031381 0.029804 0.028089 0.026270 0.024350 0.022323 0.020180 0.017913 0.015513 0.012972 0.010282 0.007438 0.004454 0.001785 0.000653 0.000239 0.000088 0.000032 0.000012 0.000004 0.000002 0.000001 0.000000 0.000000 0.000000 0.000000 0.000000 0.000000 0.000000 0.000000 0.000000 0.000000 0.000000 0.000000 0.000000 0.000000 0.000000 0.000000 0.000000 0.000000 0.000000 0.000000 0.000000 0.000000 0.000000 0.000000 0.000000 0.000000
0.034042 0.033656 0.032717 0.031489 0.030095 0.028575 0.026941 0.025191 0.023320 0.021321 0.019188 0.016915 0.014495 0.011922 0.009192 0.006312 0.003388 0.001257 0.000460 0.000168 0.000062 0.000023 0.000008 0.000003 0.000001 0.000000 0.000000 0.000000 0.000000 0.000000 0.000000 0.000000 0.000000 0.000000 0.000000 0.000000 0.000000 0.000000 0.000000 0.000000 0.000000 0.000000 0.000000 0.000000 0.000000 0.000000 0.000000 0.000000 0.000000 0.000000
0.036825 0.036504 0.035695 0.034640 0.033444 0.032142 0.030739 0.029232 0.027613 0.025875 0.024011 0.022013 0.019876 0.017592 0.015156 0.012563 0.009813 0.006939 0.004064 0.001605 0.000588 0.000215 0.000079 0.000029 0.000011 0.000004 0.000001 0.000001 0.000000 0.000000 0.000000 0.000000 0.000000 0.000000 0.000000 0.000000 0.000000 0.000000 0.000000 0.000000 0.000000 0.000000 0.000000 0.000000 0.000000 0.000000 0.000000 0.000000 0.000000 0.000000
0.038301 0.038637 0.038361 0.037759 0.036968 0.036040 0.034992 0.033827 0.032543 0.031136 0.029600 0.027931 0.026123 0.024171 0.022071 0.019818 0.017406 0.014835 0.012107 0.009245 0.006353 0.003517 0.001327 0.000486 0.000178 0.000065 0.000024 0.000009 0.000003 0.000001 0.000000 0.000000 0.000000 0.000000 0.000000 0.000000 0.000000 0.000000 0.000000 0.000000 0.000000 0.000000 0.000000 0.000000 0.000000 0.000000 0.000000 0.000000 0.000000 0.000000
0.041993 0.042337 0.042193 0.041801 0.041263 0.040615 0.039863 0.039005 0.038038 0.036955 0.035751 0.034420 0.032957 0.031356 0.029612 0.027722 0.025680 0.023483 0.021127 0.018609 0.015934 0.013115 0.010180 0.007245 0.004378 0.001803 0.000660 0.000242 0.000088 0.000032 0.000012 0.000004 0.000002 0.000001 0.000000 0.000000 0.000000 0.000000 0.000000 0.000000 0.000000 0.000000 0.000000 0.000000 0.000000 0.000000 0.000000 0.000000 0.000000 0.000000
0.046684 0.047100 0.047066 0.046809 0.046430 0.045960 0.045408 0.044772 0.044047 0.043227 0.042303 0.041271 0.040123 0.038853 0.037456 0.035926 0.034257 0.032445 0.030485 0.028374 0.026106 0.023681 0.021097 0.018361 0.015487 0.012494 0.009472 0.006518 0.003647 0.001386 0.000507 0.000186 0.000068 0.000025 0.000009 0.000003 0.000001 0.000000 0.000000 0.000000 0.000000 0.000000 0.000000 0.000000 0.000000 0.000000 0.000000 0.000000 0.000000 0.000000
0.051575 0.051982 0.051960 0.051750 0.051460 0.051123 0.050742 0.050311 0.049821 0.049261 0.048623 0.047897 0.047075 0.046150 0.045115 0.043962 0.042687 0.041283 0.039745 0.038068 0.036248 0.034281 0.032162 0.029889 0.027461 0.024877 0.022142 0.019270 0.016276 0.013187 0.010117 0.007133 0.004243 0.001712 0.000627 0.000229 0.000084 0.000031 0.000011 0.000004 0.000002 0.000001 0.000000 0.000000 0.000000 0.000000 0.000000 0.000000 0.000000 0.000000
0.052719 0.053842 0.054416 0.054703 0.054851 0.054914 0.054913 0.054849 0.054723 0.054527 0.054258 0.053908 0.053471 0.052941 0.052313 0.051579 0.050735 0.049775 0.048694 0.047488 0.046151 0.044679 0.043068 0.041315 0.039416 0.037369 0.035169 0.032818 0.030314 0.027659 0.024863 0.021940 0.018907 0.015782 0.012660 0.009631 0.006707 0.003876 0.001514 0.000554 0.000203 0.000074 0.000027 0.000010 0.000004 0.000001 0.000000 0.000000 0.000000 0.000000
0.056959 0.057726 0.058164 0.058456 0.058708 0.058948 0.059174 0.059377 0.059546 0.059672 0.059744 0.059754 0.059695 0.059560 0.059341 0.059034 0.058631 0.058128 0.057519 0.056800 0.055966 0.055012 0.053934 0.052728 0.051391 0.049919 0.048309 0.046557 0.044662 0.042621 0.040432 0.038096 0.035614 0.032988 0.030226 0.027342 0.024355 0.021279 0.018132 0.015016 0.012007 0.009113 0.006320 0.003611 0.001394 0.000510 0.000187 0.000068 0.000025 0.000009
0.057649 0.059595 0.060887 0.061808 0.062548 0.063190 0.063768 0.064300 0.064788 0.065234 0.065635 0.065986 0.066283 0.066520 0.066692 0.066793 0.066817 0.066760 0.066616 0.066380 0.066048 0.065614 0.065075 0.064426 0.063663 0.062784 0.061783 0.060659 0.059407 0.058025 0.056510 0.054859 0.053072 0.051145 0.049078 0.046872 0.044527 0.042047 0.039435 0.036700 0.033857 0.030925 0.027917 0.024843 0.021722 0.018650 0.015696 0.012865 0.010142 0.007510
0.067537 0.068055 0.068441 0.068773 0.069158 0.069617 0.070138 0.070706 0.071301 0.071909 0.072517 0.073114 0.073690 0.074236 0.074746 0.075211 0.075625 0.075982 0.076277 0.076504 0.076657 0.076733 0.076725 0.076631 0.076445 0.076164 0.075783 0.075300 0.074711 0.074011 0.073199 0.072271 0.071224 0.070056 0.068763 0.067345 0.065799 0.064123 0.062317 0.060380 0.058312 0.056117 0.053797 0.051356 0.048799 0.046133 0.043376 0.040543 0.037648 0.034701
0.069078 0.071331 0.072925 0.074059 0.074993 0.075847 0.076674 0.077496 0.078322 0.079155 0.079995 0.080837 0.081677 0.082511 0.083332 0.084136 0.084916 0.085666 0.086382 0.087057 0.087687 0.088266 0.088789 0.089251 0.089648 0.089975 0.090229 0.090404 0.090497 0.090504 0.090422 0.090246 0.089974 0.089602 0.089127 0.088547 0.087857 0.087056 0.086141 0.085110 0.083961 0.082693 0.081303 0.079792 0.078159 0.076404 0.074528 0.072535 0.070426 0.068208
0.082073 0.082451 0.082764 0.083007 0.083322 0.083760 0.084325 0.085005 0.085785 0.086651 0.087588 0.088585 0.089630 0.090712 0.091824 0.092955 0.094098 0.095246 0.096392 0.097529 0.098650 0.099750 0.100823 0.101863 0.102865 0.103824 0.104735 0.105592 0.106393 0.107131 0.107804 0.108406 0.108935 0.109387 0.109757 0.110043 0.110241 0.110348 0.110362 0.110279 0.110097 0.109813 0.109425 0.108931 0.108328 0.107615 0.106791 0.105854 0.104803 0.103637
0.082735 0.084256 0.085480 0.086402 0.087224 0.088078 0.089011 0.090034 0.091148 0.092346 0.093622 0.094968 0.096376 0.097839 0.099349 0.100900 0.102484 0.104096 0.105728 0.107373 0.109026 0.110680 0.112328 0.113966 0.115588 0.117188 0.118761 0.120302 0.121807 0.123271 0.124690 0.126060 0.127378 0.128639 0.129841 0.130979 0.132052 0.133055 0.133985 0.134841 0.135619 0.136317 0.136931 0.137460 0.137900 0.138251 0.138508 0.138670 0.138735 0.138701
0.084673 0.086517 0.088152 0.089507 0.090702 0.091900 0.093163 0.094512 0.095951 0.097478 0.099089 0.100781 0.102547 0.104383 0.106282 0.108239 0.110248 0.112300 0.114388 0.116506 0.118646 0.120802 0.122968 0.125139 0.127309 0.129474 0.131628 0.133768 0.135890 0.137991 0.140066 0.142113 0.144128 0.146109 0.148053 0.149957 0.151818 0.153633 0.155401 0.157118 0.158782 0.160390 0.161939 0.163426 0.164850 0.166208 0.167496 0.168713 0.169857 0.170924
0.090639 0.092444 0.094055 0.095425 0.096594 0.097751 0.098988 0.100337 0.101808 0.103400 0.105110 0.106934 0.108866 0.110900 0.113025 0.115230 0.117501 0.119829 0.122203 0.124616 0.127063 0.129537 0.132035 0.134552 0.137084 0.139629 0.142183 0.144743 0.147306 0.149870 0.152432 0.154989 0.157541 0.160083 0.162614 0.165131 0.167632 0.170114 0.172574 0.175009 0.177417 0.179794 0.182139 0.184448 0.186720 0.188951 0.191140 0.193284 0.195380 0.197426
0.099742 0.100610 0.101517 0.102384 0.103146 0.103935 0.104867 0.105980 0.107279 0.108758 0.110411 0.112226 0.114191 0.116286 0.118479 0.120741 0.123065 0.125446 0.127880 0.130367 0.132904 0.135488 0.138115 0.140784 0.143492 0.146235 0.149011 0.151817 0.154651 0.157509 0.160390 0.163291 0.166209 0.169143 0.172089 0.175044 0.178004 0.180967 0.183928 0.186886 0.189839 0.192785 0.195720 0.198645 0.201555 0.204450 0.207328 0.210186 0.213022 0.215835
0.100516 0.101597 0.102703 0.103783 0.104767 0.105677 0.106682 0.107858 0.109226 0.110787 0.112537 0.114460 0.116512 0.118656 0.120881 0.123180 0.125548 0.127980 0.130473 0.133025 0.135633 0.138294 0.141005 0.143766 0.146572 0.149422 0.152315 0.155246 0.158215 0.161220 0.164258 0.167328 0.170427 0.173554 0.176706 0.179883 0.183081 0.186299 0.189535 0.192787 0.196053 0.199330 0.202618 0.205914 0.209217 0.212524 0.215835 0.219148 0.222460 0.225771
0.094344 0.096252 0.098101 0.099867 0.101506 0.102974 0.104397 0.105915 0.107583 0.109416 0.111417 0.113566 0.115812 0.118131 0.120513 0.122953 0.125450 0.128002 0.130607 0.133264 0.135971 0.138728 0.141532 0.144383 0.147278 0.150217 0.153198 0.156220 0.159280 0.162378 0.165513 0.168682 0.171885 0.175119 0.178384 0.181679 0.185001 0.188350 0.191723 0.195121 0.198541 0.201982 0.205442 0.208921 0.212417 0.215929 0.219454 0.222993 0.226544 0.230105
0.089195 0.091465 0.093699 0.095868 0.097937 0.099854 0.101609 0.103370 0.105233 0.107233 0.109383 0.111672 0.114050 0.116490 0.118982 0.121522 0.124109 0.126744 0.129426 0.132154 0.134929 0.137749 0.140614 0.143523 0.146475 0.149469 0.152505 0.155580 0.158694 0.161846 0.165035 0.168259 0.171518 0.174810 0.178134 0.181490 0.184875 0.188289 0.191732 0.195201 0.198695 0.202215 0.205758 0.209323 0.212910 0.216517 0.220144 0.223789 0.227452 0.231130
0.088745 0.090867 0.092975 0.095064 0.097113 0.099089 0.100942 0.102658 0.104396 0.106253 0.108259 0.110420 0.112699 0.115058 0.117484 0.119970 0.122512 0.125110 0.127762 0.130467 0.133223 0.136029 0.138884 0.141787 0.144735 0.147728 0.150764 0.153842 0.156961 0.160119 0.163316 0.166550 0.169819 0.173124 0.176461 0.179832 0.183234 0.186666 0.190127 0.193617 0.197133 0.200676 0.204244 0.207836 0.211452 0.215089 0.218748 0.222427 0.226126 0.229844
0.089537 0.090933 0.092558 0.094342 0.096228 0.098161 0.100087 0.101944 0.103682 0.105350 0.107113 0.109026 0.111097 0.113299 0.115592 0.117961 0.120399 0.122905 0.125476 0.128107 0.130797 0.133542 0.136340 0.139189 0.142088 0.145035 0.148028 0.151065 0.154146 0.157268 0.160431 0.163632 0.166871 0.170147 0.173457 0.176800 0.180176 0.183583 0.187019 0.190484 0.193977 0.197496 0.201040 0.204608 0.208200 0.211814 0.215450 0.219106 0.222781 0.226475
0.078291 0.081536 0.084571 0.087454 0.090221 0.092888 0.095458 0.097919 0.100245 0.102400 0.104362 0.106224 0.108154 0.110201 0.112366 0.114643 0.117023 0.119482 0.122000 0.124569 0.127190 0.129862 0.132585 0.135359 0.138184 0.141057 0.143978 0.146945 0.149957 0.153010 0.156105 0.159239 0.162410 0.165617 0.168858 0.172131 0.175436 0.178771 0.182134 0.185524 0.188941 0.192382 0.195847 0.199334 0.202843 0.206373 0.209923 0.213492 0.217079 0.220683
0.075224 0.077690 0.080255 0.082879 0.085531 0.088187 0.090829 0.093434 0.095980 0.098436 0.100765 0.102928 0.104902 0.106731 0.108596 0.110569 0.112656 0.114852 0.117148 0.119535 0.122003 0.124543 0.127149 0.129814 0.132535 0.135307 0.138127 0.140991 0.143897 0.146842 0.149824 0.152841 0.155892 0.158974 0.162085 0.165225 0.168392 0.171584 0.174801 0.178041 0.181304 0.184588 0.187893 0.191217 0.194560 0.197921 0.201300 0.204696 0.208108 0.211537
0.070507 0.073027 0.075560 0.078115 0.080693 0.083289 0.085896 0.088503 0.091097 0.093660 0.096169 0.098598 0.100910 0.103067 0.105045 0.106832 0.108532 0.110308 0.112201 0.114203 0.116303 0.118495 0.120776 0.123137 0.125572 0.128073 0.130634 0.133250 0.135916 0.138629 0.141383 0.144175 0.147003 0.149862 0.152751 0.155667 0.158608 0.161572 0.164558 0.167563 0.170588 0.173629 0.176687 0.179760 0.182848 0.185949 0.189063 0.192190 0.195329 0.198479
0.061876 0.064745 0.067622 0.070498 0.073367 0.076226 0.079071 0.081898 0.084702 0.087477 0.090215 0.092902 0.095522 0.098055 0.100474 0.102746 0.104843 0.106751 0.108464 0.110054 0.111697 0.113452 0.115316 0.117266 0.119290 0.121384 0.123547 0.125776 0.128068 0.130415 0.132811 0.135252 0.137732 0.140248 0.142799 0.145380 0.147989 0.150623 0.153280 0.155956 0.158651 0.161361 0.164086 0.166824 0.169573 0.172333 0.175102 0.177879 0.180664 0.183455
0.052632 0.056184 0.059605 0.062922 0.066154 0.069314 0.072415 0.075462 0.078463 0.081420 0.084333 0.087202 0.090024 0.092790 0.095493 0.098117 0.100644 0.103052 0.105317 0.107414 0.109335 0.111084 0.112653 0.114087 0.115560 0.117146 0.118843 0.120632 0.122487 0.124389 0.126334 0.128325 0.130363 0.132449 0.134578 0.136747 0.138950 0.141180 0.143435 0.145711 0.148005 0.150316 0.152643 0.154983 0.157336 0.159698 0.162070 0.164447 0.166830 0.169215
0.049799 0.052816 0.055853 0.058891 0.061919 0.064930 0.067921 0.070889 0.073835 0.076757 0.079655 0.082529 0.085376 0.088195 0.090983 0.093734 0.096442 0.099098 0.101690 0.104202 0.106620 0.108925 0.111100 0.113123 0.114992 0.116716 0.118298 0.119733 0.121009 0.122248 0.123580 0.125032 0.126589 0.128229 0.129927 0.131662 0.133414 0.135182 0.136971 0.138786 0.140629 0.142501 0.144397 0.146316 0.148252 0.150200 0.152154 0.154111 0.156068 0.158024
0.043142 0.046848 0.050369 0.053749 0.057018 0.060199 0.063308 0.066358 0.069359 0.072317 0.075238 0.078127 0.080988 0.083822 0.086632 0.089419 0.092181 0.094917 0.097625 0.100301 0.102939 0.105531 0.108068 0.110540 0.112933 0.115238 0.117442 0.119534 0.121498 0.123325 0.125022 0.126604 0.128076 0.129435 0.130669 0.131753 0.132764 0.133851 0.135053 0.136362 0.137756 0.139211 0.140706 0.142222 0.143741 0.145247 0.146736 0.148216 0.149694 0.151176
0.040696 0.043781 0.046909 0.050042 0.053157 0.056243 0.059292 0.062302 0.065273 0.068205 0.071101 0.073964 0.076796 0.079601 0.082380 0.085137 0.087873 0.090590 0.093289 0.095971 0.098636 0.101281 0.103907 0.106509 0.109083 0.111626 0.114130 0.116589 0.118995 0.121339 0.123613 0.125809 0.127921 0.129942 0.131862 0.133669 0.135352 0.136917 0.138379 0.139747 0.141026 0.142209 0.143286 0.144235 0.145028 0.145696 0.146401 0.147200 0.148087 0.149039
0.034486 0.038456 0.042190 0.045737 0.049133 0.052404 0.055568 0.058643 0.061639 0.064568 0.067437 0.070254 0.073025 0.075756 0.078452 0.081117 0.083756 0.086371 0.088966 0.091544 0.094107 0.096656 0.099194 0.101720 0.104235 0.106739 0.109231 0.111709 0.114170 0.116612 0.119031 0.121421 0.123780 0.126100 0.128377 0.130603 0.132770 0.134871 0.136899 0.138847 0.140712 0.142486 0.144161 0.145725 0.147163 0.148458 0.149606 0.150615 0.151492 0.152232
0.033583 0.037173 0.040639 0.043983 0.047215 0.050341 0.053371 0.056313 0.059175 0.061965 0.064690 0.067356 0.069969 0.072535 0.075060 0.077547 0.080001 0.082426 0.084826 0.087203 0.089560 0.091901 0.094228 0.096541 0.098844 0.101137 0.103422 0.105698 0.107966 0.110225 0.112474 0.114712 0.116938 0.119148 0.121339 0.123509 0.125651 0.127762 0.129835 0.131864 0.133841 0.135761 0.137613 0.139388 0.141075 0.142660 0.144130 0.145468 0.146661 0.147694
0.034372 0.037562 0.040663 0.043674 0.046597 0.049435 0.052193 0.054874 0.057484 0.060027 0.062509 0.064934 0.067307 0.069630 0.071909 0.074147 0.076347 0.078513 0.080646 0.082751 0.084829 0.086883 0.088915 0.090925 0.092917 0.094891 0.096848 0.098789 0.100714 0.102623 0.104516 0.106392 0.108249 0.110087 0.111901 0.113690 0.115449 0.117174 0.118860 0.120499 0.122085 0.123609 0.125062 0.126433 0.127710 0.128881 0.129931 0.130844 0.131603 0.132188
0.033486 0.036643 0.039633 0.042486 0.045224 0.047860 0.050406 0.052871 0.055260 0.057579 0.059833 0.062026 0.064161 0.066242 0.068271 0.070251 0.072186 0.074076 0.075924 0.077732 0.079501 0.081233 0.082929 0.084590 0.086216 0.087809 0.089367 0.090891 0.092380 0.093833 0.095248 0.096623 0.097954 0.099238 0.100471 0.101645 0.102755 0.103792 0.104748 0.105612 0.106375 0.107023 0.107543 0.107922 0.108147 0.108205 0.108085 0.107772 0.107248 0.106489
0.031334 0.034118 0.036859 0.039536 0.042136 0.044655 0.047090 0.049440 0.051709 0.053897 0.056007 0.058043 0.060007 0.061901 0.063728 0.065490 0.067189 0.068826 0.070404 0.071923 0.073384 0.074788 0.076134 0.077422 0.078651 0.079820 0.080928 0.081970 0.082945 0.083847 0.084670 0.085408 0.086052 0.086591 0.087013 0.087305 0.087451 0.087436 0.087248 0.086871 0.086293 0.085493 0.084456 0.083184 0.081689 0.079981 0.078057 0.075910 0.073517 0.070846
0.025705 0.029043 0.032163 0.035095 0.037861 0.040477 0.042956 0.045308 0.047543 0.049666 0.051685 0.053603 0.055426 0.057156 0.058798 0.060352 0.061822 0.063208 0.064510 0.065730 0.066866 0.067918 0.068883 0.069759 0.070542 0.071227 0.071808 0.072276 0.072622 0.072831 0.072888 0.072774 0.072466 0.071943 0.071182 0.070156 0.068848 0.067264 0.065414 0.063295 0.060896 0.058190 0.055269 0.052311 0.049368 0.046442 0.043521 0.040599 0.037664 0.034706
0.023363 0.026637 0.029702 0.032570 0.035259 0.037780 0.040146 0.042368 0.044455 0.046414 0.048253 0.049975 0.051586 0.053088 0.054484 0.055774 0.056960 0.058041 0.059016 0.059883 0.060638 0.061277 0.061794 0.062181 0.062428 0.062522 0.062446 0.062178 0.061692 0.060957 0.059936 0.058593 0.056909 0.054883 0.052504 0.049765 0.046837 0.043866 0.040883 0.037877 0.034830 0.031731 0.028573 0.025367 0.022131 0.018929 0.015866 0.012967 0.010218 0.007598
0.025504 0.028159 0.030664 0.033031 0.035268 0.037381 0.039373 0.041247 0.043005 0.044648 0.046178 0.047595 0.048899 0.050089 0.051165 0.052124 0.052964 0.053680 0.054267 0.054719 0.055028 0.055181 0.055167 0.054965 0.054553 0.053901 0.052969 0.051712 0.050079 0.048044 0.045585 0.042756 0.039781 0.036751 0.033675 0.030532 0.027306 0.024008 0.020659 0.017279 0.013956 0.010785 0.007776 0.004911 0.002213 0.000810 0.000297 0.000109 0.000040 0.000015
0.026128 0.028461 0.030699 0.032828 0.034841 0.036734 0.038504 0.040152 0.041676 0.043078 0.044357 0.045512 0.046541 0.047443 0.048214 0.048848 0.049341 0.049685 0.049869 0.049880 0.049703 0.049315 0.048688 0.047785 0.046557 0.044946 0.042899 0.040383 0.037491 0.034449 0.031330 0.028135 0.024854 0.021494 0.018071 0.014601 0.011172 0.007887 0.004761 0.001977 0.000724 0.000265 0.000097 0.000035 0.000013 0.000005 0.000002 0.000001 0.000000 0.000000
0.024626 0.027139 0.029444 0.031563 0.033514 0.035308 0.036952 0.038451 0.039810 0.041028 0.042107 0.043045 0.043840 0.044487 0.044981 0.045313 0.045474 0.045449 0.045221 0.044767 0.044057 0.043049 0.041690 0.039914 0.037665 0.034932 0.031927 0.028801 0.025584 0.022278 0.018889 0.015428 0.011917 0.008471 0.005172 0.002188 0.000801 0.000293 0.000107 0.000039 0.000014 0.000005 0.000002 0.000001 0.000000 0.000000 0.000000 0.000000 0.000000 0.000000
0.023126 0.025447 0.027606 0.029606 0.031447 0.033131 0.034661 0.036038 0.037261 0.038330 0.039242 0.039994 0.040581 0.040995 0.041226 0.041261 0.041084 0.040670 0.039990 0.039001 0.037649 0.035864 0.033585 0.030830 0.027832 0.024710 0.021485 0.018166 0.014760 0.011284 0.007831 0.004509 0.001763 0.000645 0.000236 0.000086 0.000032 0.000012 0.000004 0.000002 0.000001 0.000000 0.000000 0.000000 0.000000 0.000000 0.000000 0.000000 0.000000 0.000000
0.020708 0.023172 0.025407 0.027432 0.029256 0.030890 0.032341 0.033613 0.034707 0.035623 0.036359 0.036910 0.037267 0.037420 0.037352 0.037043 0.036464 0.035576 0.034325 0.032639 0.030450 0.027776 0.024852 0.021791 0.018619 0.015344 0.011977 0.008552 0.005201 0.002178 0.000797 0.000292 0.000107 0.000039 0.000014 0.000005 0.000002 0.000001 0.000000 0.000000 0.000000 0.000000 0.000000 0.000000 0.000000 0.000000 0.000000 0.000000 0.000000 0.000000
0.022676 0.024492 0.026177 0.027726 0.029135 0.030397 0.031508 0.032462 0.033250 0.033865 0.034297 0.034532 0.034556 0.034346 0.033878 0.033113 0.032003 0.030480 0.028464 0.025929 0.023089 0.020091 0.016975 0.013752 0.010433 0.007062 0.003773 0.001401 0.000513 0.000188 0.000069 0.000025 0.000009 0.000003 0.000001 0.000000 0.000000 0.000000 0.000000 0.000000 0.000000 0.000000 0.000000 0.000000 0.000000 0.000000 0.000000 0.000000 0.000000 0.000000
0.022232 0.023992 0.025602 0.027054 0.028341 0.029460 0.030404 0.031168 0.031744 0.032123 0.032290 0.032229 0.031917 0.031323 0.030405 0.029105 0.027344 0.025049 0.022334 0.019414 0.016361 0.013197 0.009933 0.006605 0.003346 0.001227 0.000449 0.000164 0.000060 0.000022 0.000008 0.000003 0.000001 0.000000 0.000000 0.000000 0.000000 0.000000 0.000000 0.000000 0.000000 0.000000 0.000000 0.000000 0.000000 0.000000 0.000000 0.000000 0.000000 0.000000
0.020539 0.022544 0.024274 0.025757 0.027012 0.028048 0.028870 0.029477 0.029863 0.030017 0.029923 0.029557 0.028886 0.027861 0.026417 0.024471 0.022000 0.019225 0.016285 0.013223 0.010053 0.006798 0.003576 0.001320 0.000483 0.000177 0.000065 0.000024 0.000009 0.000003 0.000001 0.000000 0.000000 0.000000 0.000000 0.000000 0.000000 0.000000 0.000000 0.000000 0.000000 0.000000 0.000000 0.000000 0.000000 0.000000 0.000000 0.000000 0.000000 0.000000
0.021332 0.022669 0.023893 0.024978 0.025902 0.026650 0.027206 0.027553 0.027673 0.027543 0.027133 0.026404 0.025300 0.023746 0.021662 0.019132 0.016377 0.013479 0.010463 0.007338 0.004184 0.001612 0.000590 0.000216 0.000079 0.000029 0.000011 0.000004 0.000001 0.000001 0.000000 0.000000 0.000000 0.000000 0.000000 0.000000 0.000000 0.000000 0.000000 0.000000 0.000000 0.000000 0.000000 0.000000 0.000000 0.000000 0.000000 0.000000 0.000000 0.000000
0.018484 0.020178 0.021611 0.022798 0.023745 0.024455 0.024920 0.025130 0.025065 0.024697 0.023988 0.022878 0.021287 0.019159 0.016680 0.014011 0.011204 0.008275 0.005238 0.002300 0.000842 0.000308 0.000113 0.000041 0.000015 0.000006 0.000002 0.000001 0.000000 0.000000 0.000000 0.000000 0.000000 0.000000 0.000000 0.000000 0.000000 0.000000 0.000000 0.000000 0.000000 0.000000 0.000000 0.000000 0.000000 0.000000 0.000000 0.000000 0.000000 0.000000
0.018537 0.019931 0.021118 0.022087 0.022829 0.023331 0.023578 0.023549 0.023213 0.022531 0.021441 0.019858 0.017751 0.015335 0.012738 0.010005 0.007147 0.004174 0.001628 0.000596 0.000218 0.000080 0.000029 0.000011 0.000004 0.000001 0.000001 0.000000 0.000000 0.000000 0.000000 0.000000 0.000000 0.000000 0.000000 0.000000 0.000000 0.000000 0.000000 0.000000 0.000000 0.000000 0.000000 0.000000 0.000000 0.000000 0.000000 0.000000 0.000000 0.000000
0.020345 0.021446 0.022324 0.022981 0.023412 0.023603 0.023535 0.023176 0.022488 0.021411 0.019860 0.017782 0.015376 0.012789 0.010071 0.007235 0.004282 0.001686 0.000617 0.000226 0.000083 0.000030 0.000011 0.000004 0.000001 0.000001 0.000000 0.000000 0.000000 0.000000 0.000000 0.000000 0.000000 0.000000 0.000000 0.000000 0.000000 0.000000 0.000000 0.000000 0.000000 0.000000 0.000000 0.000000 0.000000 0.000000 0.000000 0.000000 0.000000 0.000000
0.021965 0.022612 0.023134 0.023494 0.023660 0.023601 0.023280 0.022654 0.021664 0.020229 0.018267 0.015929 0.013392 0.010722 0.007935 0.005032 0.002177 0.000797 0.000292 0.000107 0.000039 0.000014 0.000005 0.000002 0.000001 0.000000 0.000000 0.000000 0.000000 0.000000 0.000000 0.000000 0.000000 0.000000 0.000000 0.000000 0.000000 0.000000 0.000000 0.000000 0.000000 0.000000 0.000000 0.000000 0.000000 0.000000 0.000000 0.000000 0.000000 0.000000
0.019451 0.020610 0.021474 0.022049 0.022332 0.022308 0.021952 0.021219 0.020043 0.018337 0.016195 0.013819 0.011291 0.008636 0.005858 0.002963 0.001085 0.000397 0.000145 0.000053 0.000019 0.000007 0.000003 0.000001 0.000000 0.000000 0.000000 0.000000 0.000000 0.000000 0.000000 0.000000 0.000000 0.000000 0.000000 0.000000 0.000000 0.000000 0.000000 0.000000 0.000000 0.000000 0.000000 0.000000 0.000000 0.000000 0.000000 0.000000 0.000000 0.000000
0.019581 0.020556 0.021257 0.021676 0.021799 0.021603 0.021049 0.020079 0.018607 0.016655 0.014434 0.012046 0.009525 0.006880 0.004107 0.001623 0.000594 0.000217 0.000080 0.000029 0.000011 0.000004 0.000001 0.000001 0.000000 0.000000 0.000000 0.000000 0.000000 0.000000 0.000000 0.000000 0.000000 0.000000 0.000000 0.000000 0.000000 0.000000 0.000000 0.000000 0.000000 0.000000 0.000000 0.000000 0.000000 0.000000 0.000000 0.000000 0.000000 0.000000
0.022827 0.022999 0.023051 0.022938 0.022610 0.022015 0.021088 0.019741 0.017900 0.015738 0.013402 0.010942 0.008371 0.005686 0.002882 0.001055 0.000386 0.000141 0.000052 0.000019 0.000007 0.000003 0.000001 0.000000 0.000000 0.000000 0.000000 0.000000 0.000000 0.000000 0.000000 0.000000 0.000000 0.000000 0.000000 0.000000 0.000000 0.000000 0.000000 0.000000 0.000000 0.000000 0.000000 0.000000 0.000000 0.000000 0.000000 0.000000 0.000000 0.000000
0.020974 0.021600 0.021967 0.022055 0.021835 0.021266 0.020285 0.018801 0.016870 0.014701 0.012383 0.009946 0.007393 0.004721 0.002053 0.000751 0.000275 0.000101 0.000037 0.000013 0.000005 0.000002 0.000001 0.000000 0.000000 0.000000 0.000000 0.000000 0.000000 0.000000 0.000000 0.000000 0.000000 0.000000 0.000000 0.000000 0.000000 0.000000 0.000000 0.000000 0.000000 0.000000 0.000000 0.000000 0.000000 0.000000 0.000000 0.000000 0.000000 0.000000
0.019958 0.020782 0.021265 0.021404 0.021178 0.020545 0.019434 0.017807 0.015860 0.013730 0.011464 0.009075 0.006562 0.003920 0.001547 0.000566 0.000207 0.000076 0.000028 0.000010 0.000004 0.000001 0.000000 0.000000 0.000000 0.000000 0.000000 0.000000 0.000000 0.000000 0.000000 0.000000 0.000000 0.000000 0.000000 0.000000 0.000000 0.000000 0.000000 0.000000 0.000000 0.000000 0.000000 0.000000 0.000000 0.000000 0.000000 0.000000 0.000000 0.000000
0.022129 0.022238 0.022177 0.021885 0.021298 0.020336 0.018905 0.017103 0.015101 0.012965 0.010710 0.008338 0.005843 0.003217 0.001198 0.000438 0.000160 0.000059 0.000021 0.000008 0.000003 0.000001 0.000000 0.000000 0.000000 0.000000 0.000000 0.000000 0.000000 0.000000 0.000000 0.000000 0.000000 0.000000 0.000000 0.000000 0.000000 0.000000 0.000000 0.000000 0.000000 0.000000 0.000000 0.000000 0.000000 0.000000 0.000000 0.000000 0.000000 0.000000
0.019964 0.020523 0.020757 0.020642 0.020136 0.019170 0.017714 0.015961 0.014031 0.011965 0.009772 0.007452 0.004999 0.002417 0.000885 0.000324 0.000119 0.000043 0.000016 0.000006 0.000002 0.000001 0.000000 0.000000 0.000000 0.000000 0.000000 0.000000 0.000000 0.000000 0.000000 0.000000 0.000000 0.000000 0.000000 0.000000 0.000000 0.000000 0.000000 0.000000 0.000000 0.000000 0.000000 0.000000 0.000000 0.000000 0.000000 0.000000 0.000000 0.000000
0.019634 0.020145 0.020328 0.020150 0.019558 0.018474 0.016947 0.015174 0.013244 0.011184 0.008998 0.006684 0.004236 0.001808 0.000662 0.000242 0.000089 0.000032 0.000012 0.000004 0.000002 0.000001 0.000000 0.000000 0.000000 0.000000 0.000000 0.000000 0.000000 0.000000 0.000000 0.000000 0.000000 0.000000 0.000000 0.000000 0.000000 0.000000 0.000000 0.000000 0.000000 0.000000 0.000000 0.000000 0.000000 0.000000 0.000000 0.000000 0.000000 0.000000
0.022378 0.022163 0.021763 0.021105 0.020104 0.018663 0.016893 0.014955 0.012905 0.010753 0.008497 0.006126 0.003631 0.001421 0.000520 0.000190 0.000070 0.000026 0.000009 0.000003 0.000001 0.000000 0.000000 0.000000 0.000000 0.000000 0.000000 0.000000 0.000000 0.000000 0.000000 0.000000 0.000000 0.000000 0.000000 0.000000 0.000000 0.000000 0.000000 0.000000 0.000000 0.000000 0.000000 0.000000 0.000000 0.000000 0.000000 0.000000 0.000000 0.000000
0.019407 0.019824 0.019862 0.019496 0.018669 0.017345 0.015707 0.013884 0.011923 0.009837 0.007627 0.005288 0.002813 0.001036 0.000379 0.000139 0.000051 0.000019 0.000007 0.000002 0.000001 0.000000 0.000000 0.000000 0.000000 0.000000 0.000000 0.000000 0.000000 0.000000 0.000000 0.000000 0.000000 0.000000 0.000000 0.000000 0.000000 0.000000 0.000000 0.000000 0.000000 0.000000 0.000000 0.000000 0.000000 0.000000 0.000000 0.000000 0.000000 0.000000
0.019371 0.019469 0.019309 0.018815 0.017896 0.016512 0.014852 0.013030 0.011080 0.009011 0.006818 0.004495 0.002076 0.000760 0.000278 0.000102 0.000037 0.000014 0.000005 0.000002 0.000001 0.000000 0.000000 0.000000 0.000000 0.000000 0.000000 0.000000 0.000000 0.000000 0.000000 0.000000 0.000000 0.000000 0.000000 0.000000 0.000000 0.000000 0.000000 0.000000 0.000000 0.000000 0.000000 0.000000 0.000000 0.000000 0.000000 0.000000 0.000000 0.000000
0.017708 0.018256 0.018377 0.018052 0.017221 0.015895 0.014281 0.012490 0.010561 0.008503 0.006315 0.003993 0.001694 0.000620 0.000227 0.000083 0.000030 0.000011 0.000004 0.000001 0.000001 0.000000 0.000000 0.000000 0.000000 0.000000 0.000000 0.000000 0.000000 0.000000 0.000000 0.000000 0.000000 0.000000 0.000000 0.000000 0.000000 0.000000 0.000000 0.000000 0.000000 0.000000 0.000000 0.000000 0.000000 0.000000 0.000000 0.000000 0.000000 0.000000
0.019750 0.019698 0.019384 0.018737 0.017663 0.016163 0.014427 0.012547 0.010550 0.008441 0.006212 0.003857 0.001594 0.000583 0.000214 0.000078 0.000029 0.000010 0.000004 0.000001 0.000001 0.000000 0.000000 0.000000 0.000000 0.000000 0.000000 0.000000 0.000000 0.000000 0.000000 0.000000 0.000000 0.000000 0.000000 0.000000 0.000000 0.000000 0.000000 0.000000 0.000000 0.000000 0.000000 0.000000 0.000000 0.000000 0.000000 0.000000 0.000000 0.000000
