0.027492 0.028265 0.028910 0.029406 0.029611 0.029471 0.029078 0.028564 0.028020 0.027493 0.026997 0.026529 0.026092 0.025690 0.025331 0.025026 0.024789 0.024641 0.024617 0.024760 0.025012 0.025312 0.025631 0.025958 0.026288 0.026621 0.026954 0.027289 0.027624 0.027960 0.028297 0.028635 0.028972 0.029311 0.029649 0.029988 0.030328 0.030667 0.031007 0.031347 0.031687 0.032027 0.032367 0.032707 0.033047 0.033387 0.033727 0.034067 0.034407 0.034747
0.030461 0.030157 0.030060 0.030067 0.029990 0.029674 0.029150 0.028530 0.027905 0.027311 0.026754 0.026236 0.025759 0.025325 0.024940 0.024610 0.024347 0.024169 0.024105 0.024202 0.024443 0.024750 0.025083 0.025426 0.025773 0.026121 0.026470 0.026819 0.027168 0.027517 0.027866 0.028214 0.028563 0.028911 0.029259 0.029607 0.029955 0.030303 0.030650 0.030998 0.031345 0.031692 0.032038 0.032385 0.032731 0.033077 0.033422 0.033767 0.034112 0.034457
0.023539 0.024926 0.026047 0.026942 0.027542 0.027739 0.027585 0.027224 0.026780 0.026312 0.025844 0.025388 0.024953 0.024545 0.024174 0.023848 0.023577 0.023378 0.023274 0.023305 0.023508 0.023815 0.024165 0.024529 0.024899 0.025269 0.025639 0.026008 0.026376 0.026743 0.027109 0.027474 0.027839 0.028202 0.028564 0.028926 0.029287 0.029647 0.030006 0.030365 0.030723 0.031080 0.031437 0.031793 0.032149 0.032504 0.032858 0.033211 0.033565 0.033917
0.026511 0.026769 0.027102 0.027450 0.027685 0.027633 0.027296 0.026792 0.026235 0.025688 0.025173 0.024687 0.024231 0.023809 0.023423 0.023080 0.022789 0.022562 0.022417 0.022383 0.022510 0.022787 0.023134 0.023508 0.023891 0.024276 0.024661 0.025045 0.025428 0.025810 0.026190 0.026568 0.026946 0.027322 0.027697 0.028071 0.028443 0.028815 0.029186 0.029555 0.029924 0.030292 0.030659 0.031025 0.031390 0.031754 0.032117 0.032479 0.032841 0.033202
0.026198 0.026544 0.026886 0.027194 0.027341 0.027195 0.026789 0.026243 0.025655 0.025080 0.024545 0.024052 0.023592 0.023163 0.022768 0.022411 0.022100 0.021846 0.021662 0.021572 0.021614 0.021828 0.022151 0.022518 0.022903 0.023292 0.023683 0.024074 0.024463 0.024852 0.025239 0.025626 0.026011 0.026395 0.026777 0.027159 0.027540 0.027919 0.028297 0.028675 0.029051 0.029426 0.029800 0.030174 0.030546 0.030917 0.031287 0.031657 0.032025 0.032393
0.024259 0.024940 0.025554 0.026084 0.026432 0.026452 0.026164 0.025693 0.025150 0.024602 0.024081 0.023590 0.023125 0.022686 0.022275 0.021899 0.021564 0.021277 0.021053 0.020909 0.020873 0.020992 0.021267 0.021615 0.021992 0.022380 0.022772 0.023164 0.023555 0.023946 0.024336 0.024726 0.025114 0.025501 0.025887 0.026272 0.026657 0.027040 0.027422 0.027803 0.028184 0.028563 0.028941 0.029318 0.029694 0.030070 0.030444 0.030817 0.031189 0.031561
0.024349 0.024915 0.025445 0.025924 0.026284 0.026353 0.026096 0.025621 0.025057 0.024487 0.023936 0.023408 0.022905 0.022429 0.021984 0.021573 0.021202 0.020876 0.020607 0.020407 0.020299 0.020317 0.020507 0.020819 0.021182 0.021565 0.021954 0.022346 0.022738 0.023129 0.023519 0.023909 0.024298 0.024686 0.025072 0.025458 0.025843 0.026227 0.026610 0.026992 0.027373 0.027753 0.028132 0.028510 0.028887 0.029263 0.029638 0.030012 0.030385 0.030757
0.024992 0.025286 0.025618 0.025953 0.026207 0.026206 0.025917 0.025441 0.024892 0.024333 0.023783 0.023249 0.022735 0.022245 0.021782 0.021349 0.020952 0.020597 0.020291 0.020046 0.019879 0.019816 0.019902 0.020153 0.020492 0.020865 0.021250 0.021640 0.022031 0.022420 0.022810 0.023198 0.023585 0.023971 0.024356 0.024740 0.025123 0.025504 0.025885 0.026265 0.026643 0.027021 0.027398 0.027773 0.028148 0.028521 0.028894 0.029266 0.029636 0.030006
0.023227 0.023939 0.024578 0.025147 0.025610 0.025812 0.025677 0.025289 0.024785 0.024245 0.023702 0.023169 0.022652 0.022155 0.021682 0.021235 0.020821 0.020443 0.020109 0.019828 0.019615 0.019489 0.019484 0.019649 0.019946 0.020301 0.020677 0.021061 0.021446 0.021831 0.022215 0.022598 0.022980 0.023361 0.023741 0.024119 0.024496 0.024872 0.025247 0.025621 0.025995 0.026366 0.026738 0.027108 0.027477 0.027845 0.028212 0.028578 0.028944 0.029308
0.023832 0.024322 0.024818 0.025297 0.025714 0.025918 0.025800 0.025425 0.024922 0.024380 0.023830 0.023287 0.022758 0.022246 0.021755 0.021288 0.020849 0.020443 0.020078 0.019760 0.019502 0.019321 0.019242 0.019311 0.019546 0.019868 0.020225 0.020595 0.020968 0.021342 0.021716 0.022088 0.022460 0.022830 0.023200 0.023568 0.023936 0.024303 0.024669 0.025033 0.025397 0.025761 0.026123 0.026484 0.026845 0.027205 0.027564 0.027922 0.028280 0.028637
0.024150 0.024724 0.025259 0.025749 0.026167 0.026387 0.026281 0.025897 0.025364 0.024785 0.024197 0.023616 0.023048 0.022497 0.021967 0.021461 0.020983 0.020538 0.020131 0.019769 0.019463 0.019227 0.019082 0.019063 0.019218 0.019494 0.019822 0.020171 0.020526 0.020884 0.021242 0.021600 0.021958 0.022315 0.022671 0.023027 0.023383 0.023738 0.024092 0.024445 0.024799 0.025151 0.025503 0.025855 0.026206 0.026556 0.026906 0.027255 0.027603 0.027951
0.025538 0.025907 0.026271 0.026618 0.026921 0.027067 0.026905 0.026457 0.025851 0.025197 0.024538 0.023891 0.023264 0.022660 0.022081 0.021530 0.021009 0.020523 0.020076 0.019674 0.019325 0.019041 0.018840 0.018751 0.018821 0.019045 0.019342 0.019669 0.020007 0.020350 0.020694 0.021038 0.021383 0.021728 0.022072 0.022417 0.022761 0.023105 0.023449 0.023792 0.024136 0.024478 0.024821 0.025163 0.025505 0.025846 0.026187 0.026527 0.026867 0.027207
0.025721 0.025999 0.026284 0.026565 0.026813 0.026906 0.026698 0.026220 0.025598 0.024931 0.024261 0.023605 0.022969 0.022356 0.021769 0.021209 0.020678 0.020179 0.019718 0.019298 0.018927 0.018616 0.018380 0.018241 0.018239 0.018408 0.018678 0.018991 0.019319 0.019654 0.019990 0.020328 0.020666 0.021004 0.021342 0.021679 0.022017 0.022354 0.022691 0.023028 0.023364 0.023700 0.024036 0.024371 0.024706 0.025040 0.025374 0.025708 0.026041 0.026374
0.023832 0.024239 0.024658 0.025068 0.025429 0.025600 0.025463 0.025067 0.024535 0.023956 0.023363 0.022773 0.022192 0.021624 0.021073 0.020542 0.020033 0.019550 0.019098 0.018681 0.018307 0.017985 0.017726 0.017552 0.017491 0.017592 0.017832 0.018133 0.018458 0.018792 0.019128 0.019465 0.019802 0.020139 0.020475 0.020810 0.021145 0.021479 0.021813 0.022146 0.022478 0.022810 0.023142 0.023473 0.023803 0.024133 0.024462 0.024791 0.025119 0.025446
0.021112 0.022036 0.022841 0.023543 0.024133 0.024511 0.024538 0.024250 0.023782 0.023245 0.022685 0.022120 0.021560 0.021010 0.020472 0.019949 0.019445 0.018963 0.018507 0.018082 0.017694 0.017351 0.017063 0.016847 0.016725 0.016737 0.016916 0.017193 0.017510 0.017841 0.018177 0.018514 0.018850 0.019185 0.019520 0.019854 0.020187 0.020519 0.020850 0.021180 0.021509 0.021838 0.022166 0.022493 0.022819 0.023145 0.023470 0.023794 0.024118 0.024441
0.023811 0.024045 0.024326 0.024627 0.024910 0.025056 0.024910 0.024491 0.023918 0.023296 0.022669 0.022049 0.021440 0.020844 0.020265 0.019703 0.019162 0.018644 0.018151 0.017689 0.017262 0.016876 0.016541 0.016268 0.016075 0.015990 0.016060 0.016280 0.016571 0.016889 0.017217 0.017548 0.017880 0.018211 0.018541 0.018870 0.019198 0.019526 0.019852 0.020178 0.020502 0.020826 0.021149 0.021471 0.021793 0.022113 0.022433 0.022752 0.023070 0.023388
0.024142 0.024455 0.024762 0.025056 0.025318 0.025466 0.025332 0.024901 0.024284 0.023601 0.022908 0.022222 0.021551 0.020897 0.020263 0.019649 0.019059 0.018493 0.017954 0.017445 0.016970 0.016535 0.016146 0.015813 0.015548 0.015374 0.015323 0.015441 0.015682 0.015976 0.016289 0.016610 0.016932 0.017255 0.017577 0.017898 0.018219 0.018539 0.018859 0.019177 0.019495 0.019812 0.020128 0.020443 0.020758 0.021071 0.021384 0.021697 0.022008 0.022319
0.023404 0.023873 0.024300 0.024689 0.025030 0.025271 0.025243 0.024887 0.024301 0.023618 0.022909 0.022200 0.021505 0.020826 0.020166 0.019527 0.018909 0.018315 0.017746 0.017206 0.016697 0.016224 0.015793 0.015411 0.015089 0.014843 0.014696 0.014690 0.014852 0.015106 0.015399 0.015706 0.016018 0.016331 0.016644 0.016956 0.017268 0.017579 0.017890 0.018199 0.018509 0.018817 0.019125 0.019431 0.019738 0.020043 0.020348 0.020652 0.020955 0.021258
0.023514 0.023770 0.024071 0.024387 0.024688 0.024899 0.024846 0.024488 0.023926 0.023278 0.022604 0.021925 0.021251 0.020587 0.019935 0.019298 0.018678 0.018077 0.017497 0.016942 0.016413 0.015916 0.015456 0.015038 0.014672 0.014371 0.014151 0.014043 0.014092 0.014288 0.014551 0.014841 0.015140 0.015442 0.015745 0.016048 0.016350 0.016652 0.016953 0.017253 0.017553 0.017852 0.018150 0.018447 0.018744 0.019040 0.019335 0.019630 0.019924 0.020218
0.021914 0.022668 0.023303 0.023843 0.024292 0.024608 0.024635 0.024331 0.023797 0.023161 0.022490 0.021810 0.021132 0.020462 0.019802 0.019154 0.018522 0.017907 0.017310 0.016736 0.016186 0.015665 0.015176 0.014725 0.014320 0.013970 0.013689 0.013498 0.013433 0.013535 0.013752 0.014018 0.014301 0.014592 0.014884 0.015176 0.015468 0.015759 0.016050 0.016340 0.016629 0.016917 0.017205 0.017492 0.017779 0.018065 0.018350 0.018634 0.018918 0.019201
0.024740 0.024743 0.024824 0.024954 0.025104 0.025223 0.025149 0.024778 0.024174 0.023464 0.022728 0.021991 0.021265 0.020553 0.019857 0.019177 0.018514 0.017871 0.017247 0.016644 0.016066 0.015514 0.014993 0.014506 0.014060 0.013662 0.013324 0.013061 0.012897 0.012875 0.013015 0.013242 0.013504 0.013780 0.014059 0.014340 0.014620 0.014900 0.015179 0.015458 0.015736 0.016013 0.016290 0.016566 0.016841 0.017116 0.017390 0.017663 0.017936 0.018208
0.023499 0.023772 0.024065 0.024364 0.024653 0.024899 0.024985 0.024759 0.024249 0.023584 0.022865 0.022132 0.021402 0.020681 0.019971 0.019276 0.018594 0.017929 0.017282 0.016654 0.016047 0.015464 0.014909 0.014385 0.013897 0.013452 0.013058 0.012728 0.012480 0.012342 0.012360 0.012522 0.012751 0.013006 0.013270 0.013537 0.013804 0.014072 0.014338 0.014605 0.014870 0.015135 0.015400 0.015664 0.015927 0.016190 0.016452 0.016714 0.016975 0.017235
0.021385 0.022284 0.023034 0.023667 0.024199 0.024628 0.024876 0.024793 0.024392 0.023796 0.023115 0.022400 0.021672 0.020943 0.020219 0.019503 0.018797 0.018104 0.017427 0.016766 0.016125 0.015505 0.014911 0.014345 0.013813 0.013318 0.012869 0.012476 0.012152 0.011917 0.011806 0.011862 0.012036 0.012261 0.012505 0.012756 0.013009 0.013263 0.013517 0.013771 0.014024 0.014276 0.014528 0.014780 0.015031 0.015282 0.015533 0.015783 0.016032 0.016282
0.025723 0.025674 0.025702 0.025781 0.025889 0.025998 0.026041 0.025843 0.025349 0.024651 0.023864 0.023048 0.022231 0.021424 0.020629 0.019851 0.019088 0.018342 0.017615 0.016907 0.016220 0.015556 0.014918 0.014307 0.013728 0.013185 0.012685 0.012234 0.011844 0.011530 0.011317 0.011245 0.011338 0.011522 0.011742 0.011977 0.012217 0.012458 0.012700 0.012942 0.013184 0.013426 0.013667 0.013908 0.014148 0.014389 0.014629 0.014868 0.015108 0.015346
0.025820 0.025819 0.025857 0.025926 0.026014 0.026104 0.026156 0.026026 0.025594 0.024917 0.024118 0.023276 0.022425 0.021582 0.020752 0.019938 0.019142 0.018363 0.017603 0.016864 0.016145 0.015450 0.014779 0.014136 0.013523 0.012944 0.012405 0.011911 0.011473 0.011101 0.010816 0.010647 0.010641 0.010774 0.010970 0.011190 0.011419 0.011652 0.011885 0.012119 0.012353 0.012586 0.012819 0.013051 0.013284 0.013515 0.013747 0.013978 0.014208 0.014439
0.022730 0.023269 0.023741 0.024158 0.024527 0.024847 0.025100 0.025189 0.024955 0.024413 0.023692 0.022893 0.022070 0.021244 0.020427 0.019620 0.018828 0.018050 0.017289 0.016545 0.015820 0.015115 0.014434 0.013778 0.013150 0.012554 0.011994 0.011477 0.011010 0.010604 0.010276 0.010049 0.009964 0.010045 0.010217 0.010426 0.010648 0.010874 0.011103 0.011331 0.011558 0.011786 0.012012 0.012239 0.012464 0.012689 0.012914 0.013137 0.013361 0.013583
0.022300 0.022736 0.023148 0.023533 0.023888 0.024205 0.024460 0.024547 0.024313 0.023782 0.023080 0.022309 0.021514 0.020714 0.019917 0.019127 0.018348 0.017580 0.016826 0.016087 0.015364 0.014661 0.013978 0.013319 0.012687 0.012085 0.011517 0.010989 0.010510 0.010088 0.009738 0.009483 0.009357 0.009402 0.009556 0.009754 0.009970 0.010191 0.010414 0.010636 0.010858 0.011079 0.011300 0.011519 0.011738 0.011956 0.012173 0.012390 0.012605 0.012820
0.023580 0.023741 0.023923 0.024114 0.024305 0.024481 0.024613 0.024580 0.024236 0.023613 0.022836 0.022010 0.021181 0.020358 0.019544 0.018742 0.017952 0.017176 0.016415 0.015669 0.014942 0.014234 0.013547 0.012884 0.012248 0.011642 0.011070 0.010538 0.010054 0.009627 0.009272 0.009010 0.008877 0.008912 0.009056 0.009247 0.009454 0.009666 0.009880 0.010094 0.010308 0.010520 0.010732 0.010942 0.011152 0.011361 0.011568 0.011775 0.011981 0.012186
0.023827 0.024024 0.024205 0.024374 0.024528 0.024660 0.024741 0.024650 0.024243 0.023558 0.022721 0.021836 0.020958 0.020103 0.019267 0.018447 0.017643 0.016856 0.016085 0.015332 0.014598 0.013884 0.013193 0.012527 0.011888 0.011280 0.010707 0.010176 0.009694 0.009271 0.008923 0.008672 0.008557 0.008608 0.008752 0.008935 0.009131 0.009332 0.009534 0.009735 0.009936 0.010136 0.010335 0.010533 0.010729 0.010925 0.011119 0.011312 0.011503 0.011692
0.023554 0.023703 0.023879 0.024065 0.024247 0.024407 0.024513 0.024434 0.024030 0.023344 0.022502 0.021604 0.020704 0.019828 0.018986 0.018168 0.017368 0.016584 0.015815 0.015064 0.014331 0.013617 0.012927 0.012261 0.011623 0.011016 0.010447 0.009921 0.009447 0.009036 0.008706 0.008484 0.008414 0.008491 0.008637 0.008811 0.008994 0.009179 0.009365 0.009550 0.009734 0.009917 0.010098 0.010277 0.010454 0.010629 0.010800 0.010969 0.011133 0.011292
0.022277 0.022827 0.023289 0.023679 0.024006 0.024268 0.024440 0.024395 0.024006 0.023327 0.022484 0.021578 0.020662 0.019759 0.018885 0.018047 0.017239 0.016451 0.015679 0.014924 0.014187 0.013470 0.012775 0.012106 0.011467 0.010861 0.010294 0.009775 0.009311 0.008919 0.008619 0.008446 0.008438 0.008538 0.008681 0.008840 0.009004 0.009168 0.009332 0.009493 0.009651 0.009807 0.009958 0.010104 0.010244 0.010376 0.010498 0.010609 0.010707 0.010786
0.024929 0.024984 0.025067 0.025162 0.025255 0.025329 0.025345 0.025166 0.024661 0.023884 0.022958 0.021979 0.020995 0.020027 0.019089 0.018187 0.017327 0.016501 0.015699 0.014919 0.014160 0.013424 0.012714 0.012033 0.011385 0.010775 0.010209 0.009696 0.009249 0.008885 0.008635 0.008540 0.008583 0.008688 0.008815 0.008948 0.009081 0.009210 0.009333 0.009449 0.009555 0.009650 0.009731 0.009793 0.009829 0.009835 0.009808 0.009743 0.009640 0.009500
0.025892 0.025930 0.025964 0.025993 0.026011 0.026007 0.025949 0.025702 0.025135 0.024298 0.023314 0.022280 0.021242 0.020222 0.019231 0.018274 0.017359 0.016488 0.015653 0.014845 0.014064 0.013310 0.012585 0.011894 0.011240 0.010629 0.010070 0.009575 0.009159 0.008849 0.008685 0.008671 0.008727 0.008806 0.008887 0.008962 0.009024 0.009066 0.009083 0.009070 0.009024 0.008941 0.008822 0.008666 0.008474 0.008248 0.007990 0.007702 0.007387 0.007048
0.025335 0.025407 0.025478 0.025543 0.025595 0.025622 0.025594 0.025389 0.024862 0.024052 0.023082 0.022050 0.021008 0.019978 0.018971 0.017994 0.017049 0.016143 0.015279 0.014458 0.013672 0.012916 0.012190 0.011499 0.010850 0.010251 0.009713 0.009253 0.008898 0.008683 0.008609 0.008589 0.008572 0.008537 0.008473 0.008375 0.008243 0.008076 0.007876 0.007644 0.007381 0.007090 0.006772 0.006430 0.006067 0.005684 0.005285 0.004873 0.004450 0.004022
0.023650 0.023871 0.024073 0.024252 0.024405 0.024524 0.024583 0.024484 0.024060 0.023327 0.022406 0.021405 0.020383 0.019364 0.018361 0.017378 0.016419 0.015488 0.014588 0.013723 0.012895 0.012106 0.011358 0.010656 0.010004 0.009412 0.008896 0.008482 0.008201 0.008018 0.007858 0.007687 0.007493 0.007272 0.007023 0.006747 0.006444 0.006117 0.005767 0.005396 0.005007 0.004600 0.004180 0.003749 0.003312 0.002873 0.002438 0.002013 0.001612 0.001238
0.022492 0.022754 0.023000 0.023224 0.023422 0.023584 0.023687 0.023641 0.023275 0.022588 0.021697 0.020712 0.019695 0.018674 0.017661 0.016662 0.015679 0.014715 0.013775 0.012859 0.011974 0.011124 0.010315 0.009559 0.008869 0.008269 0.007790 0.007448 0.007165 0.006889 0.006600 0.006292 0.005963 0.005612 0.005240 0.004850 0.004443 0.004020 0.003583 0.003136 0.002681 0.002224 0.001774 0.001347 0.000953 0.000598 0.000285 0.000104 0.000038 0.000014
0.022059 0.022358 0.022623 0.022853 0.023047 0.023199 0.023290 0.023240 0.022870 0.022165 0.021242 0.020217 0.019158 0.018095 0.017039 0.015997 0.014971 0.013963 0.012978 0.012018 0.011091 0.010207 0.009377 0.008624 0.007978 0.007472 0.007070 0.006697 0.006323 0.005936 0.005533 0.005113 0.004677 0.004227 0.003764 0.003289 0.002805 0.002315 0.001822 0.001337 0.000881 0.000473 0.000179 0.000066 0.000024 0.000009 0.000003 0.000001 0.000000 0.000000
0.022991 0.023084 0.023172 0.023251 0.023315 0.023353 0.023336 0.023154 0.022643 0.021824 0.020822 0.019741 0.018636 0.017531 0.016437 0.015358 0.014297 0.013259 0.012249 0.011277 0.010353 0.009498 0.008737 0.008104 0.007602 0.007153 0.006710 0.006259 0.005793 0.005313 0.004818 0.004310 0.003792 0.003263 0.002728 0.002188 0.001648 0.001115 0.000613 0.000235 0.000086 0.000031 0.000012 0.000004 0.000002 0.000001 0.000000 0.000000 0.000000 0.000000
0.023286 0.023261 0.023269 0.023291 0.023308 0.023297 0.023210 0.022885 0.022226 0.021310 0.020258 0.019152 0.018031 0.016914 0.015808 0.014720 0.013658 0.012629 0.011645 0.010726 0.009895 0.009184 0.008610 0.008102 0.007605 0.007102 0.006585 0.006054 0.005510 0.004953 0.004385 0.003807 0.003223 0.002633 0.002042 0.001454 0.000878 0.000369 0.000135 0.000049 0.000018 0.000007 0.000002 0.000001 0.000000 0.000000 0.000000 0.000000 0.000000 0.000000
0.021702 0.022144 0.022469 0.022700 0.022850 0.022913 0.022838 0.022453 0.021724 0.020757 0.019674 0.018550 0.017419 0.016298 0.015199 0.014132 0.013110 0.012151 0.011281 0.010528 0.009912 0.009361 0.008820 0.008273 0.007713 0.007140 0.006554 0.005956 0.005348 0.004730 0.004104 0.003472 0.002836 0.002200 0.001567 0.000945 0.000394 0.000144 0.000053 0.000019 0.000007 0.000003 0.000001 0.000000 0.000000 0.000000 0.000000 0.000000 0.000000 0.000000
0.023576 0.023357 0.023206 0.023094 0.022993 0.022866 0.022613 0.022054 0.021189 0.020135 0.019004 0.017858 0.016727 0.015629 0.014577 0.013591 0.012697 0.011924 0.011286 0.010708 0.010139 0.009563 0.008974 0.008373 0.007759 0.007133 0.006497 0.005850 0.005195 0.004533 0.003865 0.003194 0.002521 0.001851 0.001190 0.000557 0.000204 0.000075 0.000027 0.000010 0.000004 0.000001 0.000000 0.000000 0.000000 0.000000 0.000000 0.000000 0.000000 0.000000
0.020985 0.021208 0.021394 0.021539 0.021632 0.021638 0.021419 0.020849 0.019991 0.018980 0.017915 0.016852 0.015820 0.014845 0.013956 0.013184 0.012546 0.011968 0.011397 0.010817 0.010224 0.009616 0.008993 0.008357 0.007708 0.007048 0.006378 0.005699 0.005013 0.004321 0.003624 0.002925 0.002226 0.001534 0.000857 0.000327 0.000120 0.000044 0.000016 0.000006 0.000002 0.000001 0.000000 0.000000 0.000000 0.000000 0.000000 0.000000 0.000000 0.000000
0.019166 0.019705 0.020135 0.020465 0.020688 0.020737 0.020445 0.019809 0.018952 0.017999 0.017027 0.016084 0.015207 0.014436 0.013796 0.013224 0.012661 0.012088 0.011499 0.010893 0.010270 0.009632 0.008979 0.008314 0.007636 0.006948 0.006251 0.005546 0.004835 0.004118 0.003397 0.002676 0.001958 0.001249 0.000571 0.000209 0.000077 0.000028 0.000010 0.000004 0.000001 0.000001 0.000000 0.000000 0.000000 0.000000 0.000000 0.000000 0.000000 0.000000
0.021789 0.021754 0.021744 0.021726 0.021652 0.021375 0.020766 0.019894 0.018900 0.017892 0.016938 0.016085 0.015372 0.014755 0.014163 0.013569 0.012963 0.012342 0.011705 0.011055 0.010390 0.009712 0.009023 0.008323 0.007613 0.006895 0.006169 0.005436 0.004698 0.003957 0.003213 0.002470 0.001732 0.001009 0.000398 0.000146 0.000053 0.000020 0.000007 0.000003 0.000001 0.000000 0.000000 0.000000 0.000000 0.000000 0.000000 0.000000 0.000000 0.000000
0.022198 0.022287 0.022321 0.022273 0.022014 0.021432 0.020606 0.019668 0.018721 0.017835 0.017066 0.016411 0.015795 0.015182 0.014560 0.013923 0.013273 0.012608 0.011930 0.011239 0.010536 0.009823 0.009099 0.008367 0.007627 0.006879 0.006125 0.005366 0.004603 0.003838 0.003072 0.002308 0.001552 0.000814 0.000301 0.000110 0.000040 0.000015 0.000005 0.000002 0.000001 0.000000 0.000000 0.000000 0.000000 0.000000 0.000000 0.000000 0.000000 0.000000
0.022318 0.022383 0.022415 0.022329 0.021945 0.021260 0.020403 0.019505 0.018663 0.017943 0.017311 0.016702 0.016089 0.015462 0.014819 0.014160 0.013485 0.012795 0.012091 0.011374 0.010647 0.009909 0.009161 0.008405 0.007641 0.006871 0.006095 0.005315 0.004531 0.003745 0.002960 0.002178 0.001406 0.000661 0.000242 0.000088 0.000032 0.000012 0.000004 0.000002 0.000001 0.000000 0.000000 0.000000 0.000000 0.000000 0.000000 0.000000 0.000000 0.000000
0.021757 0.022104 0.022308 0.022239 0.021805 0.021104 0.020289 0.019483 0.018778 0.018156 0.017556 0.016951 0.016329 0.015688 0.015028 0.014351 0.013657 0.012948 0.012225 0.011489 0.010743 0.009985 0.009219 0.008444 0.007662 0.006874 0.006080 0.005282 0.004481 0.003679 0.002877 0.002080 0.001295 0.000562 0.000206 0.000075 0.000028 0.000010 0.000004 0.000001 0.000000 0.000000 0.000000 0.000000 0.000000 0.000000 0.000000 0.000000 0.000000 0.000000
0.023822 0.023824 0.023697 0.023271 0.022550 0.021668 0.020763 0.019940 0.019242 0.018601 0.017970 0.017329 0.016673 0.016000 0.015310 0.014605 0.013884 0.013151 0.012405 0.011647 0.010879 0.010102 0.009317 0.008523 0.007724 0.006918 0.006107 0.005293 0.004476 0.003659 0.002842 0.002031 0.001232 0.000512 0.000187 0.000069 0.000025 0.000009 0.000003 0.000001 0.000000 0.000000 0.000000 0.000000 0.000000 0.000000 0.000000 0.000000 0.000000 0.000000
0.025799 0.025448 0.024968 0.024226 0.023289 0.022292 0.021346 0.020535 0.019823 0.019145 0.018472 0.017790 0.017095 0.016387 0.015665 0.014929 0.014182 0.013423 0.012653 0.011873 0.011084 0.010287 0.009483 0.008671 0.007854 0.007032 0.006205 0.005375 0.004543 0.003710 0.002879 0.002054 0.001241 0.000513 0.000188 0.000069 0.000025 0.000009 0.000003 0.000001 0.000000 0.000000 0.000000 0.000000 0.000000 0.000000 0.000000 0.000000 0.000000 0.000000
0.024156 0.024485 0.024423 0.023952 0.023216 0.022385 0.021597 0.020902 0.020244 0.019586 0.018915 0.018227 0.017520 0.016797 0.016059 0.015306 0.014541 0.013764 0.012976 0.012179 0.011373 0.010559 0.009738 0.008911 0.008078 0.007241 0.006400 0.005555 0.004709 0.003863 0.003018 0.002178 0.001350 0.000581 0.000213 0.000078 0.000029 0.000010 0.000004 0.000001 0.000001 0.000000 0.000000 0.000000 0.000000 0.000000 0.000000 0.000000 0.000000 0.000000
0.027340 0.026881 0.026180 0.025260 0.024250 0.023269 0.022410 0.021662 0.020954 0.020252 0.019543 0.018821 0.018086 0.017337 0.016575 0.015802 0.015017 0.014221 0.013416 0.012603 0.011781 0.010952 0.010117 0.009276 0.008430 0.007579 0.006725 0.005869 0.005010 0.004151 0.003294 0.002441 0.001598 0.000777 0.000284 0.000104 0.000038 0.000014 0.000005 0.000002 0.000001 0.000000 0.000000 0.000000 0.000000 0.000000 0.000000 0.000000 0.000000 0.000000
0.027797 0.027464 0.026792 0.025885 0.024896 0.023949 0.023127 0.022390 0.021678 0.020966 0.020242 0.019506 0.018756 0.017992 0.017216 0.016429 0.015630 0.014822 0.014005 0.013180 0.012347 0.011507 0.010661 0.009810 0.008954 0.008094 0.007230 0.006364 0.005496 0.004627 0.003759 0.002894 0.002036 0.001193 0.000474 0.000174 0.000064 0.000023 0.000009 0.000003 0.000001 0.000000 0.000000 0.000000 0.000000 0.000000 0.000000 0.000000 0.000000 0.000000
0.028484 0.028111 0.027422 0.026530 0.025581 0.024695 0.023928 0.023217 0.022517 0.021809 0.021087 0.020348 0.019595 0.018827 0.018045 0.017252 0.016447 0.015633 0.014809 0.013977 0.013138 0.012292 0.011440 0.010582 0.009720 0.008854 0.007984 0.007112 0.006237 0.005362 0.004486 0.003612 0.002742 0.001881 0.001039 0.000394 0.000144 0.000053 0.000019 0.000007 0.000003 0.000001 0.000000 0.000000 0.000000 0.000000 0.000000 0.000000 0.000000 0.000000
0.029633 0.029289 0.028605 0.027718 0.026784 0.025925 0.025170 0.024455 0.023743 0.023021 0.022285 0.021534 0.020769 0.019990 0.019200 0.018398 0.017587 0.016766 0.015937 0.015101 0.014258 0.013408 0.012553 0.011693 0.010829 0.009960 0.009088 0.008213 0.007336 0.006457 0.005578 0.004698 0.003820 0.002946 0.002080 0.001235 0.000506 0.000185 0.000068 0.000025 0.000009 0.000003 0.000001 0.000000 0.000000 0.000000 0.000000 0.000000 0.000000 0.000000
0.032462 0.031767 0.030818 0.029746 0.028691 0.027760 0.026944 0.026176 0.025421 0.024665 0.023902 0.023131 0.022352 0.021563 0.020766 0.019961 0.019148 0.018327 0.017499 0.016665 0.015824 0.014978 0.014126 0.013269 0.012408 0.011542 0.010673 0.009800 0.008924 0.008046 0.007166 0.006285 0.005404 0.004523 0.003645 0.002772 0.001911 0.001096 0.000434 0.000159 0.000058 0.000021 0.000008 0.000003 0.000001 0.000000 0.000000 0.000000 0.000000 0.000000
0.033634 0.033041 0.032184 0.031215 0.030274 0.029453 0.028714 0.028003 0.027295 0.026580 0.025854 0.025117 0.024368 0.023607 0.022836 0.022054 0.021261 0.020460 0.019649 0.018830 0.018004 0.017170 0.016329 0.015482 0.014629 0.013771 0.012908 0.012040 0.011168 0.010293 0.009414 0.008533 0.007650 0.006765 0.005879 0.004994 0.004111 0.003233 0.002370 0.001551 0.000806 0.000299 0.000109 0.000040 0.000015 0.000005 0.000002 0.000001 0.000000 0.000000
0.034841 0.034431 0.033768 0.032999 0.032259 0.031624 0.031040 0.030458 0.029857 0.029231 0.028581 0.027907 0.027211 0.026495 0.025761 0.025011 0.024245 0.023466 0.022674 0.021870 0.021056 0.020232 0.019399 0.018558 0.017709 0.016854 0.015992 0.015124 0.014251 0.013373 0.012491 0.011605 0.010715 0.009822 0.008927 0.008029 0.007131 0.006232 0.005334 0.004441 0.003557 0.002697 0.001888 0.001148 0.000500 0.000183 0.000067 0.000025 0.000009 0.000003
0.038570 0.038323 0.037778 0.037107 0.036460 0.035884 0.035324 0.034748 0.034146 0.033514 0.032856 0.032173 0.031467 0.030740 0.029996 0.029234 0.028457 0.027666 0.026862 0.026046 0.025219 0.024382 0.023536 0.022682 0.021819 0.020950 0.020073 0.019191 0.018303 0.017409 0.016511 0.015608 0.014701 0.013791 0.012877 0.011961 0.011042 0.010121 0.009198 0.008275 0.007351 0.006430 0.005515 0.004610 0.003722 0.002870 0.002076 0.001348 0.000689 0.000254
0.046839 0.046064 0.045115 0.044144 0.043270 0.042477 0.041719 0.040971 0.040223 0.039469 0.038706 0.037934 0.037151 0.036356 0.035551 0.034734 0.033908 0.033070 0.032223 0.031367 0.030502 0.029629 0.028748 0.027859 0.026964 0.026062 0.025154 0.024241 0.023323 0.022399 0.021471 0.020539 0.019604 0.018664 0.017722 0.016776 0.015828 0.014877 0.013924 0.012970 0.012014 0.011057 0.010100 0.009144 0.008189 0.007239 0.006298 0.005370 0.004460 0.003577
0.053399 0.052665 0.051748 0.050797 0.049935 0.049151 0.048393 0.047636 0.046870 0.046091 0.045297 0.044489 0.043667 0.042831 0.041983 0.041123 0.040252 0.039371 0.038480 0.037580 0.036671 0.035755 0.034832 0.033901 0.032965 0.032023 0.031075 0.030122 0.029165 0.028203 0.027238 0.026268 0.025295 0.024319 0.023340 0.022358 0.021374 0.020387 0.019399 0.018408 0.017416 0.016423 0.015428 0.014433 0.013437 0.012441 0.011446 0.010453 0.009463 0.008478
0.058926 0.058725 0.058169 0.057447 0.056717 0.056042 0.055370 0.054672 0.053940 0.053175 0.052380 0.051559 0.050716 0.049853 0.048974 0.048079 0.047171 0.046251 0.045320 0.044380 0.043430 0.042473 0.041509 0.040537 0.039560 0.038576 0.037588 0.036595 0.035597 0.034595 0.033589 0.032580 0.031567 0.030552 0.029533 0.028512 0.027489 0.026464 0.025437 0.024408 0.023377 0.022345 0.021312 0.020277 0.019242 0.018207 0.017170 0.016134 0.015098 0.014062
0.070650 0.069416 0.068069 0.066735 0.065516 0.064466 0.063517 0.062612 0.061721 0.060832 0.059939 0.059038 0.058128 0.057208 0.056278 0.055338 0.054387 0.053427 0.052457 0.051479 0.050492 0.049498 0.048497 0.047488 0.046474 0.045453 0.044427 0.043397 0.042361 0.041321 0.040277 0.039230 0.038179 0.037125 0.036068 0.035009 0.033947 0.032883 0.031817 0.030749 0.029679 0.028609 0.027536 0.026463 0.025389 0.024314 0.023238 0.022162 0.021086 0.020009
0.076614 0.075724 0.074627 0.073467 0.072363 0.071395 0.070524 0.069684 0.068844 0.067992 0.067124 0.066238 0.065336 0.064416 0.063481 0.062531 0.061567 0.060590 0.059601 0.058601 0.057591 0.056571 0.055542 0.054504 0.053460 0.052408 0.051350 0.050286 0.049216 0.048142 0.047063 0.045980 0.044893 0.043802 0.042709 0.041612 0.040513 0.039412 0.038308 0.037202 0.036095 0.034986 0.033876 0.032764 0.031652 0.030538 0.029424 0.028310 0.027195 0.026079
0.081180 0.080859 0.080214 0.079414 0.078592 0.077845 0.077146 0.076437 0.075697 0.074918 0.074103 0.073253 0.072374 0.071467 0.070536 0.069583 0.068610 0.067620 0.066614 0.065593 0.064560 0.063514 0.062458 0.061393 0.060318 0.059235 0.058145 0.057048 0.055945 0.054837 0.053723 0.052605 0.051482 0.050356 0.049227 0.048094 0.046958 0.045820 0.044680 0.043538 0.042393 0.041248 0.040101 0.038952 0.037803 0.036653 0.035502 0.034351 0.033199 0.032047
0.090524 0.089707 0.088680 0.087591 0.086551 0.085622 0.084753 0.083897 0.083033 0.082152 0.081251 0.080329 0.079387 0.078425 0.077444 0.076445 0.075430 0.074398 0.073353 0.072294 0.071223 0.070141 0.069048 0.067946 0.066836 0.065717 0.064591 0.063459 0.062320 0.061176 0.060027 0.058873 0.057716 0.056554 0.055390 0.054222 0.053051 0.051878 0.050703 0.049526 0.048348 0.047168 0.045986 0.044804 0.043621 0.042437 0.041252 0.040067 0.038881 0.037696
0.099036 0.097718 0.096311 0.094927 0.093651 0.092541 0.091544 0.090589 0.089644 0.088692 0.087728 0.086749 0.085754 0.084743 0.083715 0.082673 0.081615 0.080544 0.079460 0.078363 0.077255 0.076137 0.075010 0.073873 0.072728 0.071576 0.070417 0.069252 0.068081 0.066905 0.065724 0.064539 0.063350 0.062158 0.060963 0.059764 0.058564 0.057360 0.056155 0.054949 0.053740 0.052531 0.051320 0.050109 0.048896 0.047684 0.046470 0.045257 0.044043 0.042829
0.101323 0.100903 0.100125 0.099175 0.098190 0.097269 0.096412 0.095558 0.094683 0.093779 0.092846 0.091884 0.090898 0.089887 0.088856 0.087806 0.086737 0.085653 0.084554 0.083441 0.082316 0.081180 0.080033 0.078877 0.077712 0.076540 0.075361 0.074175 0.072983 0.071786 0.070584 0.069378 0.068167 0.066954 0.065737 0.064517 0.063295 0.062071 0.060844 0.059616 0.058387 0.057156 0.055924 0.054692 0.053459 0.052225 0.050991 0.049756 0.048522 0.047288
0.108299 0.106909 0.105446 0.104012 0.102680 0.101505 0.100480 0.099524 0.098587 0.097649 0.096700 0.095734 0.094749 0.093745 0.092721 0.091679 0.090619 0.089541 0.088448 0.087340 0.086218 0.085084 0.083938 0.082781 0.081615 0.080439 0.079256 0.078065 0.076868 0.075664 0.074455 0.073242 0.072023 0.070801 0.069576 0.068347 0.067115 0.065881 0.064645 0.063407 0.062167 0.060926 0.059683 0.058440 0.057196 0.055951 0.054706 0.053460 0.052215 0.050969
0.108187 0.107416 0.106424 0.105344 0.104268 0.103260 0.102370 0.101544 0.100724 0.099887 0.099022 0.098128 0.097205 0.096253 0.095276 0.094273 0.093248 0.092201 0.091135 0.090050 0.088949 0.087834 0.086704 0.085562 0.084409 0.083245 0.082072 0.080891 0.079702 0.078505 0.077303 0.076095 0.074882 0.073664 0.072442 0.071216 0.069987 0.068755 0.067521 0.066284 0.065045 0.063804 0.062562 0.061319 0.060075 0.058830 0.057584 0.056337 0.055091 0.053844
0.108640 0.108294 0.107570 0.106646 0.105644 0.104642 0.103708 0.102875 0.102077 0.101270 0.100437 0.099575 0.098681 0.097759 0.096810 0.095834 0.094836 0.093815 0.092774 0.091715 0.090638 0.089546 0.088439 0.087319 0.086187 0.085043 0.083890 0.082728 0.081557 0.080378 0.079193 0.078001 0.076803 0.075601 0.074393 0.073182 0.071966 0.070747 0.069525 0.068301 0.067074 0.065844 0.064613 0.063380 0.062146 0.060910 0.059674 0.058436 0.057198 0.055960
0.114905 0.113158 0.111379 0.109650 0.108024 0.106524 0.105169 0.103989 0.102976 0.102041 0.101132 0.100225 0.099310 0.098381 0.097436 0.096474 0.095495 0.094498 0.093483 0.092452 0.091406 0.090344 0.089268 0.088179 0.087078 0.085965 0.084842 0.083709 0.082567 0.081417 0.080259 0.079094 0.077923 0.076746 0.075564 0.074376 0.073185 0.071989 0.070789 0.069587 0.068381 0.067172 0.065961 0.064748 0.063533 0.062316 0.061097 0.059878 0.058657 0.057435
0.111402 0.110443 0.109239 0.107930 0.106608 0.105319 0.104098 0.102977 0.102001 0.101145 0.100330 0.099518 0.098693 0.097850 0.096986 0.096100 0.095192 0.094263 0.093314 0.092345 0.091357 0.090353 0.089331 0.088295 0.087244 0.086180 0.085103 0.084015 0.082917 0.081808 0.080691 0.079565 0.078432 0.077292 0.076145 0.074992 0.073834 0.072671 0.071503 0.070331 0.069155 0.067975 0.066793 0.065607 0.064418 0.063227 0.062034 0.060838 0.059641 0.058442
0.107926 0.107252 0.106330 0.105284 0.104194 0.103103 0.102042 0.101037 0.100124 0.099341 0.098637 0.097949 0.097249 0.096527 0.095778 0.095002 0.094200 0.093371 0.092516 0.091637 0.090735 0.089812 0.088868 0.087905 0.086924 0.085926 0.084914 0.083886 0.082846 0.081793 0.080730 0.079655 0.078571 0.077478 0.076376 0.075267 0.074151 0.073028 0.071899 0.070765 0.069625 0.068480 0.067331 0.066178 0.065020 0.063860 0.062696 0.061529 0.060359 0.059187
0.106779 0.106087 0.105093 0.103954 0.102771 0.101599 0.100467 0.099394 0.098406 0.097533 0.096806 0.096162 0.095538 0.094908 0.094259 0.093587 0.092890 0.092167 0.091417 0.090641 0.089839 0.089013 0.088162 0.087288 0.086393 0.085477 0.084542 0.083590 0.082620 0.081634 0.080634 0.079621 0.078595 0.077556 0.076507 0.075448 0.074380 0.073302 0.072216 0.071123 0.070023 0.068916 0.067803 0.066684 0.065560 0.064431 0.063298 0.062160 0.061019 0.059873
0.108092 0.106414 0.104760 0.103181 0.101703 0.100330 0.099057 0.097880 0.096800 0.095829 0.094995 0.094319 0.093734 0.093177 0.092621 0.092051 0.091463 0.090852 0.090217 0.089556 0.088868 0.088154 0.087412 0.086644 0.085850 0.085032 0.084189 0.083324 0.082438 0.081531 0.080604 0.079660 0.078699 0.077723 0.076732 0.075727 0.074709 0.073680 0.072640 0.071589 0.070529 0.069460 0.068383 0.067299 0.066207 0.065109 0.064004 0.062894 0.061779 0.060659
0.100315 0.100619 0.100371 0.099783 0.098995 0.098091 0.097128 0.096144 0.095171 0.094239 0.093379 0.092631 0.092027 0.091508 0.091015 0.090522 0.090019 0.089501 0.088964 0.088408 0.087830 0.087230 0.086604 0.085953 0.085276 0.084571 0.083839 0.083079 0.082293 0.081481 0.080644 0.079784 0.078901 0.077997 0.077074 0.076133 0.075174 0.074200 0.073210 0.072207 0.071191 0.070164 0.069125 0.068076 0.067018 0.065951 0.064876 0.063793 0.062703 0.061607
0.107499 0.105833 0.104081 0.102336 0.100655 0.099057 0.097549 0.096132 0.094810 0.093587 0.092472 0.091474 0.090614 0.089919 0.089339 0.088808 0.088298 0.087796 0.087297 0.086798 0.086296 0.085788 0.085269 0.084737 0.084187 0.083616 0.083020 0.082398 0.081749 0.081070 0.080362 0.079626 0.078861 0.078068 0.077248 0.076403 0.075534 0.074642 0.073729 0.072796 0.071845 0.070877 0.069893 0.068894 0.067882 0.066858 0.065821 0.064775 0.063718 0.062652
0.106955 0.104882 0.102831 0.100866 0.099021 0.097301 0.095703 0.094218 0.092841 0.091558 0.090363 0.089262 0.088268 0.087410 0.086721 0.086155 0.085644 0.085157 0.084682 0.084213 0.083747 0.083282 0.082818 0.082353 0.081886 0.081414 0.080937 0.080452 0.079959 0.079453 0.078929 0.078381 0.077807 0.077202 0.076565 0.075894 0.075190 0.074453 0.073684 0.072884 0.072056 0.071200 0.070319 0.069414 0.068487 0.067541 0.066576 0.065594 0.064596 0.063584
0.094055 0.094404 0.094169 0.093575 0.092771 0.091847 0.090862 0.089849 0.088824 0.087801 0.086794 0.085821 0.084899 0.084054 0.083318 0.082732 0.082252 0.081815 0.081391 0.080972 0.080552 0.080131 0.079709 0.079285 0.078859 0.078431 0.078001 0.077569 0.077134 0.076695 0.076252 0.075804 0.075349 0.074885 0.074411 0.073925 0.073422 0.072897 0.072343 0.071759 0.071139 0.070484 0.069793 0.069065 0.068303 0.067508 0.066682 0.065827 0.064946 0.064039
0.096645 0.095191 0.093720 0.092283 0.090908 0.089598 0.088355 0.087170 0.086027 0.084920 0.083850 0.082821 0.081843 0.080929 0.080099 0.079388 0.078829 0.078369 0.077949 0.077541 0.077136 0.076732 0.076325 0.075917 0.075508 0.075097 0.074685 0.074271 0.073856 0.073440 0.073023 0.072604 0.072184 0.071761 0.071336 0.070907 0.070475 0.070038 0.069594 0.069143 0.068681 0.068209 0.067720 0.067211 0.066675 0.066108 0.065506 0.064867 0.064191 0.063477
0.093978 0.092982 0.091728 0.090360 0.088967 0.087595 0.086266 0.084980 0.083729 0.082514 0.081337 0.080203 0.079118 0.078093 0.077140 0.076282 0.075555 0.074984 0.074505 0.074064 0.073638 0.073218 0.072800 0.072384 0.071968 0.071553 0.071138 0.070724 0.070310 0.069897 0.069485 0.069072 0.068660 0.068248 0.067836 0.067424 0.067012 0.066599 0.066186 0.065771 0.065354 0.064935 0.064513 0.064086 0.063654 0.063214 0.062765 0.062306 0.061832 0.061339
0.091823 0.090759 0.089453 0.088034 0.086589 0.085162 0.083770 0.082409 0.081079 0.079782 0.078522 0.077304 0.076132 0.075014 0.073962 0.072989 0.072120 0.071391 0.070818 0.070328 0.069873 0.069433 0.069002 0.068574 0.068151 0.067729 0.067311 0.066894 0.066479 0.066067 0.065655 0.065246 0.064838 0.064431 0.064026 0.063622 0.063219 0.062816 0.062415 0.062014 0.061614 0.061214 0.060814 0.060414 0.060013 0.059611 0.059208 0.058803 0.058395 0.057982
0.089052 0.087759 0.086272 0.084716 0.083171 0.081672 0.080223 0.078815 0.077447 0.076118 0.074828 0.073580 0.072378 0.071225 0.070130 0.069104 0.068161 0.067327 0.066643 0.066104 0.065636 0.065199 0.064775 0.064357 0.063944 0.063534 0.063126 0.062720 0.062317 0.061915 0.061516 0.061118 0.060721 0.060326 0.059933 0.059541 0.059150 0.058760 0.058371 0.057984 0.057597 0.057212 0.056827 0.056443 0.056059 0.055676 0.055293 0.054911 0.054528 0.054145
0.083107 0.081941 0.080614 0.079230 0.077854 0.076510 0.075194 0.073903 0.072637 0.071396 0.070182 0.068997 0.067845 0.066731 0.065661 0.064644 0.063692 0.062824 0.062069 0.061468 0.060993 0.060575 0.060179 0.059792 0.059408 0.059026 0.058645 0.058265 0.057886 0.057508 0.057130 0.056753 0.056377 0.056002 0.055627 0.055254 0.054881 0.054508 0.054137 0.053766 0.053396 0.053027 0.052658 0.052290 0.051923 0.051556 0.051190 0.050825 0.050460 0.050095
0.074994 0.074747 0.074083 0.073182 0.072166 0.071092 0.069984 0.068855 0.067717 0.066578 0.065445 0.064324 0.063223 0.062148 0.061105 0.060103 0.059153 0.058270 0.057475 0.056802 0.056286 0.055871 0.055496 0.055136 0.054782 0.054428 0.054075 0.053721 0.053367 0.053013 0.052659 0.052305 0.051950 0.051596 0.051242 0.050888 0.050535 0.050181 0.049828 0.049475 0.049123 0.048771 0.048420 0.048068 0.047718 0.047367 0.047017 0.046668 0.046319 0.045970
0.075263 0.073769 0.072220 0.070689 0.069217 0.067816 0.066473 0.065172 0.063906 0.062671 0.061465 0.060288 0.059142 0.058028 0.056952 0.055918 0.054935 0.054013 0.053169 0.052428 0.051831 0.051380 0.050999 0.050646 0.050303 0.049964 0.049626 0.049288 0.048950 0.048613 0.048275 0.047937 0.047599 0.047261 0.046923 0.046585 0.046247 0.045910 0.045572 0.045235 0.044898 0.044561 0.044225 0.043888 0.043552 0.043217 0.042881 0.042546 0.042211 0.041877
0.069858 0.069063 0.067951 0.066683 0.065361 0.064039 0.062732 0.061440 0.060166 0.058912 0.057682 0.056478 0.055304 0.054162 0.053057 0.051993 0.050979 0.050023 0.049138 0.048344 0.047675 0.047167 0.046764 0.046405 0.046064 0.045730 0.045398 0.045068 0.044739 0.044410 0.044082 0.043755 0.043427 0.043100 0.042773 0.042447 0.042120 0.041794 0.041469 0.041143 0.040818 0.040493 0.040168 0.039844 0.039520 0.039196 0.038872 0.038549 0.038226 0.037903
0.067723 0.066292 0.064772 0.063246 0.061765 0.060346 0.058980 0.057653 0.056360 0.055098 0.053865 0.052660 0.051486 0.050343 0.049236 0.048167 0.047145 0.046176 0.045273 0.044452 0.043742 0.043186 0.042763 0.042400 0.042063 0.041734 0.041410 0.041088 0.040766 0.040445 0.040125 0.039806 0.039486 0.039167 0.038849 0.038531 0.038213 0.037896 0.037579 0.037262 0.036946 0.036630 0.036314 0.035999 0.035684 0.035369 0.035055 0.034741 0.034427 0.034114
0.060775 0.060193 0.059291 0.058221 0.057078 0.055910 0.054732 0.053549 0.052366 0.051187 0.050018 0.048863 0.047725 0.046611 0.045524 0.044470 0.043457 0.042491 0.041586 0.040757 0.040030 0.039446 0.039011 0.038650 0.038319 0.037999 0.037683 0.037369 0.037055 0.036742 0.036429 0.036117 0.035804 0.035492 0.035180 0.034869 0.034558 0.034247 0.033937 0.033627 0.033317 0.033008 0.032699 0.032391 0.032083 0.031775 0.031468 0.031162 0.030855 0.030549
0.059219 0.058142 0.056885 0.055556 0.054221 0.052912 0.051634 0.050378 0.049140 0.047919 0.046716 0.045534 0.044375 0.043243 0.042142 0.041076 0.040052 0.039079 0.038166 0.037331 0.036597 0.036006 0.035568 0.035208 0.034880 0.034563 0.034251 0.033941 0.033631 0.033322 0.033013 0.032705 0.032397 0.032089 0.031782 0.031475 0.031169 0.030863 0.030558 0.030253 0.029949 0.029645 0.029341 0.029039 0.028736 0.028434 0.028133 0.027832 0.027532 0.027232
0.057305 0.056079 0.054665 0.053182 0.051704 0.050265 0.048873 0.047518 0.046197 0.044907 0.043648 0.042421 0.041226 0.040067 0.038945 0.037866 0.036834 0.035858 0.034948 0.034122 0.033405 0.032839 0.032416 0.032061 0.031733 0.031416 0.031104 0.030794 0.030485 0.030177 0.029870 0.029564 0.029259 0.028955 0.028651 0.028348 0.028045 0.027744 0.027443 0.027142 0.026842 0.026543 0.026245 0.025947 0.025650 0.025353 0.025057 0.024762 0.024467 0.024173
0.053587 0.052374 0.050984 0.049531 0.048085 0.046678 0.045319 0.043997 0.042709 0.041451 0.040224 0.039028 0.037865 0.036737 0.035647 0.034601 0.033604 0.032665 0.031796 0.031018 0.030360 0.029861 0.029473 0.029133 0.028812 0.028500 0.028191 0.027885 0.027580 0.027276 0.026974 0.026673 0.026372 0.026072 0.025774 0.025476 0.025179 0.024883 0.024587 0.024292 0.023998 0.023705 0.023412 0.023120 0.022829 0.022538 0.022248 0.021958 0.021669 0.021381
0.047777 0.046953 0.045889 0.044715 0.043507 0.042307 0.041130 0.039969 0.038822 0.037689 0.036572 0.035474 0.034399 0.033352 0.032337 0.031361 0.030431 0.029560 0.028761 0.028057 0.027488 0.027065 0.026718 0.026402 0.026098 0.025798 0.025501 0.025206 0.024911 0.024617 0.024324 0.024031 0.023740 0.023448 0.023158 0.022868 0.022579 0.022290 0.022002 0.021714 0.021427 0.021141 0.020855 0.020570 0.020285 0.020001 0.019718 0.019435 0.019152 0.018870
0.044149 0.043323 0.042307 0.041206 0.040078 0.038955 0.037847 0.036748 0.035657 0.034577 0.033511 0.032461 0.031433 0.030431 0.029461 0.028530 0.027647 0.026824 0.026078 0.025436 0.024939 0.024567 0.024250 0.023955 0.023667 0.023383 0.023099 0.022816 0.022534 0.022251 0.021968 0.021686 0.021404 0.021122 0.020841 0.020559 0.020279 0.019998 0.019718 0.019438 0.019158 0.018879 0.018601 0.018322 0.018044 0.017767 0.017490 0.017213 0.016937 0.016661
0.043095 0.042118 0.040941 0.039685 0.038419 0.037178 0.035969 0.034788 0.033631 0.032499 0.031392 0.030313 0.029264 0.028249 0.027272 0.026340 0.025462 0.024650 0.023922 0.023307 0.022845 0.022494 0.022191 0.021905 0.021627 0.021350 0.021074 0.020799 0.020524 0.020248 0.019973 0.019697 0.019422 0.019147 0.018872 0.018597 0.018322 0.018047 0.017773 0.017499 0.017225 0.016952 0.016678 0.016406 0.016133 0.015861 0.015589 0.015318 0.015046 0.014776
0.043044 0.041641 0.040155 0.038673 0.037242 0.035880 0.034585 0.033341 0.032136 0.030966 0.029830 0.028727 0.027658 0.026628 0.025640 0.024700 0.023818 0.023005 0.022281 0.021676 0.021228 0.020884 0.020582 0.020298 0.020020 0.019744 0.019469 0.019195 0.018920 0.018647 0.018373 0.018099 0.017826 0.017553 0.017280 0.017008 0.016736 0.016464 0.016192 0.015921 0.015650 0.015379 0.015109 0.014839 0.014569 0.014300 0.014031 0.013763 0.013495 0.013228
0.038571 0.038094 0.037275 0.036274 0.035190 0.034079 0.032959 0.031837 0.030718 0.029609 0.028515 0.027442 0.026395 0.025379 0.024401 0.023469 0.022592 0.021786 0.021069 0.020475 0.020037 0.019695 0.019392 0.019104 0.018822 0.018543 0.018265 0.017987 0.017711 0.017435 0.017159 0.016884 0.016610 0.016335 0.016062 0.015789 0.015516 0.015244 0.014972 0.014701 0.014430 0.014160 0.013891 0.013621 0.013353 0.013085 0.012817 0.012550 0.012283 0.012017
0.040263 0.039030 0.037681 0.036309 0.034968 0.033677 0.032428 0.031213 0.030028 0.028871 0.027743 0.026645 0.025580 0.024552 0.023565 0.022627 0.021747 0.020940 0.020225 0.019638 0.019205 0.018861 0.018554 0.018261 0.017975 0.017692 0.017410 0.017129 0.016849 0.016570 0.016292 0.016015 0.015738 0.015462 0.015186 0.014912 0.014638 0.014364 0.014091 0.013819 0.013548 0.013277 0.013007 0.012737 0.012468 0.012200 0.011932 0.011665 0.011399 0.011133
0.038898 0.037991 0.036844 0.035595 0.034327 0.033076 0.031848 0.030643 0.029461 0.028304 0.027175 0.026076 0.025010 0.023981 0.022994 0.022056 0.021177 0.020371 0.019660 0.019078 0.018649 0.018307 0.018000 0.017707 0.017420 0.017136 0.016853 0.016571 0.016290 0.016010 0.015730 0.015452 0.015174 0.014897 0.014620 0.014344 0.014069 0.013795 0.013521 0.013248 0.012976 0.012704 0.012433 0.012163 0.011894 0.011625 0.011357 0.011090 0.010823 0.010557
0.038180 0.037256 0.036132 0.034923 0.033702 0.032501 0.031320 0.030155 0.029008 0.027881 0.026776 0.025697 0.024647 0.023631 0.022655 0.021727 0.020856 0.020057 0.019352 0.018776 0.018352 0.018014 0.017710 0.017420 0.017135 0.016853 0.016571 0.016290 0.016010 0.015730 0.015451 0.015173 0.014895 0.014618 0.014341 0.014065 0.013790 0.013515 0.013241 0.012968 0.012695 0.012423 0.012152 0.011881 0.011612 0.011342 0.011074 0.010807 0.010540 0.010274
