0.118993 0.119271 0.119919 0.120957 0.122499 0.124907 0.128272 0.132161 0.136322 0.140657 0.145129 0.149726 0.154442 0.159274 0.164220 0.169278 0.174447 0.179726 0.185113 0.190607 0.196205 0.201907 0.207710 0.213614 0.219616 0.225715 0.231909 0.238196 0.244576 0.251046 0.257605 0.264251 0.270983 0.277799 0.284698 0.291678 0.298738 0.305876 0.313091 0.320382 0.327747 0.335184 0.342693 0.350272 0.357920 0.365636 0.373418 0.381265 0.389177 0.397150
0.125429 0.124846 0.124819 0.125322 0.126484 0.128636 0.131824 0.135585 0.139646 0.143899 0.148303 0.152840 0.157502 0.162285 0.167186 0.172202 0.177332 0.182573 0.187923 0.193381 0.198945 0.204613 0.210384 0.216256 0.222227 0.228296 0.234461 0.240720 0.247071 0.253514 0.260047 0.266667 0.273374 0.280165 0.287040 0.293997 0.301035 0.308151 0.315345 0.322614 0.329959 0.337377 0.344866 0.352427 0.360057 0.367754 0.375519 0.383349 0.391244 0.399202
0.129325 0.129198 0.129448 0.130105 0.131402 0.133679 0.136963 0.140781 0.144868 0.149127 0.153521 0.158036 0.162669 0.167417 0.172278 0.177253 0.182339 0.187536 0.192842 0.198255 0.203774 0.209399 0.215126 0.220955 0.226883 0.232910 0.239034 0.245253 0.251566 0.257970 0.264465 0.271049 0.277720 0.284476 0.291317 0.298240 0.305245 0.312329 0.319491 0.326730 0.334044 0.341433 0.348894 0.356426 0.364028 0.371699 0.379437 0.387242 0.395111 0.403044
0.138716 0.137643 0.137197 0.137351 0.138339 0.140450 0.143610 0.147314 0.151306 0.155487 0.159815 0.164276 0.168861 0.173567 0.178391 0.183329 0.188382 0.193546 0.198820 0.204203 0.209693 0.215288 0.220986 0.226786 0.232687 0.238686 0.244782 0.250974 0.257260 0.263637 0.270106 0.276663 0.283308 0.290038 0.296853 0.303751 0.310731 0.317790 0.324927 0.332142 0.339432 0.346796 0.354233 0.361742 0.369320 0.376968 0.384683 0.392464 0.400311 0.408221
0.140020 0.140139 0.140569 0.141387 0.142927 0.145501 0.148959 0.152846 0.156959 0.161224 0.165616 0.170125 0.174749 0.179486 0.184335 0.189297 0.194369 0.199551 0.204841 0.210238 0.215740 0.221347 0.227055 0.232865 0.238773 0.244779 0.250882 0.257078 0.263367 0.269748 0.276218 0.282776 0.289420 0.296150 0.302963 0.309858 0.316834 0.323889 0.331021 0.338230 0.345514 0.352871 0.360301 0.367801 0.375371 0.383010 0.390716 0.398487 0.406324 0.414224
0.147253 0.146507 0.146346 0.146792 0.148147 0.150650 0.154050 0.157896 0.161994 0.166268 0.170687 0.175237 0.179911 0.184704 0.189613 0.194636 0.199770 0.205013 0.210362 0.215817 0.221376 0.227036 0.232795 0.238654 0.244608 0.250658 0.256802 0.263037 0.269363 0.275778 0.282280 0.288869 0.295541 0.302297 0.309135 0.316053 0.323050 0.330124 0.337275 0.344501 0.351800 0.359171 0.366614 0.374126 0.381707 0.389356 0.397070 0.404850 0.412693 0.420599
0.148185 0.148133 0.148444 0.149234 0.150872 0.153623 0.157269 0.161345 0.165652 0.170114 0.174703 0.179407 0.184222 0.189146 0.194176 0.199311 0.204550 0.209892 0.215335 0.220878 0.226519 0.232257 0.238092 0.244021 0.250043 0.256158 0.262362 0.268656 0.275038 0.281506 0.288060 0.294697 0.301416 0.308217 0.315097 0.322056 0.329092 0.336204 0.343391 0.350651 0.357983 0.365386 0.372858 0.380400 0.388008 0.395683 0.403423 0.411226 0.419093 0.427021
0.152180 0.151767 0.151875 0.152575 0.154198 0.156983 0.160740 0.164956 0.169404 0.173997 0.178705 0.183519 0.188435 0.193451 0.198569 0.203787 0.209104 0.214521 0.220036 0.225649 0.231358 0.237163 0.243063 0.249055 0.255140 0.261315 0.267579 0.273931 0.280371 0.286895 0.293503 0.300194 0.306967 0.313819 0.320750 0.327758 0.334843 0.342002 0.349234 0.356539 0.363915 0.371361 0.378875 0.386457 0.394105 0.401819 0.409596 0.417436 0.425338 0.433300
0.159256 0.158328 0.157972 0.158270 0.159560 0.162079 0.165619 0.169666 0.173984 0.178483 0.183127 0.187899 0.192792 0.197802 0.202925 0.208158 0.213500 0.218948 0.224500 0.230155 0.235909 0.241762 0.247712 0.253757 0.259896 0.266126 0.272446 0.278855 0.285351 0.291933 0.298598 0.305346 0.312175 0.319084 0.326071 0.333134 0.340274 0.347487 0.354773 0.362130 0.369558 0.377054 0.384619 0.392250 0.399946 0.407707 0.415531 0.423416 0.431363 0.439370
0.159053 0.159086 0.159452 0.160281 0.161963 0.164769 0.168501 0.172684 0.177111 0.181702 0.186430 0.191280 0.196249 0.201334 0.206530 0.211837 0.217253 0.222774 0.228400 0.234128 0.239957 0.245884 0.251907 0.258025 0.264236 0.270539 0.276930 0.283410 0.289976 0.296627 0.303361 0.310176 0.317071 0.324046 0.331097 0.338224 0.345426 0.352701 0.360048 0.367465 0.374951 0.382506 0.390127 0.397814 0.405565 0.413380 0.421257 0.429194 0.437192 0.445249
0.161369 0.160887 0.160947 0.161634 0.163284 0.166132 0.169990 0.174343 0.178956 0.183736 0.188648 0.193676 0.198816 0.204061 0.209411 0.214863 0.220416 0.226068 0.231818 0.237664 0.243605 0.249639 0.255766 0.261983 0.268289 0.274684 0.281164 0.287730 0.294379 0.301110 0.307923 0.314815 0.321785 0.328832 0.335954 0.343151 0.350420 0.357762 0.365173 0.372654 0.380203 0.387819 0.395500 0.403246 0.411056 0.418927 0.426860 0.434853 0.442905 0.451015
0.159918 0.160287 0.160992 0.162164 0.164183 0.167321 0.171475 0.176117 0.180991 0.186001 0.191117 0.196328 0.201632 0.207028 0.212517 0.218098 0.223772 0.229538 0.235396 0.241345 0.247384 0.253513 0.259731 0.266035 0.272427 0.278903 0.285463 0.292107 0.298831 0.305637 0.312521 0.319483 0.326522 0.333636 0.340825 0.348086 0.355420 0.362824 0.370297 0.377838 0.385447 0.393121 0.400860 0.408663 0.416528 0.424455 0.432442 0.440488 0.448593 0.456756
0.169134 0.168264 0.167996 0.168405 0.169832 0.172515 0.176335 0.180735 0.185434 0.190321 0.195353 0.200509 0.205780 0.211162 0.216650 0.222241 0.227934 0.233725 0.239615 0.245600 0.251678 0.257850 0.264112 0.270464 0.276903 0.283429 0.290040 0.296735 0.303512 0.310369 0.317307 0.324322 0.331414 0.338582 0.345823 0.353138 0.360524 0.367981 0.375507 0.383101 0.390761 0.398487 0.406278 0.414132 0.422048 0.430025 0.438063 0.446159 0.454313 0.462525
0.171657 0.171439 0.171607 0.172329 0.173987 0.176836 0.180754 0.185204 0.189925 0.194818 0.199847 0.204997 0.210262 0.215638 0.221125 0.226718 0.232417 0.238219 0.244123 0.250126 0.256226 0.262423 0.268713 0.275096 0.281568 0.288130 0.294778 0.301512 0.308329 0.315229 0.322209 0.329268 0.336405 0.343618 0.350906 0.358267 0.365700 0.373204 0.380777 0.388419 0.396127 0.403901 0.411739 0.419641 0.427605 0.435629 0.443714 0.451858 0.460059 0.468317
0.175462 0.174944 0.174946 0.175627 0.177323 0.180250 0.184240 0.188752 0.193533 0.198486 0.203574 0.208783 0.214106 0.219540 0.225083 0.230732 0.236486 0.242343 0.248300 0.254357 0.260511 0.266760 0.273103 0.279538 0.286064 0.292677 0.299378 0.306164 0.313033 0.319985 0.327017 0.334128 0.341316 0.348581 0.355920 0.363333 0.370817 0.378372 0.385995 0.393687 0.401446 0.409270 0.417158 0.425110 0.433123 0.441197 0.449331 0.457523 0.465773 0.474080
0.175774 0.175751 0.176131 0.177094 0.179017 0.182143 0.186303 0.190971 0.195901 0.200998 0.206226 0.211570 0.217024 0.222583 0.228245 0.234009 0.239873 0.245834 0.251892 0.258045 0.264292 0.270630 0.277059 0.283577 0.290182 0.296874 0.303650 0.310509 0.317450 0.324471 0.331571 0.338748 0.346002 0.353330 0.360732 0.368206 0.375751 0.383366 0.391049 0.398799 0.406615 0.414496 0.422441 0.430448 0.438516 0.446644 0.454832 0.463077 0.471380 0.479739
0.176668 0.176667 0.177117 0.178178 0.180218 0.183478 0.187813 0.192668 0.197781 0.203050 0.208438 0.213933 0.219528 0.225221 0.231010 0.236895 0.242875 0.248947 0.255112 0.261368 0.267714 0.274149 0.280671 0.287279 0.293972 0.300749 0.307608 0.314548 0.321568 0.328667 0.335843 0.343094 0.350421 0.357821 0.365293 0.372836 0.380448 0.388129 0.395878 0.403693 0.411572 0.419516 0.427522 0.435591 0.443719 0.451907 0.460154 0.468458 0.476818 0.485234
0.178852 0.178819 0.179254 0.180344 0.182435 0.185751 0.190136 0.195041 0.200206 0.205533 0.210983 0.216542 0.222204 0.227966 0.233827 0.239785 0.245839 0.251987 0.258228 0.264561 0.270983 0.277495 0.284094 0.290779 0.297549 0.304402 0.311337 0.318353 0.325448 0.332620 0.339870 0.347195 0.354593 0.362065 0.369608 0.377221 0.384903 0.392653 0.400470 0.408352 0.416298 0.424308 0.432380 0.440512 0.448705 0.456956 0.465265 0.473631 0.482053 0.490530
0.181319 0.181405 0.181887 0.182987 0.185071 0.188374 0.192739 0.197629 0.202788 0.208119 0.213584 0.219168 0.224862 0.230664 0.236571 0.242579 0.248687 0.254893 0.261195 0.267591 0.274078 0.280657 0.287324 0.294079 0.300918 0.307842 0.314848 0.321936 0.329102 0.336347 0.343668 0.351064 0.358534 0.366077 0.373690 0.381374 0.389126 0.396946 0.404831 0.412782 0.420797 0.428874 0.437013 0.445212 0.453470 0.461787 0.470161 0.478591 0.487077 0.495617
0.183182 0.183048 0.183426 0.184474 0.186542 0.189859 0.194284 0.199262 0.204519 0.209950 0.215513 0.221192 0.226980 0.232872 0.238867 0.244962 0.251155 0.257444 0.263828 0.270305 0.276873 0.283531 0.290277 0.297110 0.304028 0.311029 0.318111 0.325275 0.332517 0.339837 0.347233 0.354703 0.362247 0.369863 0.377550 0.385305 0.393129 0.401020 0.408977 0.416998 0.425082 0.433228 0.441435 0.449702 0.458028 0.466412 0.474852 0.483348 0.491899 0.500503
0.181322 0.181988 0.182967 0.184454 0.186844 0.190400 0.195043 0.200223 0.205662 0.211255 0.216965 0.222778 0.228690 0.234699 0.240804 0.247004 0.253298 0.259685 0.266164 0.272734 0.279393 0.286140 0.292973 0.299892 0.306894 0.313978 0.321143 0.328387 0.335709 0.343108 0.350582 0.358130 0.365750 0.373441 0.381203 0.389032 0.396929 0.404893 0.412921 0.421013 0.429167 0.437383 0.445660 0.453995 0.462389 0.470839 0.479346 0.487908 0.496524 0.505193
0.185886 0.185690 0.186008 0.187007 0.189040 0.192333 0.196806 0.201895 0.207293 0.212882 0.218613 0.224466 0.230432 0.236504 0.242679 0.248955 0.255327 0.261795 0.268356 0.275009 0.281750 0.288580 0.295496 0.302497 0.309580 0.316745 0.323990 0.331314 0.338714 0.346191 0.353741 0.361365 0.369060 0.376826 0.384660 0.392563 0.400532 0.408566 0.416665 0.424826 0.433050 0.441334 0.449677 0.458080 0.466540 0.475056 0.483628 0.492254 0.500934 0.509666
0.184516 0.184856 0.185581 0.186915 0.189222 0.192735 0.197414 0.202695 0.208264 0.214003 0.219867 0.225840 0.231915 0.238090 0.244362 0.250730 0.257191 0.263746 0.270392 0.277127 0.283950 0.290860 0.297855 0.304934 0.312094 0.319335 0.326656 0.334053 0.341528 0.349077 0.356700 0.364394 0.372160 0.379996 0.387899 0.395870 0.403907 0.412008 0.420173 0.428400 0.436688 0.445037 0.453444 0.461910 0.470432 0.479011 0.487644 0.496331 0.505071 0.513863
0.185358 0.185550 0.186216 0.187560 0.189922 0.193515 0.198278 0.203642 0.209295 0.215119 0.221070 0.227128 0.233288 0.239547 0.245900 0.252349 0.258889 0.265521 0.272243 0.279054 0.285951 0.292934 0.300001 0.307150 0.314380 0.321691 0.329079 0.336545 0.344086 0.351701 0.359389 0.367149 0.374979 0.382878 0.390844 0.398878 0.406976 0.415139 0.423364 0.431652 0.440000 0.448408 0.456874 0.465398 0.473978 0.482614 0.491304 0.500048 0.508845 0.517693
0.184168 0.185023 0.186148 0.187818 0.190422 0.194207 0.199091 0.204532 0.210247 0.216129 0.222137 0.228255 0.234476 0.240796 0.247212 0.253723 0.260327 0.267023 0.273808 0.280682 0.287642 0.294687 0.301816 0.309027 0.316318 0.323689 0.331138 0.338663 0.346263 0.353937 0.361683 0.369501 0.377388 0.385344 0.393367 0.401457 0.409611 0.417829 0.426110 0.434452 0.442855 0.451317 0.459837 0.468415 0.477048 0.485737 0.494481 0.503277 0.512126 0.521026
0.185878 0.186101 0.186847 0.188313 0.190834 0.194615 0.199533 0.205018 0.210783 0.216717 0.222779 0.228951 0.235227 0.241601 0.248072 0.254638 0.261297 0.268047 0.274887 0.281814 0.288828 0.295927 0.303109 0.310373 0.317718 0.325142 0.332643 0.340220 0.347873 0.355599 0.363397 0.371267 0.379206 0.387213 0.395288 0.403429 0.411634 0.419903 0.428235 0.436628 0.445081 0.453593 0.462164 0.470792 0.479475 0.488214 0.497007 0.505853 0.514751 0.523701
0.183659 0.184443 0.185577 0.187372 0.190162 0.194157 0.199211 0.204785 0.210618 0.216611 0.222728 0.228952 0.235277 0.241701 0.248220 0.254834 0.261540 0.268337 0.275223 0.282198 0.289258 0.296404 0.303634 0.310945 0.318337 0.325808 0.333358 0.340983 0.348684 0.356458 0.364305 0.372223 0.380210 0.388266 0.396390 0.404579 0.412833 0.421151 0.429532 0.437974 0.446476 0.455037 0.463656 0.472333 0.481065 0.489852 0.498694 0.507588 0.516535 0.525533
0.181956 0.182774 0.183987 0.185875 0.188761 0.192845 0.197975 0.203614 0.209503 0.215548 0.221711 0.227980 0.234348 0.240813 0.247373 0.254028 0.260776 0.267615 0.274544 0.281562 0.288667 0.295857 0.303132 0.310489 0.317928 0.325447 0.333043 0.340717 0.348466 0.356288 0.364184 0.372151 0.380187 0.388293 0.396466 0.404704 0.413008 0.421375 0.429805 0.438296 0.446848 0.455458 0.464127 0.472853 0.481634 0.490471 0.499361 0.508304 0.517300 0.526346
0.179869 0.180894 0.182171 0.184039 0.186851 0.190827 0.195876 0.201469 0.207335 0.213370 0.219536 0.225817 0.232206 0.238698 0.245291 0.251983 0.258771 0.265654 0.272629 0.279694 0.286848 0.294089 0.301414 0.308823 0.316314 0.323884 0.331533 0.339259 0.347060 0.354936 0.362883 0.370902 0.378991 0.387148 0.395373 0.403663 0.412018 0.420437 0.428918 0.437460 0.446062 0.454723 0.463442 0.472218 0.481050 0.489936 0.498876 0.507870 0.516915 0.526011
0.180375 0.179992 0.180279 0.181439 0.183727 0.187298 0.192120 0.197637 0.203498 0.209564 0.215779 0.222119 0.228572 0.235132 0.241794 0.248554 0.255410 0.262360 0.269401 0.276531 0.283748 0.291051 0.298437 0.305906 0.313455 0.321084 0.328789 0.336571 0.344427 0.352357 0.360359 0.368431 0.376573 0.384782 0.393059 0.401401 0.409807 0.418277 0.426808 0.435401 0.444053 0.452765 0.461534 0.470359 0.479241 0.488177 0.497167 0.506209 0.515304 0.524449
0.167577 0.169474 0.171359 0.173609 0.176628 0.180670 0.185846 0.191702 0.197857 0.204167 0.210584 0.217091 0.223685 0.230364 0.237129 0.243981 0.250918 0.257942 0.265051 0.272244 0.279521 0.286881 0.294322 0.301843 0.309443 0.317121 0.324875 0.332705 0.340609 0.348586 0.356634 0.364753 0.372941 0.381197 0.389519 0.397908 0.406360 0.414876 0.423454 0.432093 0.440792 0.449550 0.458366 0.467239 0.476167 0.485151 0.494188 0.503279 0.512421 0.521615
0.170111 0.169810 0.170135 0.171253 0.173437 0.176844 0.181543 0.187087 0.193032 0.199197 0.205513 0.211951 0.218497 0.225146 0.231893 0.238736 0.245672 0.252700 0.259818 0.267024 0.274317 0.281695 0.289156 0.296700 0.304324 0.312028 0.319810 0.327669 0.335603 0.343611 0.351692 0.359845 0.368067 0.376358 0.384718 0.393143 0.401634 0.410189 0.418807 0.427486 0.436227 0.445027 0.453885 0.462801 0.471774 0.480802 0.489885 0.499021 0.508209 0.517450
0.160709 0.161691 0.162880 0.164573 0.167113 0.170712 0.175481 0.181035 0.186958 0.193088 0.199363 0.205757 0.212262 0.218872 0.225586 0.232399 0.239311 0.246320 0.253423 0.260619 0.267905 0.275281 0.282744 0.290293 0.297926 0.305642 0.313438 0.321314 0.329267 0.337297 0.345402 0.353580 0.361830 0.370150 0.378540 0.386998 0.395523 0.404113 0.412768 0.421485 0.430264 0.439104 0.448004 0.456962 0.465977 0.475049 0.484176 0.493358 0.502593 0.511880
0.152488 0.153674 0.155012 0.156797 0.159375 0.162954 0.167664 0.173182 0.179083 0.185194 0.191450 0.197828 0.204318 0.210914 0.217616 0.224420 0.231325 0.238330 0.245431 0.252629 0.259920 0.267303 0.274776 0.282337 0.289985 0.297718 0.305534 0.313431 0.321408 0.329463 0.337595 0.345803 0.354083 0.362437 0.370860 0.379354 0.387915 0.396543 0.405237 0.413994 0.422815 0.431697 0.440640 0.449643 0.458704 0.467822 0.476996 0.486225 0.495509 0.504845
0.147734 0.147556 0.147883 0.148909 0.150893 0.153984 0.158287 0.163579 0.169362 0.175408 0.181630 0.187990 0.194475 0.201075 0.207787 0.214605 0.221529 0.228554 0.235679 0.242902 0.250220 0.257631 0.265133 0.272725 0.280404 0.288169 0.296019 0.303951 0.311963 0.320055 0.328225 0.336470 0.344791 0.353184 0.361649 0.370184 0.378788 0.387460 0.396198 0.405002 0.413868 0.422798 0.431789 0.440839 0.449949 0.459117 0.468342 0.477622 0.486958 0.496346
0.132782 0.133725 0.134808 0.136330 0.138614 0.141847 0.146168 0.151513 0.157395 0.163545 0.169862 0.176307 0.182867 0.189534 0.196305 0.203179 0.210154 0.217227 0.224397 0.231664 0.239024 0.246476 0.254019 0.261651 0.269371 0.277176 0.285066 0.293038 0.301092 0.309225 0.317436 0.325724 0.334087 0.342524 0.351033 0.359613 0.368263 0.376980 0.385765 0.394615 0.403530 0.412508 0.421548 0.430649 0.439809 0.449028 0.458304 0.467637 0.477024 0.486467
0.120685 0.121535 0.122617 0.124157 0.126440 0.129630 0.133845 0.139104 0.144976 0.151142 0.157482 0.163950 0.170531 0.177217 0.184007 0.190899 0.197891 0.204982 0.212171 0.219456 0.226836 0.234310 0.241875 0.249531 0.257275 0.265107 0.273024 0.281025 0.289108 0.297272 0.305515 0.313837 0.322234 0.330707 0.339252 0.347870 0.356558 0.365316 0.374141 0.383033 0.391991 0.401012 0.410097 0.419243 0.428449 0.437715 0.447039 0.456420 0.465857 0.475349
0.110712 0.111509 0.112454 0.113815 0.115870 0.118779 0.122652 0.127561 0.133183 0.139161 0.145351 0.151696 0.158173 0.164774 0.171491 0.178321 0.185262 0.192310 0.199464 0.206720 0.214077 0.221533 0.229085 0.236732 0.244471 0.252301 0.260220 0.268225 0.276316 0.284491 0.292747 0.301083 0.309498 0.317989 0.326556 0.335197 0.343910 0.352694 0.361548 0.370470 0.379458 0.388512 0.397631 0.406812 0.416055 0.425358 0.434721 0.444142 0.453620 0.463154
0.100546 0.101172 0.101969 0.103140 0.104958 0.107571 0.111083 0.115582 0.120949 0.126768 0.132838 0.139081 0.145468 0.151984 0.158623 0.165382 0.172257 0.179246 0.186345 0.193552 0.200865 0.208281 0.215798 0.223414 0.231126 0.238933 0.246833 0.254823 0.262901 0.271066 0.279315 0.287648 0.296061 0.304555 0.313126 0.321773 0.330495 0.339290 0.348157 0.357094 0.366100 0.375173 0.384312 0.393515 0.402782 0.412112 0.421502 0.430952 0.440460 0.450026
0.090944 0.091364 0.091898 0.092746 0.094190 0.096382 0.099413 0.103363 0.108285 0.113886 0.119831 0.125985 0.132295 0.138742 0.145316 0.152011 0.158825 0.165755 0.172797 0.179950 0.187212 0.194579 0.202051 0.209624 0.217297 0.225067 0.232933 0.240892 0.248942 0.257082 0.265310 0.273623 0.282021 0.290500 0.299060 0.307699 0.316415 0.325207 0.334073 0.343011 0.352020 0.361099 0.370246 0.379460 0.388739 0.398082 0.407488 0.416955 0.426483 0.436070
0.079943 0.080458 0.081025 0.081822 0.083117 0.085051 0.087714 0.091182 0.095531 0.100765 0.106538 0.112588 0.118818 0.125190 0.131691 0.138314 0.145056 0.151914 0.158887 0.165972 0.173168 0.180473 0.187884 0.195399 0.203017 0.210736 0.218553 0.226467 0.234475 0.242576 0.250767 0.259047 0.267415 0.275867 0.284403 0.293021 0.301718 0.310494 0.319347 0.328274 0.337275 0.346348 0.355492 0.364704 0.373984 0.383331 0.392742 0.402217 0.411754 0.421352
0.072041 0.072355 0.072636 0.073072 0.073934 0.075368 0.077458 0.080273 0.083878 0.088342 0.093633 0.099402 0.105432 0.111640 0.117996 0.124487 0.131105 0.137848 0.144712 0.151695 0.158795 0.166009 0.173334 0.180769 0.188312 0.195959 0.203710 0.211561 0.219511 0.227558 0.235699 0.243932 0.252257 0.260670 0.269169 0.277754 0.286421 0.295170 0.303999 0.312905 0.321887 0.330944 0.340075 0.349276 0.358548 0.367888 0.377295 0.386768 0.396305 0.405905
0.066506 0.066040 0.065664 0.065476 0.065724 0.066535 0.067973 0.070086 0.072921 0.076529 0.080969 0.086213 0.091934 0.097920 0.104091 0.110417 0.116884 0.123486 0.130218 0.137076 0.144058 0.151161 0.158383 0.165720 0.173170 0.180731 0.188400 0.196174 0.204052 0.212031 0.220109 0.228284 0.236553 0.244915 0.253367 0.261907 0.270533 0.279245 0.288038 0.296913 0.305866 0.314897 0.324003 0.333183 0.342436 0.351760 0.361152 0.370613 0.380140 0.389732
0.057822 0.057499 0.057136 0.056844 0.056878 0.057371 0.058392 0.059987 0.062201 0.065080 0.068677 0.073047 0.078200 0.083880 0.089841 0.095996 0.102309 0.108766 0.115361 0.122089 0.128946 0.135930 0.143037 0.150265 0.157612 0.165073 0.172648 0.180333 0.188126 0.196025 0.204026 0.212128 0.220328 0.228624 0.237014 0.245496 0.254068 0.262727 0.271472 0.280300 0.289210 0.298200 0.307269 0.316414 0.325633 0.334926 0.344290 0.353724 0.363227 0.372796
0.050316 0.049968 0.049516 0.049055 0.048841 0.049008 0.049623 0.050731 0.052369 0.054574 0.057391 0.060869 0.065062 0.070003 0.075575 0.081483 0.087603 0.093891 0.100328 0.106905 0.113618 0.120462 0.127434 0.134532 0.141753 0.149093 0.156552 0.164124 0.171809 0.179604 0.187505 0.195511 0.203619 0.211827 0.220132 0.228532 0.237025 0.245610 0.254282 0.263042 0.271886 0.280813 0.289821 0.298908 0.308072 0.317311 0.326625 0.336010 0.345466 0.354991
0.045612 0.044807 0.043969 0.043131 0.042521 0.042266 0.042422 0.043019 0.044083 0.045639 0.047720 0.050362 0.053608 0.057508 0.062106 0.067398 0.073170 0.079199 0.085413 0.091785 0.098303 0.104959 0.111750 0.118672 0.125723 0.132899 0.140197 0.147616 0.155151 0.162801 0.170562 0.178432 0.186409 0.194489 0.202672 0.210953 0.219331 0.227803 0.236368 0.245023 0.253766 0.262594 0.271507 0.280501 0.289576 0.298729 0.307958 0.317262 0.326639 0.336087
0.041438 0.040532 0.039563 0.038538 0.037668 0.037085 0.036845 0.036980 0.037512 0.038463 0.039856 0.041722 0.044092 0.047005 0.050507 0.054644 0.059447 0.064884 0.070723 0.076786 0.083025 0.089420 0.095960 0.102640 0.109456 0.116404 0.123482 0.130685 0.138012 0.145459 0.153024 0.160703 0.168493 0.176393 0.184399 0.192509 0.200720 0.209030 0.217436 0.225937 0.234529 0.243211 0.251981 0.260836 0.269774 0.278794 0.287894 0.297071 0.306325 0.315653
0.038765 0.037830 0.036722 0.035454 0.034242 0.033260 0.032580 0.032233 0.032237 0.032606 0.033356 0.034504 0.036075 0.038094 0.040595 0.043614 0.047194 0.051378 0.056185 0.061591 0.067408 0.073445 0.079648 0.086009 0.092519 0.099169 0.105956 0.112874 0.119923 0.127099 0.134398 0.141819 0.149356 0.157008 0.164771 0.172644 0.180624 0.188707 0.196892 0.205177 0.213557 0.222032 0.230600 0.239257 0.248001 0.256832 0.265746 0.274742 0.283819 0.292973
0.037111 0.035537 0.033994 0.032401 0.030883 0.029586 0.028565 0.027839 0.027418 0.027307 0.027515 0.028052 0.028931 0.030172 0.031794 0.033824 0.036293 0.039237 0.042694 0.046701 0.051282 0.056421 0.062068 0.068019 0.074139 0.080397 0.086799 0.093350 0.100042 0.106868 0.113823 0.120901 0.128102 0.135424 0.142865 0.150424 0.158096 0.165879 0.173770 0.181765 0.189862 0.198060 0.206354 0.214745 0.223230 0.231806 0.240473 0.249227 0.258067 0.266991
0.034215 0.032914 0.031453 0.029820 0.028131 0.026576 0.025236 0.024141 0.023302 0.022725 0.022413 0.022371 0.022605 0.023126 0.023944 0.025076 0.026541 0.028360 0.030560 0.033172 0.036230 0.039766 0.043809 0.048366 0.053416 0.058931 0.064848 0.070976 0.077226 0.083584 0.090060 0.096671 0.103429 0.110332 0.117371 0.124536 0.131820 0.139217 0.146726 0.154345 0.162073 0.169912 0.177860 0.185915 0.194074 0.202335 0.210694 0.219147 0.227693 0.236329
0.033499 0.031698 0.029866 0.027939 0.025945 0.024062 0.022375 0.020911 0.019675 0.018666 0.017879 0.017314 0.016970 0.016847 0.016949 0.017283 0.017856 0.018680 0.019769 0.021141 0.022818 0.024825 0.027190 0.029943 0.033110 0.036714 0.040773 0.045285 0.050223 0.055562 0.061283 0.067375 0.073744 0.080239 0.086815 0.093473 0.100228 0.107094 0.114088 0.121220 0.128501 0.135928 0.143488 0.151169 0.158960 0.166856 0.174852 0.182945 0.191134 0.199420
0.032351 0.030401 0.028398 0.026302 0.024099 0.021953 0.019971 0.018186 0.016602 0.015214 0.014015 0.012997 0.012153 0.011477 0.010965 0.010614 0.010423 0.010397 0.010545 0.010877 0.011408 0.012152 0.013127 0.014350 0.015844 0.017631 0.019735 0.022179 0.024982 0.028161 0.031729 0.035697 0.040072 0.044840 0.049976 0.055457 0.061267 0.067400 0.073849 0.080617 0.087652 0.094798 0.101997 0.109247 0.116562 0.123961 0.131458 0.139067 0.146799 0.154663
0.030257 0.028410 0.026471 0.024411 0.022198 0.019963 0.017838 0.015869 0.014065 0.012421 0.010927 0.009573 0.008346 0.007237 0.006236 0.005336 0.004539 0.003879 0.003380 0.003045 0.002867 0.002840 0.002963 0.003235 0.003662 0.004248 0.005005 0.005942 0.007074 0.008413 0.009973 0.011779 0.013860 0.016241 0.018943 0.021980 0.025365 0.029108 0.033219 0.037706 0.042577 0.047819 0.053405 0.059311 0.065518 0.072017 0.078801 0.085870 0.093226 0.100874
0.031346 0.029015 0.026697 0.024337 0.021878 0.019401 0.017037 0.014827 0.012775 0.010871 0.009098 0.007440 0.005881 0.004405 0.003001 0.001710 0.000678 0.000248 0.000091 0.000033 0.000012 0.000004 0.000002 0.000001 0.000000 0.000000 0.000000 0.000000 0.000000 0.000000 0.000027 0.000228 0.000623 0.001214 0.002007 0.003010 0.004232 0.005682 0.007369 0.009305 0.011497 0.013957 0.016707 0.019767 0.023153 0.026878 0.030950 0.035378 0.040169 0.045332
0.030877 0.028646 0.026355 0.023978 0.021478 0.018924 0.016454 0.014116 0.011915 0.009840 0.007875 0.006001 0.004199 0.002456 0.000979 0.000358 0.000131 0.000048 0.000018 0.000006 0.000002 0.000001 0.000000 0.000000 0.000000 0.000000 0.000000 0.000000 0.000000 0.000000 0.000000 0.000000 0.000000 0.000000 0.000000 0.000000 0.000000 0.000000 0.000000 0.000000 0.000000 0.000083 0.000424 0.001023 0.001878 0.002990 0.004360 0.005992 0.007891 0.010062
0.029343 0.027211 0.025041 0.022785 0.020389 0.017895 0.015446 0.013098 0.010859 0.008720 0.006666 0.004677 0.002735 0.001079 0.000395 0.000145 0.000053 0.000019 0.000007 0.000003 0.000001 0.000000 0.000000 0.000000 0.000000 0.000000 0.000000 0.000000 0.000000 0.000000 0.000000 0.000000 0.000000 0.000000 0.000000 0.000000 0.000000 0.000000 0.000000 0.000000 0.000000 0.000000 0.000000 0.000000 0.000000 0.000000 0.000000 0.000000 0.000000 0.000000
0.029433 0.027278 0.025037 0.022694 0.020210 0.017617 0.015063 0.012612 0.010270 0.008028 0.005865 0.003760 0.001722 0.000630 0.000231 0.000084 0.000031 0.000011 0.000004 0.000002 0.000001 0.000000 0.000000 0.000000 0.000000 0.000000 0.000000 0.000000 0.000000 0.000000 0.000000 0.000000 0.000000 0.000000 0.000000 0.000000 0.000000 0.000000 0.000000 0.000000 0.000000 0.000000 0.000000 0.000000 0.000000 0.000000 0.000000 0.000000 0.000000 0.000000
0.029279 0.026961 0.024631 0.022242 0.019741 0.017149 0.014595 0.012135 0.009774 0.007500 0.005296 0.003139 0.001253 0.000459 0.000168 0.000061 0.000022 0.000008 0.000003 0.000001 0.000000 0.000000 0.000000 0.000000 0.000000 0.000000 0.000000 0.000000 0.000000 0.000000 0.000000 0.000000 0.000000 0.000000 0.000000 0.000000 0.000000 0.000000 0.000000 0.000000 0.000000 0.000000 0.000000 0.000000 0.000000 0.000000 0.000000 0.000000 0.000000 0.000000
0.027854 0.025809 0.023701 0.021503 0.019171 0.016697 0.014218 0.011810 0.009488 0.007241 0.005053 0.002901 0.001120 0.000410 0.000150 0.000055 0.000020 0.000007 0.000003 0.000001 0.000000 0.000000 0.000000 0.000000 0.000000 0.000000 0.000000 0.000000 0.000000 0.000000 0.000000 0.000000 0.000000 0.000000 0.000000 0.000000 0.000000 0.000000 0.000000 0.000000 0.000000 0.000000 0.000000 0.000000 0.000000 0.000000 0.000000 0.000000 0.000000 0.000000
0.027582 0.025706 0.023742 0.021664 0.019438 0.017039 0.014595 0.012199 0.009877 0.007624 0.005424 0.003257 0.001318 0.000483 0.000177 0.000065 0.000024 0.000009 0.000003 0.000001 0.000000 0.000000 0.000000 0.000000 0.000000 0.000000 0.000000 0.000000 0.000000 0.000000 0.000000 0.000000 0.000000 0.000000 0.000000 0.000000 0.000000 0.000000 0.000000 0.000000 0.000000 0.000000 0.000000 0.000000 0.000000 0.000000 0.000000 0.000000 0.000000 0.000000
0.029179 0.027014 0.024828 0.022581 0.020230 0.017738 0.015207 0.012740 0.010361 0.008064 0.005833 0.003645 0.001573 0.000576 0.000211 0.000077 0.000028 0.000010 0.000004 0.000001 0.000001 0.000000 0.000000 0.000000 0.000000 0.000000 0.000000 0.000000 0.000000 0.000000 0.000000 0.000000 0.000000 0.000000 0.000000 0.000000 0.000000 0.000000 0.000000 0.000000 0.000000 0.000000 0.000000 0.000000 0.000000 0.000000 0.000000 0.000000 0.000000 0.000000
0.027492 0.025634 0.023678 0.021614 0.019418 0.017060 0.014640 0.012271 0.009983 0.007774 0.005631 0.003532 0.001537 0.000563 0.000206 0.000075 0.000028 0.000010 0.000004 0.000001 0.000000 0.000000 0.000000 0.000000 0.000000 0.000000 0.000000 0.000000 0.000000 0.000000 0.000000 0.000000 0.000000 0.000000 0.000000 0.000000 0.000000 0.000000 0.000000 0.000000 0.000000 0.000000 0.000000 0.000000 0.000000 0.000000 0.000000 0.000000 0.000000 0.000000
0.026844 0.024817 0.022824 0.020805 0.018705 0.016475 0.014201 0.011983 0.009851 0.007800 0.005817 0.003882 0.001977 0.000725 0.000265 0.000097 0.000036 0.000013 0.000005 0.000002 0.000001 0.000000 0.000000 0.000000 0.000000 0.000000 0.000000 0.000000 0.000000 0.000000 0.000000 0.000000 0.000000 0.000000 0.000000 0.000000 0.000000 0.000000 0.000000 0.000000 0.000000 0.000000 0.000000 0.000000 0.000000 0.000000 0.000000 0.000000 0.000000 0.000000
0.026423 0.024870 0.023207 0.021431 0.019519 0.017447 0.015317 0.013240 0.011248 0.009341 0.007509 0.005737 0.004006 0.002319 0.000916 0.000335 0.000123 0.000045 0.000016 0.000006 0.000002 0.000001 0.000000 0.000000 0.000000 0.000000 0.000000 0.000000 0.000000 0.000000 0.000000 0.000000 0.000000 0.000000 0.000000 0.000000 0.000000 0.000000 0.000000 0.000000 0.000000 0.000000 0.000000 0.000000 0.000000 0.000000 0.000000 0.000000 0.000000 0.000000
0.028426 0.026733 0.025021 0.023251 0.021380 0.019370 0.017322 0.015344 0.013468 0.011694 0.010012 0.008407 0.006862 0.005363 0.003899 0.002512 0.001234 0.000452 0.000165 0.000061 0.000022 0.000008 0.000003 0.000001 0.000000 0.000000 0.000000 0.000000 0.000000 0.000000 0.000000 0.000000 0.000000 0.000000 0.000000 0.000000 0.000000 0.000000 0.000000 0.000000 0.000000 0.000000 0.000000 0.000000 0.000000 0.000000 0.000000 0.000000 0.000000 0.000000
0.027656 0.026408 0.025055 0.023584 0.021969 0.020185 0.018344 0.016565 0.014886 0.013311 0.011834 0.010445 0.009130 0.007877 0.006670 0.005501 0.004362 0.003264 0.002245 0.001313 0.000531 0.000194 0.000071 0.000026 0.000010 0.000003 0.000001 0.000000 0.000000 0.000000 0.000000 0.000000 0.000000 0.000000 0.000000 0.000000 0.000000 0.000000 0.000000 0.000000 0.000000 0.000000 0.000000 0.000000 0.000000 0.000000 0.000000 0.000000 0.000000 0.000000
0.027883 0.026570 0.025189 0.023722 0.022139 0.020416 0.018672 0.017015 0.015476 0.014060 0.012761 0.011567 0.010467 0.009449 0.008501 0.007612 0.006771 0.005969 0.005200 0.004462 0.003753 0.003093 0.002503 0.001981 0.001519 0.001108 0.000743 0.000417 0.000162 0.000059 0.000022 0.000008 0.000003 0.000001 0.000000 0.000000 0.000000 0.000000 0.000000 0.000018 0.000106 0.000270 0.000515 0.000845 0.001270 0.001796 0.002434 0.003194 0.004090 0.005133
0.027073 0.025786 0.024471 0.023097 0.021625 0.020033 0.018446 0.016961 0.015603 0.014375 0.013271 0.012282 0.011398 0.010609 0.009907 0.009283 0.008728 0.008236 0.007799 0.007411 0.007067 0.006764 0.006501 0.006279 0.006100 0.005963 0.005871 0.005823 0.005822 0.005880 0.006003 0.006195 0.006456 0.006790 0.007198 0.007684 0.008254 0.008913 0.009670 0.010531 0.011511 0.012627 0.013896 0.015335 0.016965 0.018805 0.020877 0.023205 0.025809 0.028714
0.027020 0.025833 0.024619 0.023344 0.021966 0.020481 0.019022 0.017669 0.016446 0.015355 0.014393 0.013552 0.012827 0.012209 0.011693 0.011272 0.010941 0.010697 0.010533 0.010447 0.010436 0.010498 0.010630 0.010834 0.011109 0.011456 0.011879 0.012381 0.012966 0.013639 0.014408 0.015281 0.016268 0.017378 0.018622 0.020013 0.021564 0.023290 0.025207 0.027333 0.029688 0.032294 0.035176 0.038362 0.041878 0.045756 0.050022 0.054699 0.059805 0.065354
0.027165 0.026282 0.025279 0.024157 0.022897 0.021506 0.020128 0.018853 0.017711 0.016708 0.015841 0.015106 0.014496 0.014007 0.013635 0.013374 0.013222 0.013176 0.013235 0.013398 0.013664 0.014035 0.014512 0.015098 0.015795 0.016609 0.017545 0.018610 0.019811 0.021159 0.022662 0.024333 0.026187 0.028238 0.030503 0.033002 0.035756 0.038787 0.042122 0.045788 0.049818 0.054244 0.059104 0.064430 0.070253 0.076594 0.083442 0.090766 0.098534 0.106721
0.026793 0.025966 0.025083 0.024111 0.023016 0.021776 0.020523 0.019362 0.018331 0.017439 0.016686 0.016070 0.015586 0.015231 0.015002 0.014897 0.014914 0.015054 0.015317 0.015704 0.016219 0.016864 0.017645 0.018568 0.019639 0.020868 0.022264 0.023838 0.025602 0.027572 0.029762 0.032191 0.034879 0.037847 0.041121 0.044726 0.048694 0.053057 0.057852 0.063120 0.068903 0.075244 0.082171 0.089674 0.097722 0.106217 0.114928 0.123759 0.132696 0.141750
0.026978 0.026173 0.025298 0.024334 0.023255 0.022033 0.020790 0.019648 0.018651 0.017808 0.017119 0.016579 0.016184 0.015930 0.015816 0.015838 0.015998 0.016296 0.016734 0.017316 0.018047 0.018932 0.019981 0.021200 0.022602 0.024198 0.026002 0.028029 0.030297 0.032825 0.035636 0.038753 0.042203 0.046016 0.050224 0.054863 0.059975 0.065603 0.071796 0.078603 0.086059 0.094150 0.102716 0.111523 0.120492 0.129614 0.138887 0.148301 0.157846 0.167515
0.027042 0.026224 0.025341 0.024369 0.023282 0.022066 0.020862 0.019773 0.018834 0.018054 0.017432 0.016965 0.016650 0.016485 0.016469 0.016602 0.016884 0.017320 0.017912 0.018667 0.019590 0.020692 0.021982 0.023472 0.025175 0.027108 0.029287 0.031732 0.034466 0.037513 0.040900 0.044657 0.048819 0.053421 0.058506 0.064119 0.070311 0.077137 0.084644 0.092831 0.101500 0.110428 0.119546 0.128830 0.138264 0.147840 0.157552 0.167397 0.177369 0.187465
0.027030 0.026155 0.025237 0.024249 0.023155 0.021973 0.020847 0.019849 0.019005 0.018319 0.017793 0.017424 0.017212 0.017155 0.017254 0.017512 0.017931 0.018517 0.019274 0.020211 0.021337 0.022662 0.024201 0.025966 0.027976 0.030248 0.032805 0.035669 0.038867 0.042429 0.046386 0.050776 0.055639 0.061019 0.066966 0.073535 0.080783 0.088741 0.097291 0.106166 0.115261 0.124534 0.133968 0.143552 0.153280 0.163147 0.173148 0.183280 0.193538 0.203919
0.025343 0.024846 0.024238 0.023510 0.022639 0.021654 0.020708 0.019877 0.019189 0.018654 0.018275 0.018052 0.017986 0.018080 0.018335 0.018756 0.019348 0.020118 0.021074 0.022226 0.023585 0.025165 0.026982 0.029051 0.031395 0.034034 0.036993 0.040300 0.043985 0.048083 0.052632 0.057674 0.063256 0.069431 0.076255 0.083782 0.091995 0.100651 0.109568 0.118686 0.127978 0.137431 0.147037 0.156790 0.166687 0.176723 0.186893 0.197193 0.207621 0.218171
0.026026 0.025438 0.024815 0.024118 0.023307 0.022379 0.021486 0.020718 0.020106 0.019658 0.019378 0.019265 0.019321 0.019548 0.019948 0.020527 0.021292 0.022249 0.023409 0.024783 0.026385 0.028231 0.030337 0.032724 0.035415 0.038434 0.041809 0.045573 0.049759 0.054406 0.059559 0.065264 0.071577 0.078555 0.086242 0.094525 0.103147 0.112001 0.121047 0.130267 0.139650 0.149191 0.158884 0.168725 0.178709 0.188833 0.199091 0.209482 0.220000 0.230642
0.026655 0.026306 0.025829 0.025224 0.024476 0.023594 0.022738 0.022008 0.021442 0.021051 0.020838 0.020805 0.020954 0.021286 0.021807 0.022522 0.023437 0.024563 0.025910 0.027491 0.029320 0.031416 0.033798 0.036487 0.039509 0.042892 0.046667 0.050868 0.055535 0.060710 0.066442 0.072784 0.079798 0.087513 0.095736 0.104256 0.112998 0.121930 0.131037 0.140312 0.149748 0.159340 0.169084 0.178976 0.189011 0.199186 0.209497 0.219939 0.230511 0.241207
0.027020 0.026646 0.026188 0.025628 0.024942 0.024138 0.023368 0.022726 0.022246 0.021941 0.021818 0.021880 0.022128 0.022569 0.023207 0.024048 0.025103 0.026381 0.027894 0.029657 0.031687 0.034002 0.036625 0.039578 0.042890 0.046591 0.050715 0.055300 0.060387 0.066025 0.072266 0.079169 0.086772 0.094872 0.103272 0.111896 0.120712 0.129706 0.138870 0.148198 0.157686 0.167328 0.177122 0.187062 0.197145 0.207367 0.217724 0.228213 0.238830 0.249572
0.027985 0.027318 0.026671 0.025998 0.025254 0.024419 0.023632 0.022993 0.022533 0.022264 0.022187 0.022306 0.022621 0.023136 0.023858 0.024792 0.025950 0.027341 0.028979 0.030879 0.033060 0.035542 0.038347 0.041502 0.045035 0.048979 0.053370 0.058249 0.063661 0.069656 0.076292 0.083627 0.091549 0.099818 0.108329 0.117040 0.125934 0.135000 0.144233 0.153627 0.163179 0.172883 0.182736 0.192734 0.202873 0.213149 0.223559 0.234100 0.244767 0.255558
0.025812 0.025755 0.025520 0.025128 0.024579 0.023888 0.023210 0.022654 0.022260 0.022045 0.022018 0.022183 0.022544 0.023108 0.023881 0.024871 0.026090 0.027548 0.029260 0.031242 0.033514 0.036097 0.039013 0.042291 0.045961 0.050057 0.054615 0.059679 0.065296 0.071517 0.078403 0.085990 0.094070 0.102448 0.111050 0.119843 0.128812 0.137952 0.147254 0.156716 0.166332 0.176098 0.186011 0.196067 0.206263 0.216593 0.227056 0.237648 0.248366 0.259206
0.027500 0.026801 0.026133 0.025447 0.024696 0.023867 0.023102 0.022491 0.022064 0.021831 0.021796 0.021960 0.022326 0.022899 0.023684 0.024690 0.025927 0.027408 0.029145 0.031156 0.033461 0.036080 0.039037 0.042362 0.046083 0.050236 0.054858 0.059993 0.065689 0.071999 0.078983 0.086665 0.094816 0.103256 0.111912 0.120757 0.129777 0.138964 0.148313 0.157819 0.167479 0.177288 0.187243 0.197340 0.207575 0.217944 0.228445 0.239074 0.249828 0.260704
0.026292 0.025938 0.025488 0.024938 0.024269 0.023507 0.022802 0.022239 0.021847 0.021640 0.021623 0.021799 0.022173 0.022750 0.023535 0.024539 0.025771 0.027243 0.028970 0.030968 0.033257 0.035857 0.038793 0.042093 0.045788 0.049910 0.054499 0.059597 0.065252 0.071517 0.078452 0.086093 0.094228 0.102663 0.111320 0.120167 0.129191 0.138383 0.147738 0.157251 0.166918 0.176736 0.186701 0.196808 0.207054 0.217437 0.227951 0.238595 0.249365 0.260258
0.026363 0.025958 0.025488 0.024935 0.024270 0.023512 0.022811 0.022252 0.021863 0.021656 0.021635 0.021802 0.022161 0.022718 0.023478 0.024451 0.025645 0.027073 0.028749 0.030689 0.032912 0.035438 0.038292 0.041500 0.045092 0.049101 0.053565 0.058525 0.064026 0.070123 0.076871 0.084330 0.092359 0.100724 0.109329 0.118132 0.127117 0.136274 0.145599 0.155086 0.164730 0.174528 0.184475 0.194569 0.204805 0.215180 0.225690 0.236331 0.247102 0.257997
0.026761 0.026219 0.025661 0.025051 0.024350 0.023563 0.022832 0.022242 0.021820 0.021578 0.021518 0.021642 0.021954 0.022457 0.023158 0.024063 0.025183 0.026528 0.028111 0.029949 0.032057 0.034458 0.037172 0.040226 0.043648 0.047470 0.051727 0.056459 0.061711 0.067532 0.073977 0.081108 0.088922 0.097169 0.105693 0.114434 0.123368 0.132481 0.141768 0.151221 0.160837 0.170611 0.180540 0.190619 0.200844 0.211211 0.221717 0.232359 0.243132 0.254034
0.024229 0.024242 0.024076 0.023751 0.023266 0.022628 0.021985 0.021441 0.021039 0.020795 0.020717 0.020809 0.021075 0.021521 0.022152 0.022976 0.024001 0.025240 0.026703 0.028406 0.030365 0.032600 0.035132 0.037984 0.041184 0.044763 0.048753 0.053192 0.058122 0.063589 0.069646 0.076352 0.083768 0.091822 0.100257 0.108951 0.117856 0.126951 0.136225 0.145672 0.155287 0.165064 0.174999 0.185088 0.195327 0.205711 0.216237 0.226901 0.237699 0.248628
0.024273 0.023947 0.023603 0.023194 0.022678 0.022022 0.021319 0.020702 0.020222 0.019897 0.019734 0.019735 0.019904 0.020245 0.020762 0.021463 0.022356 0.023449 0.024756 0.026290 0.028065 0.030101 0.032416 0.035034 0.037979 0.041280 0.044969 0.049081 0.053654 0.058733 0.064366 0.070607 0.077519 0.085161 0.093439 0.102093 0.111003 0.120122 0.129430 0.138915 0.148571 0.158392 0.168373 0.178510 0.188797 0.199232 0.209809 0.220525 0.231376 0.242358
0.025514 0.025130 0.024620 0.024001 0.023272 0.022414 0.021503 0.020679 0.019998 0.019482 0.019136 0.018964 0.018965 0.019143 0.019499 0.020039 0.020768 0.021694 0.022828 0.024180 0.025765 0.027599 0.029699 0.032086 0.034784 0.037820 0.041222 0.045024 0.049261 0.053976 0.059214 0.065026 0.071468 0.078605 0.086497 0.095033 0.103944 0.113109 0.122478 0.132031 0.141756 0.151646 0.161696 0.171900 0.182255 0.192756 0.203399 0.214179 0.225094 0.236139
0.025538 0.024835 0.024158 0.023461 0.022704 0.021842 0.020904 0.020034 0.019304 0.018735 0.018335 0.018104 0.018043 0.018151 0.018431 0.018888 0.019527 0.020354 0.021379 0.022614 0.024070 0.025763 0.027711 0.029932 0.032450 0.035289 0.038478 0.042048 0.046033 0.050473 0.055411 0.060895 0.066980 0.073726 0.081201 0.089456 0.098292 0.107463 0.116868 0.126465 0.136237 0.146174 0.156270 0.166520 0.176918 0.187462 0.198146 0.208967 0.219921 0.231004
0.024435 0.024074 0.023623 0.023074 0.022416 0.021621 0.020720 0.019868 0.019143 0.018572 0.018163 0.017917 0.017836 0.017919 0.018170 0.018593 0.019192 0.019974 0.020949 0.022126 0.023519 0.025141 0.027011 0.029146 0.031569 0.034303 0.037376 0.040818 0.044664 0.048950 0.053720 0.059018 0.064899 0.071420 0.078647 0.086653 0.095354 0.104456 0.113819 0.123384 0.133129 0.143042 0.153116 0.163344 0.173723 0.184247 0.194914 0.205718 0.216656 0.227724
0.024779 0.024461 0.024021 0.023467 0.022791 0.021973 0.021078 0.020249 0.019548 0.018996 0.018602 0.018367 0.018293 0.018383 0.018638 0.019062 0.019663 0.020445 0.021419 0.022595 0.023984 0.025602 0.027466 0.029593 0.032005 0.034726 0.037783 0.041206 0.045028 0.049287 0.054023 0.059283 0.065118 0.071587 0.078753 0.086687 0.095292 0.104285 0.113537 0.122996 0.132637 0.142451 0.152429 0.162566 0.172857 0.183298 0.193884 0.204611 0.215475 0.226472
0.025219 0.024609 0.024007 0.023372 0.022664 0.021847 0.020996 0.020231 0.019599 0.019116 0.018789 0.018618 0.018607 0.018756 0.019070 0.019552 0.020210 0.021050 0.022081 0.023315 0.024763 0.026442 0.028367 0.030557 0.033034 0.035823 0.038949 0.042443 0.046339 0.050673 0.055488 0.060829 0.066749 0.073305 0.080561 0.088570 0.097131 0.106020 0.115147 0.124474 0.133985 0.143670 0.153523 0.163538 0.173710 0.184035 0.194508 0.205125 0.215882 0.226776
0.024112 0.023827 0.023429 0.022927 0.022314 0.021569 0.020765 0.020038 0.019447 0.019010 0.018733 0.018617 0.018664 0.018874 0.019252 0.019802 0.020528 0.021440 0.022547 0.023858 0.025388 0.027151 0.029164 0.031447 0.034022 0.036912 0.040146 0.043753 0.047768 0.052228 0.057176 0.062658 0.068727 0.075441 0.082867 0.090979 0.099514 0.108324 0.117352 0.126572 0.135972 0.145546 0.155287 0.165191 0.175253 0.185468 0.195833 0.206343 0.216995 0.227785
0.024147 0.023713 0.023256 0.022744 0.022149 0.021438 0.020662 0.019959 0.019390 0.018974 0.018720 0.018629 0.018702 0.018943 0.019354 0.019941 0.020708 0.021664 0.022818 0.024182 0.025768 0.027593 0.029673 0.032027 0.034679 0.037652 0.040976 0.044679 0.048798 0.053370 0.058437 0.064049 0.070257 0.077122 0.084704 0.092869 0.101380 0.110135 0.119094 0.128240 0.137563 0.147057 0.156717 0.166538 0.176516 0.186648 0.196928 0.207354 0.217922 0.228627
0.023974 0.023649 0.023245 0.022755 0.022166 0.021452 0.020663 0.019944 0.019362 0.018938 0.018680 0.018588 0.018664 0.018909 0.019327 0.019922 0.020700 0.021669 0.022840 0.024222 0.025829 0.027678 0.029785 0.032170 0.034856 0.037867 0.041232 0.044983 0.049153 0.053782 0.058912 0.064593 0.070877 0.077826 0.085483 0.093653 0.102135 0.110848 0.119758 0.128852 0.138121 0.147560 0.157164 0.166928 0.176849 0.186922 0.197144 0.207512 0.218021 0.228667
0.022686 0.022520 0.022243 0.021856 0.021348 0.020702 0.019990 0.019345 0.018824 0.018448 0.018227 0.018163 0.018260 0.018521 0.018950 0.019552 0.020334 0.021305 0.022474 0.023854 0.025457 0.027299 0.029399 0.031776 0.034453 0.037455 0.040810 0.044551 0.048711 0.053329 0.058450 0.064121 0.070396 0.077337 0.084980 0.093121 0.101565 0.110238 0.119109 0.128163 0.137393 0.146792 0.156357 0.166082 0.175965 0.186001 0.196186 0.206517 0.216989 0.227601
0.023393 0.022843 0.022298 0.021722 0.021082 0.020344 0.019569 0.018882 0.018333 0.017938 0.017701 0.017624 0.017707 0.017953 0.018365 0.018948 0.019708 0.020653 0.021794 0.023141 0.024708 0.026510 0.028566 0.030895 0.033520 0.036465 0.039759 0.043433 0.047522 0.052065 0.057104 0.062688 0.068871 0.075712 0.083262 0.091341 0.099740 0.108374 0.117210 0.126232 0.135432 0.144804 0.154343 0.164045 0.173905 0.183920 0.194086 0.204400 0.214856 0.225452
0.022150 0.021892 0.021530 0.021067 0.020494 0.019796 0.019044 0.018365 0.017813 0.017406 0.017150 0.017048 0.017102 0.017315 0.017689 0.018230 0.018944 0.019839 0.020924 0.022211 0.023713 0.025445 0.027424 0.029671 0.032207 0.035057 0.038248 0.041812 0.045783 0.050200 0.055103 0.060542 0.066569 0.073243 0.080628 0.088615 0.096963 0.105563 0.114373 0.123375 0.132558 0.141916 0.151444 0.161138 0.170993 0.181004 0.191169 0.201482 0.211941 0.222541
0.022113 0.021731 0.021283 0.020761 0.020148 0.019423 0.018642 0.017932 0.017347 0.016904 0.016610 0.016467 0.016477 0.016641 0.016964 0.017450 0.018105 0.018935 0.019952 0.021166 0.022589 0.024237 0.026126 0.028276 0.030708 0.033447 0.036521 0.039958 0.043793 0.048065 0.052813 0.058086 0.063934 0.070417 0.077600 0.085466 0.093763 0.102341 0.111142 0.120141 0.129325 0.138687 0.148223 0.157925 0.167791 0.177816 0.187995 0.198325 0.208801 0.219420
0.022815 0.022111 0.021433 0.020746 0.020020 0.019220 0.018370 0.017591 0.016940 0.016438 0.016088 0.015891 0.015849 0.015963 0.016234 0.016667 0.017268 0.018042 0.018999 0.020149 0.021505 0.023081 0.024894 0.026963 0.029308 0.031953 0.034927 0.038257 0.041977 0.046125 0.050742 0.055873 0.061570 0.067890 0.074897 0.082632 0.090886 0.099458 0.108266 0.117278 0.126479 0.135860 0.145415 0.155139 0.165027 0.175075 0.185277 0.195631 0.206132 0.216776
0.020393 0.020206 0.019917 0.019528 0.019031 0.018412 0.017676 0.016955 0.016336 0.015851 0.015510 0.015317 0.015273 0.015381 0.015642 0.016061 0.016644 0.017397 0.018330 0.019453 0.020777 0.022319 0.024094 0.026120 0.028420 0.031015 0.033934 0.037206 0.040864 0.044944 0.049487 0.054539 0.060150 0.066377 0.073285 0.080932 0.089159 0.097732 0.106552 0.115580 0.124798 0.134197 0.143770 0.153512 0.163418 0.173483 0.183704 0.194075 0.204594 0.215256
