0.182344 0.186060 0.190131 0.194697 0.199715 0.204952 0.210302 0.215728 0.221217 0.226765 0.232372 0.238040 0.243769 0.249557 0.255405 0.261311 0.267275 0.273296 0.279373 0.285505 0.291692 0.297932 0.304224 0.310569 0.316964 0.323409 0.329904 0.336447 0.343038 0.349676 0.356359 0.363088 0.369862 0.376679 0.383540 0.390443 0.397387 0.404372 0.411398 0.418463 0.425567 0.432709 0.439889 0.447105 0.454358 0.461647 0.468970 0.476328 0.483720 0.491145
0.187016 0.189754 0.193192 0.197356 0.202081 0.207101 0.212293 0.217604 0.223007 0.228489 0.234045 0.239670 0.245362 0.251117 0.256934 0.262812 0.268749 0.274743 0.280795 0.286903 0.293066 0.299283 0.305553 0.311876 0.318250 0.324675 0.331151 0.337675 0.344248 0.350869 0.357536 0.364249 0.371008 0.377811 0.384658 0.391547 0.398479 0.405452 0.412467 0.419521 0.426614 0.433746 0.440916 0.448124 0.455368 0.462648 0.469963 0.477313 0.484698 0.492115
0.183273 0.188160 0.193093 0.198299 0.203696 0.209147 0.214613 0.220092 0.225593 0.231126 0.236701 0.242324 0.247999 0.253729 0.259516 0.265360 0.271262 0.277220 0.283236 0.289309 0.295438 0.301622 0.307860 0.314152 0.320498 0.326895 0.333344 0.339843 0.346391 0.352989 0.359634 0.366326 0.373065 0.379849 0.386677 0.393549 0.400465 0.407422 0.414421 0.421460 0.428540 0.435658 0.442816 0.450010 0.457242 0.464511 0.471815 0.479154 0.486528 0.493936
0.196252 0.198229 0.201150 0.204959 0.209348 0.214070 0.219008 0.224101 0.229318 0.234640 0.240056 0.245556 0.251136 0.256791 0.262517 0.268310 0.274169 0.280092 0.286076 0.292122 0.298226 0.304388 0.310607 0.316881 0.323210 0.329592 0.336026 0.342512 0.349048 0.355634 0.362268 0.368949 0.375678 0.382452 0.389271 0.396134 0.403040 0.409989 0.416979 0.424011 0.431082 0.438193 0.445342 0.452530 0.459754 0.467015 0.474312 0.481644 0.489011 0.496411
0.189653 0.194305 0.199132 0.204289 0.209612 0.214987 0.220384 0.225805 0.231256 0.236748 0.242290 0.247885 0.253538 0.259251 0.265023 0.270856 0.276749 0.282701 0.288713 0.294783 0.300910 0.307093 0.313332 0.319625 0.325971 0.332370 0.338820 0.345320 0.351869 0.358468 0.365113 0.371806 0.378544 0.385327 0.392154 0.399024 0.405937 0.412892 0.419888 0.426924 0.433999 0.441113 0.448265 0.455455 0.462681 0.469944 0.477241 0.484574 0.491941 0.499341
0.195213 0.198549 0.202504 0.207072 0.211990 0.217101 0.222339 0.227677 0.233100 0.238600 0.244175 0.249820 0.255533 0.261312 0.267153 0.273055 0.279017 0.285036 0.291112 0.297244 0.303429 0.309668 0.315958 0.322300 0.328692 0.335133 0.341623 0.348161 0.354745 0.361375 0.368051 0.374771 0.381536 0.388343 0.395192 0.402084 0.409016 0.415988 0.423001 0.430052 0.437141 0.444268 0.451432 0.458633 0.465870 0.473141 0.480447 0.487788 0.495161 0.502568
0.195829 0.199027 0.203002 0.207672 0.212729 0.217999 0.223406 0.228912 0.234497 0.240153 0.245874 0.251655 0.257494 0.263388 0.269335 0.275335 0.281386 0.287487 0.293639 0.299839 0.306088 0.312385 0.318730 0.325122 0.331560 0.338044 0.344574 0.351148 0.357768 0.364430 0.371136 0.377885 0.384676 0.391508 0.398382 0.405295 0.412248 0.419240 0.426271 0.433340 0.440446 0.447589 0.454768 0.461983 0.469233 0.476517 0.483835 0.491186 0.498571 0.505987
0.188933 0.194973 0.200979 0.207086 0.213161 0.219159 0.225090 0.230976 0.236837 0.242695 0.248564 0.254455 0.260376 0.266333 0.272328 0.278366 0.284447 0.290573 0.296746 0.302965 0.309231 0.315544 0.321904 0.328310 0.334763 0.341261 0.347805 0.354394 0.361027 0.367704 0.374424 0.381187 0.387992 0.394838 0.401726 0.408653 0.415620 0.422626 0.429671 0.436753 0.443873 0.451029 0.458221 0.465448 0.472710 0.480007 0.487337 0.494700 0.502096 0.509524
0.207986 0.209982 0.213086 0.217093 0.221630 0.226487 0.231562 0.236797 0.242158 0.247627 0.253191 0.258839 0.264565 0.270364 0.276231 0.282163 0.288159 0.294214 0.300329 0.306501 0.312728 0.319010 0.325344 0.331731 0.338169 0.344657 0.351194 0.357778 0.364410 0.371087 0.377810 0.384578 0.391388 0.398242 0.405137 0.412074 0.419051 0.426067 0.433123 0.440217 0.447348 0.454516 0.461721 0.468961 0.476236 0.483545 0.490888 0.498264 0.505673 0.513113
0.203871 0.208633 0.213537 0.218709 0.223987 0.229303 0.234650 0.240037 0.245474 0.250972 0.256536 0.262170 0.267874 0.273649 0.279493 0.285404 0.291382 0.297424 0.303528 0.309694 0.315918 0.322199 0.328537 0.334928 0.341373 0.347869 0.354416 0.361012 0.367656 0.374348 0.381085 0.387867 0.394694 0.401563 0.408475 0.415429 0.422423 0.429456 0.436529 0.443640 0.450789 0.457974 0.465196 0.472453 0.479745 0.487072 0.494431 0.501824 0.509249 0.516706
0.211002 0.213341 0.216740 0.220995 0.225741 0.230781 0.236017 0.241396 0.246888 0.252476 0.258149 0.263899 0.269721 0.275610 0.281562 0.287576 0.293649 0.299779 0.305965 0.312206 0.318500 0.324847 0.331245 0.337693 0.344190 0.350736 0.357329 0.363969 0.370655 0.377386 0.384160 0.390979 0.397839 0.404742 0.411685 0.418669 0.425692 0.432755 0.439855 0.446993 0.454167 0.461378 0.468624 0.475905 0.483221 0.490570 0.497952 0.505366 0.512812 0.520290
0.198184 0.204285 0.210380 0.216593 0.222784 0.228906 0.234965 0.240983 0.246979 0.252973 0.258977 0.265003 0.271058 0.277146 0.283272 0.289438 0.295646 0.301896 0.308191 0.314529 0.320913 0.327342 0.333815 0.340333 0.346895 0.353502 0.360152 0.366845 0.373581 0.380359 0.387179 0.394040 0.400942 0.407883 0.414864 0.421883 0.428941 0.436036 0.443168 0.450337 0.457541 0.464781 0.472055 0.479363 0.486704 0.494079 0.501486 0.508924 0.516394 0.523895
0.210841 0.213879 0.217857 0.222607 0.227780 0.233192 0.238755 0.244426 0.250181 0.256008 0.261900 0.267853 0.273863 0.279926 0.286043 0.292210 0.298428 0.304695 0.311010 0.317373 0.323783 0.330240 0.336743 0.343292 0.349886 0.356524 0.363205 0.369930 0.376697 0.383507 0.390357 0.397249 0.404180 0.411151 0.418161 0.425209 0.432295 0.439418 0.446577 0.453773 0.461003 0.468268 0.475567 0.482900 0.490266 0.497664 0.505094 0.512556 0.520048 0.527571
0.211477 0.216039 0.220961 0.226245 0.231689 0.237212 0.242791 0.248424 0.254112 0.259860 0.265671 0.271545 0.277483 0.283484 0.289545 0.295667 0.301847 0.308083 0.314376 0.320722 0.327122 0.333573 0.340074 0.346624 0.353223 0.359868 0.366560 0.373297 0.380078 0.386902 0.393769 0.400677 0.407627 0.414617 0.421646 0.428713 0.435819 0.442962 0.450141 0.457356 0.464607 0.471892 0.479212 0.486565 0.493950 0.501368 0.508818 0.516299 0.523811 0.531353
0.218406 0.221740 0.225876 0.230627 0.235710 0.240993 0.246415 0.251946 0.257570 0.263278 0.269064 0.274925 0.280856 0.286855 0.292919 0.299044 0.305231 0.311475 0.317776 0.324133 0.330543 0.337006 0.343519 0.350083 0.356695 0.363355 0.370061 0.376813 0.383610 0.390450 0.397333 0.404258 0.411224 0.418231 0.425277 0.432362 0.439485 0.446645 0.453842 0.461075 0.468343 0.475646 0.482983 0.490353 0.497756 0.505192 0.512659 0.520157 0.527685 0.535244
0.215065 0.219871 0.225081 0.230649 0.236361 0.242132 0.247938 0.253777 0.259651 0.265566 0.271525 0.277533 0.283590 0.289697 0.295855 0.302064 0.308323 0.314632 0.320992 0.327400 0.333857 0.340362 0.346915 0.353514 0.360160 0.366851 0.373586 0.380365 0.387187 0.394052 0.400959 0.407906 0.414894 0.421922 0.428988 0.436093 0.443235 0.450415 0.457630 0.464881 0.472168 0.479488 0.486843 0.494230 0.501650 0.509103 0.516586 0.524101 0.531646 0.539221
0.219553 0.223525 0.228226 0.233505 0.239069 0.244779 0.250581 0.256448 0.262370 0.268343 0.274365 0.280437 0.286556 0.292724 0.298940 0.305203 0.311513 0.317870 0.324274 0.330724 0.337221 0.343763 0.350350 0.356982 0.363659 0.370379 0.377143 0.383949 0.390798 0.397688 0.404619 0.411590 0.418600 0.425650 0.432738 0.439863 0.447026 0.454226 0.461461 0.468731 0.476036 0.483376 0.490748 0.498154 0.505592 0.513062 0.520563 0.528095 0.535657 0.543248
0.221245 0.226024 0.231251 0.236831 0.242556 0.248347 0.254181 0.260052 0.265962 0.271915 0.277917 0.283968 0.290070 0.296224 0.302429 0.308686 0.314993 0.321352 0.327760 0.334218 0.340724 0.347278 0.353879 0.360526 0.367219 0.373957 0.380739 0.387565 0.394433 0.401342 0.408293 0.415285 0.422316 0.429386 0.436495 0.443641 0.450824 0.458043 0.465299 0.472589 0.479914 0.487273 0.494665 0.502090 0.509546 0.517035 0.524554 0.532104 0.539684 0.547293
0.228906 0.232705 0.237185 0.242189 0.247468 0.252911 0.258473 0.264131 0.269875 0.275700 0.281602 0.287577 0.293621 0.299733 0.305908 0.312145 0.318441 0.324794 0.331203 0.337665 0.344180 0.350745 0.357360 0.364023 0.370734 0.377491 0.384292 0.391138 0.398027 0.404959 0.411932 0.418946 0.425999 0.433092 0.440223 0.447392 0.454597 0.461839 0.469116 0.476428 0.483774 0.491154 0.498567 0.506013 0.513490 0.520999 0.528538 0.536107 0.543706 0.551334
0.230811 0.234454 0.238898 0.243958 0.249340 0.254906 0.260595 0.266378 0.272241 0.278175 0.284177 0.290244 0.296372 0.302560 0.308805 0.315106 0.321461 0.327869 0.334329 0.340839 0.347399 0.354007 0.360662 0.367364 0.374112 0.380904 0.387741 0.394620 0.401541 0.408504 0.415507 0.422550 0.429632 0.436752 0.443910 0.451105 0.458337 0.465604 0.472906 0.480242 0.487612 0.495015 0.502450 0.509918 0.517417 0.524946 0.532506 0.540096 0.547715 0.555362
0.224784 0.230611 0.236639 0.242873 0.249135 0.255368 0.261568 0.267750 0.273928 0.280116 0.286326 0.292565 0.298840 0.305153 0.311507 0.317903 0.324343 0.330828 0.337357 0.343930 0.350548 0.357210 0.363916 0.370664 0.377456 0.384289 0.391165 0.398081 0.405038 0.412034 0.419070 0.426144 0.433255 0.440405 0.447590 0.454812 0.462069 0.469361 0.476688 0.484048 0.491440 0.498866 0.506323 0.513812 0.521331 0.528881 0.536460 0.544069 0.551707 0.559372
0.237141 0.240192 0.244284 0.249152 0.254449 0.260005 0.265734 0.271590 0.277545 0.283584 0.289696 0.295876 0.302117 0.308415 0.314767 0.321172 0.327626 0.334129 0.340680 0.347277 0.353920 0.360608 0.367339 0.374114 0.380932 0.387791 0.394691 0.401632 0.408613 0.415634 0.422692 0.429789 0.436923 0.444094 0.451301 0.458544 0.465821 0.473133 0.480478 0.487857 0.495268 0.502712 0.510187 0.517692 0.525229 0.532795 0.540390 0.548015 0.555668 0.563349
0.233529 0.238942 0.244660 0.250620 0.256649 0.262693 0.268744 0.274810 0.280901 0.287025 0.293189 0.299399 0.305657 0.311964 0.318321 0.324728 0.331184 0.337689 0.344243 0.350844 0.357491 0.364185 0.370923 0.377706 0.384532 0.391401 0.398312 0.405264 0.412256 0.419288 0.426359 0.433468 0.440614 0.447798 0.455017 0.462272 0.469562 0.476887 0.484245 0.491636 0.499059 0.506515 0.514002 0.521519 0.529067 0.536645 0.544252 0.551888 0.559552 0.567244
0.241894 0.245839 0.250550 0.255808 0.261345 0.267044 0.272853 0.278748 0.284718 0.290757 0.296860 0.303027 0.309254 0.315539 0.321881 0.328277 0.334726 0.341227 0.347778 0.354379 0.361027 0.367722 0.374464 0.381250 0.388081 0.394955 0.401871 0.408829 0.415827 0.422866 0.429944 0.437060 0.444213 0.451404 0.458631 0.465894 0.473192 0.480524 0.487890 0.495289 0.502720 0.510184 0.517678 0.525204 0.532760 0.540345 0.547960 0.555603 0.563275 0.570974
0.243881 0.248048 0.252926 0.258314 0.263957 0.269744 0.275628 0.281588 0.287615 0.293703 0.299851 0.306057 0.312318 0.318634 0.325003 0.331423 0.337894 0.344414 0.350982 0.357598 0.364261 0.370970 0.377723 0.384521 0.391362 0.398246 0.405171 0.412138 0.419145 0.426191 0.433277 0.440400 0.447561 0.454759 0.461993 0.469263 0.476568 0.483906 0.491279 0.498684 0.506122 0.513592 0.521093 0.528624 0.536186 0.543778 0.551399 0.559048 0.566725 0.574430
0.241977 0.247265 0.252997 0.259032 0.265161 0.271313 0.277472 0.283641 0.289826 0.296037 0.302281 0.308562 0.314885 0.321250 0.327660 0.334115 0.340616 0.347162 0.353753 0.360389 0.367070 0.373796 0.380564 0.387376 0.394231 0.401126 0.408064 0.415041 0.422058 0.429115 0.436210 0.443342 0.450512 0.457718 0.464961 0.472238 0.479550 0.486896 0.494276 0.501688 0.509132 0.516609 0.524116 0.531654 0.539222 0.546819 0.554445 0.562100 0.569783 0.577494
0.249296 0.253335 0.258133 0.263424 0.268983 0.274707 0.280549 0.286486 0.292504 0.298594 0.304751 0.310972 0.317253 0.323591 0.329984 0.336430 0.342927 0.349473 0.356067 0.362709 0.369397 0.376131 0.382909 0.389730 0.396594 0.403500 0.410447 0.417434 0.424461 0.431527 0.438632 0.445773 0.452952 0.460168 0.467418 0.474704 0.482024 0.489378 0.496765 0.504185 0.511637 0.519120 0.526634 0.534179 0.541753 0.549357 0.556989 0.564650 0.572339 0.580055
0.249274 0.253628 0.258711 0.264248 0.270005 0.275884 0.281846 0.287874 0.293960 0.300103 0.306301 0.312554 0.318861 0.325220 0.331631 0.338092 0.344602 0.351162 0.357769 0.364422 0.371122 0.377866 0.384655 0.391487 0.398362 0.405278 0.412236 0.419233 0.426271 0.433346 0.440460 0.447612 0.454800 0.462024 0.469284 0.476578 0.483906 0.491268 0.498663 0.506090 0.513549 0.521040 0.528561 0.536112 0.543692 0.551302 0.558941 0.566607 0.574301 0.582023
0.245720 0.251457 0.257488 0.263673 0.269877 0.276069 0.282251 0.288437 0.294639 0.300866 0.307128 0.313431 0.319776 0.326167 0.332605 0.339089 0.345620 0.352198 0.358821 0.365490 0.372204 0.378962 0.385764 0.392608 0.399494 0.406421 0.413389 0.420396 0.427443 0.434528 0.441651 0.448811 0.456007 0.463239 0.470506 0.477807 0.485142 0.492511 0.499912 0.507346 0.514811 0.522307 0.529833 0.537390 0.544976 0.552590 0.560234 0.567905 0.575604 0.583329
0.255124 0.258068 0.262156 0.266990 0.272259 0.277805 0.283544 0.289429 0.295427 0.301520 0.307693 0.313940 0.320252 0.326625 0.333054 0.339536 0.346069 0.352652 0.359281 0.365958 0.372679 0.379444 0.386253 0.393104 0.399996 0.406930 0.413903 0.420916 0.427968 0.435058 0.442185 0.449349 0.456549 0.463784 0.471055 0.478360 0.485698 0.493070 0.500475 0.507911 0.515379 0.522878 0.530407 0.537966 0.545554 0.553172 0.560817 0.568491 0.576192 0.583920
0.243445 0.249735 0.256190 0.262718 0.269196 0.275606 0.281961 0.288285 0.294596 0.300909 0.307240 0.313596 0.319985 0.326411 0.332877 0.339383 0.345933 0.352525 0.359160 0.365839 0.372560 0.379325 0.386131 0.392979 0.399869 0.406799 0.413769 0.420779 0.427827 0.434914 0.442038 0.449199 0.456396 0.463629 0.470898 0.478200 0.485537 0.492907 0.500309 0.507744 0.515211 0.522708 0.530237 0.537795 0.545383 0.552999 0.560645 0.568318 0.576019 0.583747
0.251563 0.255480 0.260237 0.265550 0.271151 0.276919 0.282801 0.288771 0.294815 0.300925 0.307098 0.313330 0.319621 0.325967 0.332367 0.338820 0.345323 0.351877 0.358478 0.365128 0.371823 0.378565 0.385351 0.392180 0.399053 0.405968 0.412924 0.419920 0.426957 0.434032 0.441146 0.448298 0.455487 0.462712 0.469972 0.477268 0.484598 0.491962 0.499359 0.506789 0.514251 0.521744 0.529268 0.536823 0.544407 0.552021 0.559663 0.567334 0.575033 0.582759
0.251271 0.255171 0.259844 0.265034 0.270503 0.276145 0.281913 0.287781 0.293737 0.299770 0.305876 0.312050 0.318290 0.324592 0.330952 0.337370 0.343842 0.350367 0.356943 0.363568 0.370242 0.376963 0.383731 0.390543 0.397399 0.404299 0.411241 0.418224 0.425248 0.432312 0.439414 0.446556 0.453734 0.460950 0.468202 0.475490 0.482812 0.490169 0.497559 0.504983 0.512439 0.519926 0.527445 0.534995 0.542575 0.550185 0.557824 0.565491 0.573187 0.580910
0.242594 0.247986 0.253801 0.259864 0.265996 0.272141 0.278289 0.284445 0.290617 0.296813 0.303039 0.309302 0.315606 0.321954 0.328347 0.334787 0.341273 0.347805 0.354384 0.361010 0.367681 0.374397 0.381159 0.387964 0.394813 0.401704 0.408638 0.415613 0.422628 0.429684 0.436778 0.443912 0.451083 0.458291 0.465536 0.472817 0.480133 0.487484 0.494868 0.502286 0.509737 0.517220 0.524734 0.532280 0.539856 0.547462 0.555097 0.562761 0.570454 0.578174
0.243259 0.247583 0.252613 0.258093 0.263797 0.269627 0.275545 0.281533 0.287581 0.293686 0.299844 0.306055 0.312319 0.318636 0.325004 0.331422 0.337890 0.344408 0.350973 0.357586 0.364246 0.370951 0.377703 0.384498 0.391338 0.398220 0.405145 0.412112 0.419120 0.426167 0.433255 0.440381 0.447545 0.454747 0.461986 0.469261 0.476571 0.483916 0.491295 0.498708 0.506154 0.513632 0.521142 0.528683 0.536255 0.543857 0.551489 0.559149 0.566839 0.574556
0.240608 0.244721 0.249574 0.254897 0.260463 0.266174 0.271987 0.277883 0.283851 0.289885 0.295981 0.302137 0.308352 0.314625 0.320955 0.327339 0.333777 0.340268 0.346809 0.353401 0.360041 0.366729 0.373464 0.380245 0.387070 0.393940 0.400853 0.407808 0.414805 0.421843 0.428921 0.436038 0.443193 0.450386 0.457617 0.464883 0.472186 0.479524 0.486896 0.494301 0.501740 0.509212 0.516715 0.524250 0.531816 0.539412 0.547038 0.554693 0.562377 0.570089
0.232395 0.237659 0.243300 0.249163 0.255093 0.261047 0.267019 0.273016 0.279046 0.285115 0.291228 0.297389 0.303600 0.309863 0.316179 0.322548 0.328970 0.335443 0.341967 0.348541 0.355163 0.361834 0.368552 0.375316 0.382125 0.388979 0.395876 0.402816 0.409797 0.416820 0.423883 0.430985 0.438127 0.445306 0.452523 0.459776 0.467065 0.474390 0.481749 0.489143 0.496570 0.504029 0.511521 0.519045 0.526599 0.534184 0.541799 0.549444 0.557117 0.564819
0.233546 0.236811 0.241079 0.245986 0.251260 0.256767 0.262435 0.268226 0.274116 0.280089 0.286136 0.292247 0.298420 0.304652 0.310941 0.317285 0.323683 0.330132 0.336632 0.343182 0.349780 0.356426 0.363119 0.369857 0.376641 0.383469 0.390340 0.397254 0.404210 0.411207 0.418245 0.425323 0.432439 0.439595 0.446787 0.454017 0.461283 0.468585 0.475923 0.483294 0.490700 0.498138 0.505610 0.513113 0.520648 0.528214 0.535811 0.543437 0.551093 0.558777
0.219314 0.225347 0.231532 0.237783 0.243991 0.250140 0.256246 0.262331 0.268414 0.274508 0.280624 0.286771 0.292953 0.299176 0.305442 0.311755 0.318115 0.324523 0.330979 0.337483 0.344035 0.350634 0.357280 0.363971 0.370708 0.377490 0.384317 0.391186 0.398099 0.405053 0.412049 0.419086 0.426163 0.433279 0.440434 0.447626 0.454856 0.462123 0.469426 0.476764 0.484136 0.491543 0.498984 0.506457 0.513963 0.521500 0.529069 0.536668 0.544297 0.551956
0.224624 0.227772 0.231896 0.236673 0.241810 0.247170 0.252683 0.258314 0.264041 0.269850 0.275734 0.281685 0.287699 0.293775 0.299909 0.306101 0.312350 0.318655 0.325015 0.331428 0.337893 0.344410 0.350978 0.357594 0.364259 0.370972 0.377731 0.384536 0.391387 0.398281 0.405219 0.412199 0.419221 0.426284 0.433387 0.440530 0.447712 0.454932 0.462189 0.469483 0.476813 0.484179 0.491579 0.499013 0.506481 0.513982 0.521515 0.529079 0.536675 0.544302
0.215501 0.220123 0.225170 0.230498 0.235946 0.241460 0.247027 0.252647 0.258322 0.264054 0.269845 0.275695 0.281605 0.287575 0.293604 0.299691 0.305836 0.312041 0.318303 0.324622 0.330997 0.337426 0.343908 0.350443 0.357029 0.363665 0.370350 0.377084 0.383864 0.390692 0.397564 0.404481 0.411442 0.418446 0.425492 0.432580 0.439708 0.446875 0.454082 0.461326 0.468609 0.475928 0.483283 0.490674 0.498100 0.505559 0.513053 0.520579 0.528137 0.535727
0.210671 0.214522 0.219060 0.224052 0.229273 0.234628 0.240079 0.245606 0.251202 0.256862 0.262583 0.268365 0.274206 0.280106 0.286063 0.292078 0.298149 0.304277 0.310463 0.316706 0.323006 0.329360 0.335770 0.342232 0.348748 0.355315 0.361932 0.368600 0.375316 0.382080 0.388891 0.395748 0.402651 0.409598 0.416588 0.423622 0.430697 0.437813 0.444970 0.452167 0.459402 0.466675 0.473986 0.481334 0.488717 0.496136 0.503590 0.511077 0.518598 0.526152
0.201177 0.205424 0.210206 0.215365 0.220692 0.226106 0.231580 0.237106 0.242682 0.248310 0.253991 0.259726 0.265515 0.271359 0.277259 0.283214 0.289225 0.295291 0.301413 0.307591 0.313825 0.320116 0.326461 0.332861 0.339315 0.345821 0.352379 0.358988 0.365646 0.372354 0.379110 0.385913 0.392763 0.399658 0.406598 0.413582 0.420610 0.427679 0.434790 0.441941 0.449133 0.456364 0.463633 0.470940 0.478285 0.485665 0.493081 0.500533 0.508019 0.515538
0.193582 0.197503 0.202002 0.206911 0.212021 0.217249 0.222561 0.227945 0.233395 0.238911 0.244489 0.250130 0.255832 0.261594 0.267417 0.273299 0.279239 0.285238 0.291293 0.297406 0.303575 0.309801 0.316083 0.322422 0.328815 0.335262 0.341763 0.348315 0.354919 0.361573 0.368277 0.375029 0.381828 0.388674 0.395566 0.402503 0.409485 0.416509 0.423577 0.430686 0.437836 0.445026 0.452256 0.459525 0.466832 0.474176 0.481557 0.488974 0.496427 0.503914
0.184843 0.188439 0.192666 0.197354 0.202283 0.207359 0.212542 0.217814 0.223165 0.228590 0.234085 0.239647 0.245274 0.250964 0.256717 0.262529 0.268402 0.274334 0.280323 0.286371 0.292475 0.298635 0.304852 0.311125 0.317454 0.323838 0.330277 0.336770 0.343315 0.349911 0.356559 0.363256 0.370002 0.376796 0.383638 0.390526 0.397459 0.404437 0.411459 0.418524 0.425632 0.432780 0.439970 0.447200 0.454469 0.461776 0.469122 0.476504 0.483923 0.491378
0.172435 0.176456 0.180996 0.185930 0.191042 0.196246 0.201511 0.206828 0.212194 0.217612 0.223081 0.228603 0.234180 0.239812 0.245500 0.251244 0.257046 0.262904 0.268818 0.274790 0.280819 0.286903 0.293044 0.299241 0.305494 0.311804 0.318169 0.324590 0.331065 0.337594 0.344176 0.350809 0.357493 0.364228 0.371011 0.377843 0.384721 0.391647 0.398618 0.405634 0.412693 0.419796 0.426941 0.434128 0.441356 0.448624 0.455931 0.463276 0.470660 0.478081
0.163048 0.167093 0.171549 0.176344 0.181296 0.186330 0.191424 0.196572 0.201774 0.207033 0.212350 0.217727 0.223164 0.228662 0.234221 0.239842 0.245525 0.251268 0.257073 0.262938 0.268863 0.274848 0.280892 0.286995 0.293157 0.299375 0.305652 0.311987 0.318379 0.324827 0.331332 0.337890 0.344502 0.351167 0.357883 0.364650 0.371467 0.378333 0.385246 0.392206 0.399213 0.406264 0.413360 0.420500 0.427682 0.434907 0.442172 0.449478 0.456823 0.464207
0.158460 0.161073 0.164402 0.168351 0.172652 0.177167 0.181835 0.186628 0.191530 0.196528 0.201617 0.206791 0.212045 0.217376 0.222782 0.228259 0.233807 0.239423 0.245106 0.250855 0.256668 0.262546 0.268486 0.274488 0.280552 0.286676 0.292861 0.299104 0.305407 0.311769 0.318189 0.324667 0.331201 0.337791 0.344435 0.351133 0.357883 0.364684 0.371536 0.378437 0.385387 0.392384 0.399427 0.406517 0.413651 0.420830 0.428051 0.435315 0.442620 0.449967
0.144262 0.147744 0.151672 0.156036 0.160625 0.165337 0.170133 0.175000 0.179934 0.184933 0.189998 0.195130 0.200327 0.205590 0.210919 0.216315 0.221776 0.227303 0.232895 0.238552 0.244273 0.250058 0.255907 0.261819 0.267793 0.273829 0.279926 0.286085 0.292303 0.298581 0.304919 0.311317 0.317774 0.324289 0.330861 0.337489 0.344171 0.350908 0.357698 0.364540 0.371432 0.378375 0.385366 0.392405 0.399492 0.406624 0.413802 0.421025 0.428290 0.435599
0.132098 0.135954 0.140111 0.144626 0.149316 0.154082 0.158894 0.163748 0.168644 0.173590 0.178588 0.183642 0.188756 0.193931 0.199169 0.204472 0.209838 0.215271 0.220768 0.226331 0.231959 0.237653 0.243411 0.249234 0.255121 0.261072 0.267086 0.273162 0.279301 0.285501 0.291762 0.298083 0.304465 0.310907 0.317409 0.323969 0.330587 0.337262 0.343992 0.350776 0.357613 0.364503 0.371444 0.378435 0.385476 0.392564 0.399700 0.406883 0.414111 0.421383
0.128716 0.130985 0.133874 0.137387 0.141300 0.145447 0.149759 0.154199 0.158752 0.163406 0.168154 0.172990 0.177911 0.182914 0.187996 0.193156 0.198391 0.203700 0.209082 0.214536 0.220061 0.225656 0.231320 0.237052 0.242852 0.248719 0.254651 0.260649 0.266711 0.272837 0.279026 0.285277 0.291590 0.297964 0.304399 0.310895 0.317450 0.324065 0.330738 0.337467 0.344252 0.351091 0.357984 0.364929 0.371925 0.378971 0.386067 0.393211 0.400402 0.407640
0.117167 0.120044 0.123301 0.127023 0.131065 0.135279 0.139607 0.144030 0.148539 0.153132 0.157807 0.162563 0.167399 0.172314 0.177306 0.182377 0.187523 0.192744 0.198040 0.203409 0.208851 0.214364 0.219948 0.225603 0.231326 0.237118 0.242978 0.248905 0.254897 0.260955 0.267078 0.273265 0.279514 0.285826 0.292200 0.298634 0.305130 0.311686 0.318302 0.324977 0.331710 0.338499 0.345343 0.352241 0.359193 0.366197 0.373251 0.380356 0.387509 0.394710
0.106940 0.110025 0.113435 0.117262 0.121400 0.125691 0.130072 0.134526 0.139046 0.143633 0.148288 0.153012 0.157807 0.162674 0.167613 0.172624 0.177709 0.182865 0.188095 0.193396 0.198769 0.204214 0.209729 0.215314 0.220968 0.226692 0.232483 0.238342 0.244268 0.250260 0.256318 0.262440 0.268626 0.274876 0.281188 0.287562 0.293997 0.300492 0.307049 0.313666 0.320342 0.327076 0.333867 0.340715 0.347617 0.354573 0.361582 0.368642 0.375753 0.382913
0.102273 0.104841 0.107804 0.111241 0.115055 0.119076 0.123229 0.127488 0.131839 0.136277 0.140799 0.145402 0.150086 0.154848 0.159688 0.164605 0.169598 0.174666 0.179809 0.185025 0.190314 0.195676 0.201110 0.206614 0.212189 0.217834 0.223548 0.229330 0.235180 0.241097 0.247081 0.253130 0.259244 0.265423 0.271665 0.277970 0.284338 0.290766 0.297256 0.303806 0.310417 0.317088 0.323817 0.330605 0.337449 0.344349 0.351303 0.358311 0.365371 0.372482
0.098312 0.100628 0.103386 0.106640 0.110293 0.114167 0.118186 0.122316 0.126542 0.130859 0.135263 0.139749 0.144318 0.148967 0.153695 0.158501 0.163385 0.168345 0.173381 0.178493 0.183679 0.188939 0.194272 0.199678 0.205156 0.210705 0.216325 0.222015 0.227774 0.233602 0.239498 0.245461 0.251491 0.257586 0.263747 0.269972 0.276261 0.282612 0.289026 0.295502 0.302038 0.308636 0.315294 0.322012 0.328789 0.335623 0.342514 0.349460 0.356460 0.363514
0.092850 0.095891 0.099121 0.102669 0.106502 0.110474 0.114528 0.118647 0.122829 0.127077 0.131393 0.135779 0.140239 0.144774 0.149384 0.154070 0.158833 0.163673 0.168590 0.173583 0.178653 0.183798 0.189018 0.194313 0.199683 0.205125 0.210641 0.216229 0.221888 0.227618 0.233419 0.239288 0.245226 0.251232 0.257305 0.263444 0.269648 0.275918 0.282251 0.288648 0.295106 0.301627 0.308209 0.314853 0.321558 0.328322 0.335144 0.342024 0.348961 0.355952
0.095595 0.097412 0.099713 0.102538 0.105812 0.109338 0.113023 0.116831 0.120745 0.124757 0.128863 0.133060 0.137347 0.141720 0.146180 0.150725 0.155354 0.160066 0.164860 0.169735 0.174690 0.179725 0.184838 0.190029 0.195296 0.200640 0.206059 0.211552 0.217119 0.222758 0.228470 0.234252 0.240105 0.246027 0.252019 0.258078 0.264204 0.270396 0.276654 0.282977 0.289363 0.295812 0.302324 0.308898 0.315534 0.322232 0.328990 0.335807 0.342681 0.349613
0.092507 0.094715 0.097228 0.100147 0.103425 0.106908 0.110530 0.114265 0.118102 0.122035 0.126062 0.130181 0.134390 0.138687 0.143072 0.147542 0.152096 0.156735 0.161456 0.166258 0.171141 0.176104 0.181145 0.186265 0.191463 0.196736 0.202086 0.207510 0.213009 0.218581 0.224226 0.229942 0.235730 0.241588 0.247516 0.253512 0.259577 0.265708 0.271906 0.278170 0.284498 0.290890 0.297345 0.303863 0.310443 0.317085 0.323790 0.330554 0.337377 0.344259
0.088300 0.090447 0.092993 0.095987 0.099389 0.103011 0.106763 0.110612 0.114542 0.118550 0.122635 0.126795 0.131031 0.135344 0.139734 0.144201 0.148745 0.153367 0.158066 0.162843 0.167696 0.172627 0.177634 0.182718 0.187877 0.193112 0.198421 0.203805 0.209262 0.214793 0.220396 0.226070 0.231816 0.237632 0.243518 0.249473 0.255496 0.261587 0.267744 0.273967 0.280255 0.286608 0.293024 0.299502 0.306044 0.312647 0.319313 0.326040 0.332827 0.339672
0.083268 0.086180 0.089218 0.092516 0.096112 0.099862 0.103695 0.107588 0.111540 0.115554 0.119631 0.123777 0.127994 0.132284 0.136649 0.141089 0.145606 0.150200 0.154871 0.159619 0.164445 0.169348 0.174328 0.179384 0.184517 0.189725 0.195008 0.200365 0.205797 0.211302 0.216879 0.222529 0.228250 0.234041 0.239902 0.245833 0.251832 0.257898 0.264032 0.270231 0.276496 0.282826 0.289219 0.295674 0.302192 0.308773 0.315416 0.322120 0.328885 0.335708
0.087600 0.088885 0.090692 0.093043 0.095915 0.099110 0.102508 0.106057 0.109735 0.113526 0.117424 0.121423 0.125518 0.129707 0.133987 0.138356 0.142813 0.147354 0.151981 0.156690 0.161481 0.166354 0.171306 0.176338 0.181447 0.186635 0.191899 0.197238 0.202653 0.208142 0.213705 0.219340 0.225047 0.230825 0.236673 0.242591 0.248577 0.254632 0.260753 0.266941 0.273194 0.279512 0.285894 0.292338 0.298845 0.305415 0.312046 0.318739 0.325493 0.332305
0.082169 0.084260 0.086643 0.089403 0.092568 0.095974 0.099524 0.103184 0.106940 0.110788 0.114724 0.118749 0.122861 0.127060 0.131344 0.135715 0.140169 0.144707 0.149328 0.154032 0.158816 0.163681 0.168626 0.173650 0.178752 0.183932 0.189188 0.194520 0.199927 0.205409 0.210964 0.216592 0.222292 0.228064 0.233906 0.239817 0.245798 0.251846 0.257962 0.264144 0.270392 0.276704 0.283080 0.289520 0.296021 0.302586 0.309213 0.315901 0.322650 0.329458
0.077325 0.079907 0.082705 0.085810 0.089255 0.092889 0.096628 0.100444 0.104328 0.108281 0.112303 0.116397 0.120565 0.124807 0.129126 0.133523 0.137996 0.142548 0.147179 0.151887 0.156674 0.161539 0.166482 0.171503 0.176600 0.181774 0.187024 0.192349 0.197749 0.203224 0.208772 0.214393 0.220086 0.225850 0.231685 0.237590 0.243564 0.249606 0.255716 0.261893 0.268135 0.274443 0.280814 0.287249 0.293747 0.300308 0.306932 0.313618 0.320363 0.327168
0.078972 0.080925 0.083242 0.085978 0.089136 0.092545 0.096104 0.099774 0.103541 0.107396 0.111337 0.115362 0.119470 0.123660 0.127933 0.132287 0.136723 0.141240 0.145838 0.150516 0.155275 0.160113 0.165031 0.170027 0.175102 0.180255 0.185485 0.190791 0.196174 0.201631 0.207163 0.212769 0.218448 0.224199 0.230022 0.235915 0.241879 0.247911 0.254012 0.260180 0.266415 0.272715 0.279080 0.285508 0.292002 0.298559 0.305179 0.311860 0.318603 0.325404
0.079678 0.081641 0.083904 0.086551 0.089607 0.092906 0.096353 0.099911 0.103567 0.107316 0.111157 0.115087 0.119107 0.123216 0.127414 0.131699 0.136072 0.140531 0.145075 0.149704 0.154418 0.159215 0.164094 0.169056 0.174098 0.179221 0.184423 0.189704 0.195063 0.200499 0.206011 0.211599 0.217261 0.222997 0.228805 0.234685 0.240637 0.246658 0.252749 0.258908 0.265134 0.271427 0.277785 0.284208 0.290697 0.297251 0.303867 0.310546 0.317285 0.324085
0.080005 0.081795 0.083926 0.086470 0.089444 0.092676 0.096066 0.099572 0.103182 0.106887 0.110687 0.114580 0.118565 0.122640 0.126806 0.131061 0.135405 0.139837 0.144356 0.148962 0.153653 0.158429 0.163289 0.168233 0.173258 0.178365 0.183553 0.188820 0.194166 0.199591 0.205092 0.210670 0.216323 0.222051 0.227852 0.233726 0.239671 0.245688 0.251774 0.257929 0.264152 0.270441 0.276798 0.283221 0.289709 0.296263 0.302880 0.309559 0.316299 0.323098
0.078000 0.079917 0.082166 0.084820 0.087890 0.091203 0.094665 0.098238 0.101907 0.105668 0.109517 0.113454 0.117477 0.121587 0.125783 0.130064 0.134431 0.138882 0.143419 0.148039 0.152743 0.157529 0.162399 0.167350 0.172383 0.177496 0.182690 0.187962 0.193313 0.198742 0.204248 0.209830 0.215487 0.221219 0.227024 0.232902 0.238852 0.244873 0.250963 0.257123 0.263350 0.269644 0.276006 0.282435 0.288930 0.295489 0.302112 0.308796 0.315542 0.322347
0.075105 0.077328 0.079849 0.082744 0.086010 0.089481 0.093072 0.096752 0.100512 0.104349 0.108262 0.112254 0.116325 0.120477 0.124709 0.129022 0.133417 0.137895 0.142454 0.147095 0.151819 0.156624 0.161510 0.166478 0.171525 0.176653 0.181861 0.187146 0.192511 0.197952 0.203470 0.209064 0.214733 0.220476 0.226293 0.232182 0.238142 0.244174 0.250275 0.256444 0.262682 0.268987 0.275360 0.281800 0.288306 0.294875 0.301508 0.308202 0.314957 0.321772
0.074987 0.077261 0.079783 0.082652 0.085856 0.089248 0.092758 0.096364 0.100058 0.103838 0.107704 0.111656 0.115695 0.119820 0.124032 0.128330 0.132714 0.137184 0.141740 0.146380 0.151104 0.155912 0.160803 0.165776 0.170831 0.175967 0.181183 0.186478 0.191852 0.197304 0.202833 0.208438 0.214118 0.219873 0.225701 0.231602 0.237574 0.243617 0.249729 0.255911 0.262160 0.268478 0.274863 0.281315 0.287832 0.294414 0.301058 0.307763 0.314529 0.321354
0.077915 0.079329 0.081214 0.083608 0.086465 0.089600 0.092917 0.096373 0.099952 0.103642 0.107437 0.111335 0.115331 0.119423 0.123610 0.127889 0.132259 0.136719 0.141267 0.145903 0.150625 0.155432 0.160324 0.165300 0.170359 0.175499 0.180720 0.186021 0.191402 0.196861 0.202397 0.208010 0.213698 0.219461 0.225298 0.231207 0.237188 0.243240 0.249362 0.255553 0.261812 0.268140 0.274535 0.280997 0.287524 0.294115 0.300768 0.307483 0.314258 0.321092
0.073890 0.076172 0.078692 0.081551 0.084772 0.088199 0.091748 0.095391 0.099117 0.102926 0.106816 0.110789 0.114846 0.118987 0.123212 0.127523 0.131918 0.136399 0.140963 0.145613 0.150346 0.155163 0.160063 0.165046 0.170110 0.175256 0.180482 0.185789 0.191174 0.196637 0.202177 0.207795 0.213487 0.219255 0.225096 0.231010 0.236996 0.243053 0.249180 0.255375 0.261640 0.267974 0.274375 0.280843 0.287376 0.293972 0.300632 0.307352 0.314133 0.320972
0.073795 0.075979 0.078449 0.081284 0.084516 0.087977 0.091565 0.095243 0.099000 0.102834 0.106745 0.110734 0.114803 0.118954 0.123186 0.127501 0.131899 0.136381 0.140946 0.145595 0.150328 0.155144 0.160042 0.165023 0.170086 0.175230 0.180454 0.185759 0.191143 0.196604 0.202144 0.207760 0.213452 0.219219 0.225060 0.230974 0.236960 0.243017 0.249144 0.255340 0.261606 0.267941 0.274344 0.280813 0.287347 0.293945 0.300606 0.307328 0.314110 0.320951
0.076948 0.078644 0.080713 0.083226 0.086175 0.089383 0.092753 0.096248 0.099851 0.103556 0.107360 0.111260 0.115254 0.119342 0.123522 0.127794 0.132155 0.136606 0.141145 0.145772 0.150485 0.155285 0.160169 0.165137 0.170189 0.175323 0.180539 0.185836 0.191212 0.196668 0.202202 0.207812 0.213499 0.219262 0.225098 0.231008 0.236990 0.243044 0.249168 0.255361 0.261625 0.267957 0.274358 0.280825 0.287357 0.293954 0.300613 0.307333 0.314114 0.320953
0.076920 0.078692 0.080833 0.083415 0.086389 0.089590 0.092945 0.096422 0.100010 0.103701 0.107492 0.111382 0.115367 0.119447 0.123620 0.127885 0.132240 0.136685 0.141218 0.145839 0.150547 0.155341 0.160219 0.165182 0.170229 0.175357 0.180567 0.185858 0.191229 0.196679 0.202207 0.207812 0.213494 0.219251 0.225082 0.230987 0.236964 0.243012 0.249131 0.255320 0.261580 0.267908 0.274305 0.280768 0.287297 0.293890 0.300545 0.307262 0.314039 0.320875
0.073719 0.076002 0.078577 0.081527 0.084810 0.088271 0.091844 0.095503 0.099242 0.103058 0.106953 0.110927 0.114982 0.119117 0.123335 0.127635 0.132018 0.136485 0.141034 0.145667 0.150383 0.155182 0.160064 0.165028 0.170073 0.175200 0.180407 0.185694 0.191061 0.196506 0.202029 0.207628 0.213304 0.219056 0.224881 0.230780 0.236752 0.242795 0.248909 0.255094 0.261349 0.267674 0.274066 0.280526 0.287051 0.293640 0.300292 0.307006 0.313780 0.320613
0.073499 0.075827 0.078410 0.081346 0.084629 0.088097 0.091672 0.095329 0.099061 0.102867 0.106749 0.110709 0.114748 0.118867 0.123069 0.127352 0.131719 0.136170 0.140704 0.145322 0.150024 0.154809 0.159678 0.164629 0.169663 0.174779 0.179975 0.185253 0.190610 0.196046 0.201561 0.207154 0.212823 0.218568 0.224387 0.230281 0.236248 0.242286 0.248396 0.254578 0.260831 0.267153 0.273543 0.280001 0.286524 0.293112 0.299762 0.306475 0.313248 0.320080
0.077557 0.079017 0.080899 0.083265 0.086090 0.089185 0.092454 0.095857 0.099376 0.103004 0.106735 0.110568 0.114500 0.118528 0.122651 0.126869 0.131179 0.135581 0.140073 0.144655 0.149326 0.154084 0.158930 0.163861 0.168878 0.173978 0.179163 0.184429 0.189778 0.195207 0.200715 0.206302 0.211967 0.217709 0.223526 0.229418 0.235384 0.241422 0.247532 0.253715 0.259969 0.266293 0.272685 0.279145 0.285671 0.292261 0.298914 0.305629 0.312405 0.319240
0.075696 0.077357 0.079389 0.081860 0.084746 0.087878 0.091170 0.094587 0.098115 0.101748 0.105482 0.109314 0.113244 0.117270 0.121391 0.125606 0.129914 0.134313 0.138804 0.143385 0.148056 0.152814 0.157661 0.162594 0.167612 0.172716 0.177903 0.183173 0.188526 0.193959 0.199472 0.205065 0.210735 0.216482 0.222305 0.228203 0.234175 0.240220 0.246337 0.252527 0.258788 0.265119 0.271519 0.277986 0.284518 0.291115 0.297775 0.304497 0.311279 0.318120
0.070001 0.072424 0.075048 0.077983 0.081253 0.084705 0.088258 0.091890 0.095595 0.099373 0.103229 0.107164 0.111181 0.115281 0.119465 0.123735 0.128091 0.132533 0.137061 0.141675 0.146376 0.151161 0.156032 0.160987 0.166026 0.171149 0.176354 0.181640 0.187008 0.192456 0.197983 0.203588 0.209271 0.215030 0.220864 0.226773 0.232755 0.238810 0.244938 0.251138 0.257409 0.263749 0.270157 0.276632 0.283173 0.289778 0.296446 0.303175 0.309965 0.316814
0.070838 0.072504 0.074590 0.077142 0.080133 0.083384 0.086799 0.090339 0.093985 0.097729 0.101567 0.105496 0.109515 0.113623 0.117819 0.122103 0.126473 0.130930 0.135473 0.140102 0.144816 0.149615 0.154498 0.159465 0.164515 0.169648 0.174862 0.180158 0.185534 0.190990 0.196524 0.202136 0.207825 0.213590 0.219430 0.225344 0.231332 0.237391 0.243524 0.249728 0.256004 0.262348 0.268760 0.275240 0.281784 0.288393 0.295064 0.301797 0.308590 0.315442
0.068688 0.070875 0.073308 0.076087 0.079222 0.082556 0.086012 0.089564 0.093205 0.096933 0.100748 0.104652 0.108643 0.112724 0.116893 0.121150 0.125496 0.129930 0.134451 0.139059 0.143754 0.148535 0.153401 0.158352 0.163387 0.168505 0.173706 0.178989 0.184352 0.189796 0.195319 0.200921 0.206599 0.212355 0.218186 0.224091 0.230070 0.236122 0.242247 0.248444 0.254712 0.261050 0.267457 0.273930 0.280469 0.287072 0.293738 0.300466 0.307255 0.314102
0.070526 0.072243 0.074346 0.076891 0.079832 0.083003 0.086326 0.089766 0.093312 0.096958 0.100699 0.104534 0.108463 0.112483 0.116596 0.120800 0.125095 0.129479 0.133953 0.138517 0.143168 0.147908 0.152734 0.157647 0.162646 0.167729 0.172897 0.178148 0.183481 0.188896 0.194391 0.199966 0.205619 0.211351 0.217158 0.223041 0.228999 0.235031 0.241136 0.247315 0.253565 0.259886 0.266276 0.272734 0.279258 0.285847 0.292500 0.299215 0.305991 0.312827
0.069766 0.071809 0.074128 0.076813 0.079846 0.083069 0.086414 0.089855 0.093384 0.097002 0.100708 0.104502 0.108387 0.112362 0.116427 0.120584 0.124831 0.129169 0.133597 0.138115 0.142722 0.147419 0.152204 0.157077 0.162036 0.167082 0.172213 0.177428 0.182727 0.188109 0.193572 0.199116 0.204740 0.210442 0.216222 0.222079 0.228011 0.234017 0.240099 0.246254 0.252482 0.258782 0.265151 0.271589 0.278094 0.284664 0.291299 0.297997 0.304757 0.311577
0.070792 0.072536 0.074619 0.077114 0.079996 0.083100 0.086346 0.089705 0.093166 0.096723 0.100377 0.104125 0.107968 0.111904 0.115934 0.120057 0.124272 0.128580 0.132979 0.137468 0.142048 0.146718 0.151476 0.156322 0.161256 0.166276 0.171382 0.176573 0.181848 0.187206 0.192645 0.198166 0.203767 0.209448 0.215206 0.221041 0.226951 0.232937 0.238998 0.245133 0.251342 0.257622 0.263972 0.270392 0.276879 0.283433 0.290051 0.296733 0.303476 0.310281
0.070068 0.071699 0.073691 0.076108 0.078938 0.082012 0.085245 0.088599 0.092062 0.095625 0.099285 0.103040 0.106890 0.110833 0.114868 0.118995 0.123212 0.127521 0.131919 0.136407 0.140984 0.145649 0.150402 0.155242 0.160168 0.165180 0.170277 0.175458 0.180723 0.186069 0.191498 0.197007 0.202595 0.208263 0.214008 0.219830 0.225727 0.231699 0.237746 0.243868 0.250062 0.256328 0.262665 0.269071 0.275545 0.282085 0.288690 0.295359 0.302090 0.308882
0.066472 0.068589 0.070941 0.073616 0.076664 0.079937 0.083335 0.086822 0.090390 0.094036 0.097763 0.101571 0.105462 0.109438 0.113500 0.117647 0.121881 0.126202 0.130610 0.135104 0.139686 0.144353 0.149107 0.153946 0.158871 0.163880 0.168973 0.174149 0.179407 0.184748 0.190169 0.195670 0.201251 0.206910 0.212646 0.218459 0.224347 0.230309 0.236346 0.242457 0.248640 0.254896 0.261222 0.267617 0.274080 0.280610 0.287205 0.293863 0.300584 0.307366
0.067264 0.068993 0.071033 0.073450 0.076282 0.079382 0.082644 0.086026 0.089510 0.093089 0.096762 0.100526 0.104380 0.108325 0.112359 0.116482 0.120695 0.124996 0.129386 0.133863 0.138429 0.143081 0.147820 0.152645 0.157556 0.162551 0.167631 0.172794 0.178039 0.183367 0.188775 0.194264 0.199833 0.205479 0.211203 0.217004 0.222880 0.228831 0.234855 0.240954 0.247126 0.253369 0.259684 0.266068 0.272520 0.279038 0.285622 0.292270 0.298980 0.305752
0.067429 0.069024 0.070932 0.073214 0.075931 0.078951 0.082145 0.085464 0.088889 0.092412 0.096031 0.099743 0.103549 0.107448 0.111439 0.115522 0.119696 0.123960 0.128316 0.132760 0.137294 0.141917 0.146628 0.151425 0.156310 0.161280 0.166336 0.171476 0.176699 0.182005 0.187393 0.192862 0.198411 0.204038 0.209744 0.215527 0.221386 0.227320 0.233328 0.239410 0.245566 0.251795 0.258094 0.264464 0.270901 0.277406 0.283976 0.290611 0.297309 0.304068
0.066258 0.067999 0.070007 0.072355 0.075113 0.078160 0.081370 0.084692 0.088111 0.091622 0.095222 0.098912 0.102692 0.106562 0.110523 0.114575 0.118718 0.122951 0.127274 0.131688 0.136191 0.140783 0.145464 0.150232 0.155088 0.160030 0.165059 0.170172 0.175369 0.180650 0.186014 0.191459 0.196984 0.202590 0.208274 0.214035 0.219873 0.225787 0.231775 0.237838 0.243975 0.250185 0.256467 0.262818 0.269239 0.275727 0.282281 0.288900 0.295582 0.302327
0.065834 0.067467 0.069411 0.071727 0.074457 0.077459 0.080620 0.083898 0.087278 0.090752 0.094318 0.097977 0.101728 0.105570 0.109503 0.113528 0.117643 0.121850 0.126147 0.130534 0.135011 0.139577 0.144232 0.148975 0.153805 0.158723 0.163726 0.168815 0.173988 0.179245 0.184585 0.190007 0.195509 0.201092 0.206753 0.212493 0.218310 0.224202 0.230169 0.236212 0.242329 0.248519 0.254781 0.261114 0.267516 0.273986 0.280522 0.287123 0.293788 0.300515
0.064435 0.066217 0.068266 0.070657 0.073426 0.076432 0.079583 0.082846 0.086207 0.089662 0.093209 0.096848 0.100579 0.104401 0.108315 0.112320 0.116415 0.120602 0.124879 0.129245 0.133701 0.138247 0.142881 0.147602 0.152411 0.157307 0.162289 0.167356 0.172507 0.177742 0.183060 0.188460 0.193940 0.199501 0.205141 0.210859 0.216654 0.222525 0.228471 0.234493 0.240589 0.246759 0.253001 0.259314 0.265696 0.272146 0.278663 0.285245 0.291891 0.298600
0.063474 0.065161 0.067141 0.069479 0.072219 0.075216 0.078364 0.081623 0.084979 0.088426 0.091963 0.095591 0.099309 0.103116 0.107014 0.111002 0.115080 0.119248 0.123505 0.127852 0.132287 0.136811 0.141423 0.146123 0.150909 0.155782 0.160741 0.165784 0.170912 0.176124 0.181418 0.186794 0.192251 0.197788 0.203405 0.209099 0.214871 0.220719 0.226643 0.232643 0.238717 0.244865 0.251086 0.257377 0.263739 0.270168 0.276664 0.283226 0.289852 0.296541
0.062807 0.064400 0.066301 0.068569 0.071246 0.074192 0.077300 0.080525 0.083850 0.087270 0.090781 0.094382 0.098072 0.101852 0.105722 0.109681 0.113729 0.117867 0.122093 0.126409 0.130813 0.135306 0.139887 0.144556 0.149311 0.154153 0.159081 0.164094 0.169192 0.174374 0.179639 0.184986 0.190415 0.195924 0.201513 0.207181 0.212926 0.218748 0.224646 0.230621 0.236672 0.242796 0.248993 0.255262 0.261601 0.268008 0.274483 0.281024 0.287630 0.294299
0.061118 0.062998 0.065083 0.067462 0.070205 0.073192 0.076314 0.079532 0.082834 0.086220 0.089689 0.093245 0.096887 0.100617 0.104437 0.108346 0.112345 0.116434 0.120614 0.124883 0.129242 0.133690 0.138228 0.142854 0.147569 0.152371 0.157260 0.162236 0.167297 0.172443 0.177673 0.182987 0.188382 0.193860 0.199418 0.205056 0.210772 0.216566 0.222438 0.228386 0.234412 0.240512 0.246685 0.252931 0.259248 0.265635 0.272089 0.278610 0.285197 0.291847
0.063032 0.064189 0.065737 0.067711 0.070130 0.072840 0.075732 0.078763 0.081911 0.085168 0.088528 0.091988 0.095546 0.099201 0.102951 0.106796 0.110735 0.114768 0.118893 0.123112 0.127422 0.131823 0.136315 0.140898 0.145571 0.150332 0.155182 0.160120 0.165145 0.170255 0.175452 0.180733 0.186097 0.191545 0.197074 0.202684 0.208373 0.214142 0.219989 0.225915 0.231918 0.237997 0.244151 0.250378 0.256676 0.263045 0.269483 0.275989 0.282561 0.289197
0.058854 0.060688 0.062724 0.065051 0.067722 0.070610 0.073624 0.076734 0.079930 0.083212 0.086581 0.090037 0.093582 0.097218 0.100944 0.104761 0.108670 0.112672 0.116765 0.120950 0.125227 0.129596 0.134056 0.138607 0.143248 0.147979 0.152800 0.157709 0.162707 0.167791 0.172962 0.178219 0.183561 0.188986 0.194494 0.200084 0.205755 0.211506 0.217337 0.223248 0.229237 0.235302 0.241443 0.247659 0.253947 0.260306 0.266735 0.273232 0.279796 0.286426
0.057699 0.059234 0.061067 0.063252 0.065817 0.068623 0.071573 0.074633 0.077789 0.081036 0.084373 0.087800 0.091318 0.094926 0.098626 0.102419 0.106303 0.110280 0.114349 0.118511 0.122766 0.127113 0.131552 0.136083 0.140705 0.145418 0.150222 0.155115 0.160097 0.165167 0.170325 0.175569 0.180899 0.186314 0.191813 0.197395 0.203058 0.208803 0.214628 0.220533 0.226518 0.232580 0.238718 0.244931 0.251218 0.257576 0.264005 0.270503 0.277068 0.283699
0.055990 0.057545 0.059355 0.061490 0.063991 0.066730 0.069614 0.072611 0.075708 0.078901 0.082189 0.085572 0.089051 0.092625 0.096295 0.100060 0.103921 0.107877 0.111928 0.116074 0.120314 0.124649 0.129078 0.133600 0.138214 0.142921 0.147719 0.152607 0.157586 0.162654 0.167810 0.173054 0.178384 0.183800 0.189300 0.194883 0.200549 0.206297 0.212126 0.218035 0.224024 0.230092 0.236236 0.242455 0.248748 0.255113 0.261548 0.268054 0.274627 0.281266
0.054663 0.056056 0.057739 0.059763 0.062172 0.064845 0.067680 0.070641 0.073710 0.076882 0.080155 0.083527 0.086997 0.090565 0.094230 0.097992 0.101851 0.105807 0.109859 0.114006 0.118249 0.122586 0.127018 0.131544 0.136163 0.140874 0.145678 0.150572 0.155557 0.160631 0.165794 0.171044 0.176382 0.181805 0.187313 0.192904 0.198578 0.204334 0.210172 0.216090 0.222089 0.228165 0.234318 0.240547 0.246849 0.253224 0.259670 0.266185 0.272768 0.279417
0.052106 0.053719 0.055567 0.057713 0.060222 0.063004 0.065942 0.068990 0.072134 0.075369 0.078694 0.082109 0.085616 0.089215 0.092907 0.096693 0.100572 0.104545 0.108612 0.112773 0.117028 0.121376 0.125819 0.130354 0.134982 0.139702 0.144513 0.149415 0.154408 0.159489 0.164660 0.169917 0.175262 0.180692 0.186207 0.191805 0.197487 0.203249 0.209094 0.215019 0.221024 0.227108 0.233268 0.239503 0.245813 0.252194 0.258647 0.265169 0.271758 0.278415
