0.036300 0.033591 0.030494 0.026924 0.022939 0.018741 0.014417 0.009991 0.005466 0.002036 0.000745 0.000273 0.000100 0.000037 0.000013 0.000005 0.000002 0.000001 0.000000 0.000000 0.000000 0.000000 0.000000 0.000000 0.000000 0.000000 0.000000 0.000000 0.000000 0.000000 0.000000 0.000000 0.000000 0.000000 0.000000 0.000000 0.000000 0.000000 0.000000 0.000000 0.000000 0.000000 0.000000 0.000000 0.000000 0.000000 0.000000 0.000000 0.000000 0.000000
0.037867 0.034810 0.031409 0.027572 0.023388 0.019035 0.014582 0.010044 0.005418 0.002007 0.000735 0.000269 0.000098 0.000036 0.000013 0.000005 0.000002 0.000001 0.000000 0.000000 0.000000 0.000000 0.000000 0.000000 0.000000 0.000000 0.000000 0.000000 0.000000 0.000000 0.000000 0.000000 0.000000 0.000000 0.000000 0.000000 0.000000 0.000000 0.000000 0.000000 0.000000 0.000000 0.000000 0.000000 0.000000 0.000000 0.000000 0.000000 0.000000 0.000000
0.038895 0.035660 0.032051 0.027995 0.023631 0.019120 0.014518 0.009838 0.005077 0.001862 0.000682 0.000249 0.000091 0.000033 0.000012 0.000004 0.000002 0.000001 0.000000 0.000000 0.000000 0.000000 0.000000 0.000000 0.000000 0.000000 0.000000 0.000000 0.000000 0.000000 0.000000 0.000000 0.000000 0.000000 0.000000 0.000000 0.000000 0.000000 0.000000 0.000000 0.000000 0.000000 0.000000 0.000000 0.000000 0.000000 0.000000 0.000000 0.000000 0.000000
0.039583 0.036056 0.032178 0.027879 0.023327 0.018658 0.013918 0.009111 0.004275 0.001565 0.000573 0.000210 0.000077 0.000028 0.000010 0.000004 0.000001 0.000001 0.000000 0.000000 0.000000 0.000000 0.000000 0.000000 0.000000 0.000000 0.000000 0.000000 0.000000 0.000000 0.000000 0.000000 0.000000 0.000000 0.000000 0.000000 0.000000 0.000000 0.000000 0.000000 0.000000 0.000000 0.000000 0.000000 0.000000 0.000000 0.000000 0.000000 0.000000 0.000000
0.038314 0.034906 0.031077 0.026791 0.022246 0.017571 0.012809 0.007969 0.003363 0.001231 0.000451 0.000165 0.000060 0.000022 0.000008 0.000003 0.000001 0.000000 0.000000 0.000000 0.000000 0.000000 0.000000 0.000000 0.000000 0.000000 0.000000 0.000000 0.000000 0.000000 0.000000 0.000000 0.000000 0.000000 0.000000 0.000000 0.000000 0.000000 0.000000 0.000000 0.000000 0.000000 0.000000 0.000000 0.000000 0.000000 0.000000 0.000000 0.000000 0.000000
0.037820 0.034327 0.030423 0.026089 0.021522 0.016829 0.012044 0.007172 0.002848 0.001042 0.000382 0.000140 0.000051 0.000019 0.000007 0.000003 0.000001 0.000000 0.000000 0.000000 0.000000 0.000000 0.000000 0.000000 0.000000 0.000000 0.000000 0.000000 0.000000 0.000000 0.000000 0.000000 0.000000 0.000000 0.000000 0.000000 0.000000 0.000000 0.000000 0.000000 0.000000 0.000000 0.000000 0.000000 0.000000 0.000000 0.000000 0.000000 0.000000 0.000000
0.038844 0.035307 0.031294 0.026827 0.022124 0.017295 0.012375 0.007372 0.002929 0.001072 0.000392 0.000144 0.000053 0.000019 0.000007 0.000003 0.000001 0.000000 0.000000 0.000000 0.000000 0.000000 0.000000 0.000000 0.000000 0.000000 0.000000 0.000000 0.000000 0.000000 0.000000 0.000000 0.000000 0.000000 0.000000 0.000000 0.000000 0.000000 0.000000 0.000000 0.000000 0.000000 0.000000 0.000000 0.000000 0.000000 0.000000 0.000000 0.000000 0.000000
0.041551 0.037463 0.033018 0.028219 0.023252 0.018202 0.013092 0.007918 0.003210 0.001175 0.000430 0.000157 0.000058 0.000021 0.000008 0.000003 0.000001 0.000000 0.000000 0.000000 0.000000 0.000000 0.000000 0.000000 0.000000 0.000000 0.000000 0.000000 0.000000 0.000000 0.000000 0.000000 0.000000 0.000000 0.000000 0.000000 0.000000 0.000000 0.000000 0.000000 0.000000 0.000000 0.000000 0.000000 0.000000 0.000000 0.000000 0.000000 0.000000 0.000000
0.041337 0.037370 0.032982 0.028202 0.023234 0.018173 0.013044 0.007846 0.003158 0.001156 0.000423 0.000155 0.000057 0.000021 0.000008 0.000003 0.000001 0.000000 0.000000 0.000000 0.000000 0.000000 0.000000 0.000000 0.000000 0.000000 0.000000 0.000000 0.000000 0.000000 0.000000 0.000000 0.000000 0.000000 0.000000 0.000000 0.000000 0.000000 0.000000 0.000000 0.000000 0.000000 0.000000 0.000000 0.000000 0.000000 0.000000 0.000000 0.000000 0.000000
0.039811 0.036215 0.032115 0.027549 0.022738 0.017790 0.012742 0.007600 0.003023 0.001107 0.000405 0.000148 0.000054 0.000020 0.000007 0.000003 0.000001 0.000000 0.000000 0.000000 0.000000 0.000000 0.000000 0.000000 0.000000 0.000000 0.000000 0.000000 0.000000 0.000000 0.000000 0.000000 0.000000 0.000000 0.000000 0.000000 0.000000 0.000000 0.000000 0.000000 0.000000 0.000000 0.000000 0.000000 0.000000 0.000000 0.000000 0.000000 0.000000 0.000000
0.041176 0.037348 0.033062 0.028357 0.023441 0.018406 0.013282 0.008070 0.003286 0.001203 0.000440 0.000161 0.000059 0.000022 0.000008 0.000003 0.000001 0.000000 0.000000 0.000000 0.000000 0.000000 0.000000 0.000000 0.000000 0.000000 0.000000 0.000000 0.000000 0.000000 0.000000 0.000000 0.000000 0.000000 0.000000 0.000000 0.000000 0.000000 0.000000 0.000000 0.000000 0.000000 0.000000 0.000000 0.000000 0.000000 0.000000 0.000000 0.000000 0.000000
0.043086 0.039020 0.034533 0.029650 0.024574 0.019395 0.014139 0.008807 0.003727 0.001364 0.000499 0.000183 0.000067 0.000024 0.000009 0.000003 0.000001 0.000000 0.000000 0.000000 0.000000 0.000000 0.000000 0.000000 0.000000 0.000000 0.000000 0.000000 0.000000 0.000000 0.000000 0.000000 0.000000 0.000000 0.000000 0.000000 0.000000 0.000000 0.000000 0.000000 0.000000 0.000000 0.000000 0.000000 0.000000 0.000000 0.000000 0.000000 0.000000 0.000000
0.043328 0.039320 0.034846 0.029947 0.024839 0.019621 0.014322 0.008944 0.003801 0.001391 0.000509 0.000186 0.000068 0.000025 0.000009 0.000003 0.000001 0.000000 0.000000 0.000000 0.000000 0.000000 0.000000 0.000000 0.000000 0.000000 0.000000 0.000000 0.000000 0.000000 0.000000 0.000000 0.000000 0.000000 0.000000 0.000000 0.000000 0.000000 0.000000 0.000000 0.000000 0.000000 0.000000 0.000000 0.000000 0.000000 0.000000 0.000000 0.000000 0.000000
0.043458 0.039380 0.034825 0.029867 0.024716 0.019459 0.014123 0.008708 0.003626 0.001327 0.000486 0.000178 0.000065 0.000024 0.000009 0.000003 0.000001 0.000000 0.000000 0.000000 0.000000 0.000000 0.000000 0.000000 0.000000 0.000000 0.000000 0.000000 0.000000 0.000000 0.000000 0.000000 0.000000 0.000000 0.000000 0.000000 0.000000 0.000000 0.000000 0.000000 0.000000 0.000000 0.000000 0.000000 0.000000 0.000000 0.000000 0.000000 0.000000 0.000000
0.043686 0.039400 0.034694 0.029652 0.024456 0.019170 0.013812 0.008378 0.003407 0.001247 0.000457 0.000167 0.000061 0.000022 0.000008 0.000003 0.000001 0.000000 0.000000 0.000000 0.000000 0.000000 0.000000 0.000000 0.000000 0.000000 0.000000 0.000000 0.000000 0.000000 0.000000 0.000000 0.000000 0.000000 0.000000 0.000000 0.000000 0.000000 0.000000 0.000000 0.000000 0.000000 0.000000 0.000000 0.000000 0.000000 0.000000 0.000000 0.000000 0.000000
0.042399 0.038542 0.034130 0.029271 0.024186 0.018966 0.013644 0.008225 0.003315 0.001213 0.000444 0.000163 0.000059 0.000022 0.000008 0.000003 0.000001 0.000000 0.000000 0.000000 0.000000 0.000000 0.000000 0.000000 0.000000 0.000000 0.000000 0.000000 0.000000 0.000000 0.000000 0.000000 0.000000 0.000000 0.000000 0.000000 0.000000 0.000000 0.000000 0.000000 0.000000 0.000000 0.000000 0.000000 0.000000 0.000000 0.000000 0.000000 0.000000 0.000000
0.044407 0.040089 0.035328 0.030200 0.024906 0.019525 0.014074 0.008552 0.003487 0.001276 0.000467 0.000171 0.000063 0.000023 0.000008 0.000003 0.000001 0.000000 0.000000 0.000000 0.000000 0.000000 0.000000 0.000000 0.000000 0.000000 0.000000 0.000000 0.000000 0.000000 0.000000 0.000000 0.000000 0.000000 0.000000 0.000000 0.000000 0.000000 0.000000 0.000000 0.000000 0.000000 0.000000 0.000000 0.000000 0.000000 0.000000 0.000000 0.000000 0.000000
0.043897 0.039710 0.035037 0.029993 0.024770 0.019439 0.014023 0.008522 0.003472 0.001271 0.000465 0.000170 0.000062 0.000023 0.000008 0.000003 0.000001 0.000000 0.000000 0.000000 0.000000 0.000000 0.000000 0.000000 0.000000 0.000000 0.000000 0.000000 0.000000 0.000000 0.000000 0.000000 0.000000 0.000000 0.000000 0.000000 0.000000 0.000000 0.000000 0.000000 0.000000 0.000000 0.000000 0.000000 0.000000 0.000000 0.000000 0.000000 0.000000 0.000000
0.043390 0.039341 0.034766 0.029794 0.024625 0.019337 0.013953 0.008477 0.003451 0.001263 0.000462 0.000169 0.000062 0.000023 0.000008 0.000003 0.000001 0.000000 0.000000 0.000000 0.000000 0.000000 0.000000 0.000000 0.000000 0.000000 0.000000 0.000000 0.000000 0.000000 0.000000 0.000000 0.000000 0.000000 0.000000 0.000000 0.000000 0.000000 0.000000 0.000000 0.000000 0.000000 0.000000 0.000000 0.000000 0.000000 0.000000 0.000000 0.000000 0.000000
0.044323 0.040128 0.035449 0.030385 0.025139 0.019788 0.014354 0.008837 0.003668 0.001343 0.000491 0.000180 0.000066 0.000024 0.000009 0.000003 0.000001 0.000000 0.000000 0.000000 0.000000 0.000000 0.000000 0.000000 0.000000 0.000000 0.000000 0.000000 0.000000 0.000000 0.000000 0.000000 0.000000 0.000000 0.000000 0.000000 0.000000 0.000000 0.000000 0.000000 0.000000 0.000000 0.000000 0.000000 0.000000 0.000000 0.000000 0.000000 0.000000 0.000000
0.044691 0.040556 0.035920 0.030874 0.025629 0.020272 0.014827 0.009297 0.003976 0.001455 0.000533 0.000195 0.000071 0.000026 0.000010 0.000004 0.000001 0.000000 0.000000 0.000000 0.000000 0.000000 0.000000 0.000000 0.000000 0.000000 0.000000 0.000000 0.000000 0.000000 0.000000 0.000000 0.000000 0.000000 0.000000 0.000000 0.000000 0.000000 0.000000 0.000000 0.000000 0.000000 0.000000 0.000000 0.000000 0.000000 0.000000 0.000000 0.000000 0.000000
0.044757 0.040719 0.036141 0.031143 0.025938 0.020611 0.015187 0.009669 0.004253 0.001557 0.000570 0.000209 0.000076 0.000028 0.000010 0.000004 0.000001 0.000001 0.000000 0.000000 0.000000 0.000000 0.000000 0.000000 0.000000 0.000000 0.000000 0.000000 0.000000 0.000000 0.000000 0.000000 0.000000 0.000000 0.000000 0.000000 0.000000 0.000000 0.000000 0.000000 0.000000 0.000000 0.000000 0.000000 0.000000 0.000000 0.000000 0.000000 0.000000 0.000000
0.045975 0.041692 0.036921 0.031791 0.026492 0.021095 0.015618 0.010059 0.004538 0.001661 0.000608 0.000223 0.000081 0.000030 0.000011 0.000004 0.000001 0.000001 0.000000 0.000000 0.000000 0.000000 0.000000 0.000000 0.000000 0.000000 0.000000 0.000000 0.000000 0.000000 0.000000 0.000000 0.000000 0.000000 0.000000 0.000000 0.000000 0.000000 0.000000 0.000000 0.000000 0.000000 0.000000 0.000000 0.000000 0.000000 0.000000 0.000000 0.000000 0.000000
0.045706 0.041436 0.036683 0.031581 0.026314 0.020949 0.015502 0.009970 0.004482 0.001640 0.000600 0.000220 0.000080 0.000029 0.000011 0.000004 0.000001 0.000001 0.000000 0.000000 0.000000 0.000000 0.000000 0.000000 0.000000 0.000000 0.000000 0.000000 0.000000 0.000000 0.000000 0.000000 0.000000 0.000000 0.000000 0.000000 0.000000 0.000000 0.000000 0.000000 0.000000 0.000000 0.000000 0.000000 0.000000 0.000000 0.000000 0.000000 0.000000 0.000000
0.043649 0.039874 0.035473 0.030625 0.025544 0.020317 0.014976 0.009526 0.004177 0.001529 0.000560 0.000205 0.000075 0.000027 0.000010 0.000004 0.000001 0.000000 0.000000 0.000000 0.000000 0.000000 0.000000 0.000000 0.000000 0.000000 0.000000 0.000000 0.000000 0.000000 0.000000 0.000000 0.000000 0.000000 0.000000 0.000000 0.000000 0.000000 0.000000 0.000000 0.000000 0.000000 0.000000 0.000000 0.000000 0.000000 0.000000 0.000000 0.000000 0.000000
0.045159 0.040801 0.035993 0.030868 0.025602 0.020257 0.014842 0.009352 0.004037 0.001478 0.000541 0.000198 0.000072 0.000027 0.000010 0.000004 0.000001 0.000000 0.000000 0.000000 0.000000 0.000000 0.000000 0.000000 0.000000 0.000000 0.000000 0.000000 0.000000 0.000000 0.000000 0.000000 0.000000 0.000000 0.000000 0.000000 0.000000 0.000000 0.000000 0.000000 0.000000 0.000000 0.000000 0.000000 0.000000 0.000000 0.000000 0.000000 0.000000 0.000000
0.043223 0.039288 0.034780 0.029910 0.024850 0.019666 0.014380 0.008993 0.003823 0.001399 0.000512 0.000187 0.000069 0.000025 0.000009 0.000003 0.000001 0.000000 0.000000 0.000000 0.000000 0.000000 0.000000 0.000000 0.000000 0.000000 0.000000 0.000000 0.000000 0.000000 0.000000 0.000000 0.000000 0.000000 0.000000 0.000000 0.000000 0.000000 0.000000 0.000000 0.000000 0.000000 0.000000 0.000000 0.000000 0.000000 0.000000 0.000000 0.000000 0.000000
0.043300 0.039252 0.034693 0.029812 0.024773 0.019631 0.014399 0.009074 0.003912 0.001432 0.000524 0.000192 0.000070 0.000026 0.000009 0.000003 0.000001 0.000000 0.000000 0.000000 0.000000 0.000000 0.000000 0.000000 0.000000 0.000000 0.000000 0.000000 0.000000 0.000000 0.000000 0.000000 0.000000 0.000000 0.000000 0.000000 0.000000 0.000000 0.000000 0.000000 0.000000 0.000000 0.000000 0.000000 0.000000 0.000000 0.000000 0.000000 0.000000 0.000000
0.042817 0.039096 0.034776 0.030079 0.025185 0.020161 0.015029 0.009792 0.004519 0.001654 0.000606 0.000222 0.000081 0.000030 0.000011 0.000004 0.000001 0.000001 0.000000 0.000000 0.000000 0.000000 0.000000 0.000000 0.000000 0.000000 0.000000 0.000000 0.000000 0.000000 0.000000 0.000000 0.000000 0.000000 0.000000 0.000000 0.000000 0.000000 0.000000 0.000000 0.000000 0.000000 0.000000 0.000000 0.000000 0.000000 0.000000 0.000000 0.000000 0.000000
0.045470 0.041318 0.036718 0.031844 0.026842 0.021758 0.016598 0.011355 0.006019 0.002219 0.000812 0.000297 0.000109 0.000040 0.000015 0.000005 0.000002 0.000001 0.000000 0.000000 0.000000 0.000000 0.000000 0.000000 0.000000 0.000000 0.000000 0.000000 0.000000 0.000000 0.000000 0.000000 0.000000 0.000000 0.000000 0.000000 0.000000 0.000000 0.000000 0.000000 0.000000 0.000000 0.000000 0.000000 0.000000 0.000000 0.000000 0.000000 0.000000 0.000000
0.045350 0.041741 0.037510 0.032880 0.028044 0.023081 0.018015 0.012852 0.007588 0.002985 0.001093 0.000400 0.000146 0.000054 0.000020 0.000007 0.000003 0.000001 0.000000 0.000000 0.000000 0.000000 0.000000 0.000000 0.000000 0.000000 0.000000 0.000000 0.000000 0.000000 0.000000 0.000000 0.000000 0.000000 0.000000 0.000000 0.000000 0.000000 0.000000 0.000000 0.000000 0.000000 0.000000 0.000000 0.000000 0.000000 0.000000 0.000000 0.000000 0.000000
0.046494 0.042564 0.038175 0.033485 0.028660 0.023755 0.018779 0.013726 0.008584 0.003651 0.001336 0.000489 0.000179 0.000066 0.000024 0.000009 0.000003 0.000001 0.000000 0.000000 0.000000 0.000000 0.000000 0.000000 0.000000 0.000000 0.000000 0.000000 0.000000 0.000000 0.000000 0.000000 0.000000 0.000000 0.000000 0.000000 0.000000 0.000000 0.000000 0.000000 0.000000 0.000000 0.000000 0.000000 0.000000 0.000000 0.000000 0.000000 0.000000 0.000000
0.044104 0.040766 0.036856 0.032575 0.028102 0.023507 0.018809 0.014011 0.009106 0.004173 0.001527 0.000559 0.000205 0.000075 0.000027 0.000010 0.000004 0.000001 0.000000 0.000000 0.000000 0.000000 0.000000 0.000000 0.000000 0.000000 0.000000 0.000000 0.000000 0.000000 0.000000 0.000000 0.000000 0.000000 0.000000 0.000000 0.000000 0.000000 0.000000 0.000000 0.000000 0.000000 0.000000 0.000000 0.000000 0.000000 0.000000 0.000000 0.000000 0.000000
0.043029 0.040034 0.036424 0.032411 0.028186 0.023822 0.019345 0.014760 0.010063 0.005249 0.001928 0.000706 0.000258 0.000095 0.000035 0.000013 0.000005 0.000002 0.000001 0.000000 0.000000 0.000000 0.000000 0.000000 0.000000 0.000000 0.000000 0.000000 0.000000 0.000000 0.000000 0.000000 0.000000 0.000000 0.000000 0.000000 0.000000 0.000000 0.000000 0.000000 0.000000 0.000000 0.000000 0.000000 0.000000 0.000000 0.000000 0.000000 0.000000 0.000000
0.045338 0.041882 0.037997 0.033846 0.029579 0.025239 0.020833 0.016352 0.011785 0.007118 0.002873 0.001052 0.000385 0.000141 0.000052 0.000019 0.000007 0.000003 0.000001 0.000000 0.000000 0.000000 0.000000 0.000000 0.000000 0.000000 0.000000 0.000000 0.000000 0.000000 0.000000 0.000000 0.000000 0.000000 0.000000 0.000000 0.000000 0.000000 0.000000 0.000000 0.000000 0.000000 0.000000 0.000000 0.000000 0.000000 0.000000 0.000000 0.000000 0.000000
0.043982 0.041219 0.037864 0.034141 0.030229 0.026198 0.022068 0.017844 0.013520 0.009089 0.004551 0.001666 0.000610 0.000223 0.000082 0.000030 0.000011 0.000004 0.000001 0.000001 0.000000 0.000000 0.000000 0.000000 0.000000 0.000000 0.000000 0.000000 0.000000 0.000000 0.000000 0.000000 0.000000 0.000000 0.000000 0.000000 0.000000 0.000000 0.000000 0.000000 0.000000 0.000000 0.000000 0.000000 0.000000 0.000000 0.000000 0.000000 0.000000 0.000000
0.043659 0.040941 0.037735 0.034222 0.030559 0.026800 0.022957 0.019026 0.014998 0.010863 0.006610 0.002691 0.000985 0.000361 0.000132 0.000048 0.000018 0.000006 0.000002 0.000001 0.000000 0.000000 0.000000 0.000000 0.000000 0.000000 0.000000 0.000000 0.000000 0.000000 0.000000 0.000000 0.000000 0.000000 0.000000 0.000000 0.000000 0.000000 0.000000 0.000000 0.000000 0.000000 0.000000 0.000000 0.000000 0.000000 0.000000 0.000000 0.000000 0.000000
0.041027 0.039005 0.036399 0.033427 0.030257 0.026949 0.023526 0.019991 0.016342 0.012571 0.008673 0.004646 0.001718 0.000629 0.000230 0.000084 0.000031 0.000011 0.000004 0.000002 0.000001 0.000000 0.000000 0.000000 0.000000 0.000000 0.000000 0.000000 0.000000 0.000000 0.000000 0.000000 0.000000 0.000000 0.000000 0.000000 0.000000 0.000000 0.000000 0.000000 0.000000 0.000000 0.000000 0.000000 0.000000 0.000000 0.000000 0.000000 0.000000 0.000000
0.041540 0.039565 0.037089 0.034291 0.031328 0.028256 0.025089 0.021825 0.018459 0.014981 0.011381 0.007652 0.003820 0.001398 0.000512 0.000187 0.000069 0.000025 0.000009 0.000003 0.000001 0.000000 0.000000 0.000000 0.000000 0.000000 0.000000 0.000000 0.000000 0.000000 0.000000 0.000000 0.000000 0.000000 0.000000 0.000000 0.000000 0.000000 0.000000 0.000000 0.000000 0.000000 0.000000 0.000000 0.000000 0.000000 0.000000 0.000000 0.000000 0.000000
0.042298 0.040633 0.038428 0.035872 0.033144 0.030309 0.027385 0.024373 0.021266 0.018055 0.014731 0.011285 0.007708 0.004047 0.001491 0.000546 0.000200 0.000073 0.000027 0.000010 0.000004 0.000001 0.000000 0.000000 0.000000 0.000000 0.000000 0.000000 0.000000 0.000000 0.000000 0.000000 0.000000 0.000000 0.000000 0.000000 0.000000 0.000000 0.000000 0.000000 0.000000 0.000000 0.000000 0.000000 0.000000 0.000000 0.000000 0.000000 0.000000 0.000000
0.043075 0.041610 0.039653 0.037374 0.034933 0.032389 0.029758 0.027039 0.024226 0.021312 0.018289 0.015147 0.011878 0.008474 0.004971 0.001959 0.000717 0.000262 0.000096 0.000035 0.000013 0.000005 0.000002 0.000001 0.000000 0.000000 0.000000 0.000000 0.000000 0.000000 0.000000 0.000000 0.000000 0.000000 0.000000 0.000000 0.000000 0.000000 0.000000 0.000000 0.000000 0.000000 0.000000 0.000000 0.000000 0.000000 0.000000 0.000000 0.000000 0.000000
0.042839 0.041891 0.040382 0.038503 0.036430 0.034233 0.031935 0.029542 0.027052 0.024459 0.021758 0.018941 0.016000 0.012927 0.009715 0.006376 0.003043 0.001114 0.000408 0.000149 0.000055 0.000020 0.000007 0.000003 0.000001 0.000000 0.000000 0.000000 0.000000 0.000000 0.000000 0.000000 0.000000 0.000000 0.000000 0.000000 0.000000 0.000000 0.000000 0.000000 0.000000 0.000000 0.000000 0.000000 0.000000 0.000000 0.000000 0.000000 0.000000 0.000000
0.044742 0.043689 0.042187 0.040376 0.038425 0.036395 0.034300 0.032139 0.029902 0.027581 0.025166 0.022648 0.020017 0.017264 0.014381 0.011359 0.008198 0.004955 0.002030 0.000743 0.000272 0.000100 0.000036 0.000013 0.000005 0.000002 0.000001 0.000000 0.000000 0.000000 0.000000 0.000000 0.000000 0.000000 0.000000 0.000000 0.000000 0.000000 0.000000 0.000000 0.000000 0.000000 0.000000 0.000000 0.000000 0.000000 0.000000 0.000000 0.000000 0.000000
0.044804 0.044122 0.042961 0.041471 0.039826 0.038091 0.036284 0.034409 0.032461 0.030431 0.028313 0.026097 0.023776 0.021340 0.018782 0.016092 0.013264 0.010291 0.007183 0.004042 0.001540 0.000564 0.000206 0.000076 0.000028 0.000010 0.000004 0.000001 0.000000 0.000000 0.000000 0.000000 0.000000 0.000000 0.000000 0.000000 0.000000 0.000000 0.000000 0.000000 0.000000 0.000000 0.000000 0.000000 0.000000 0.000000 0.000000 0.000000 0.000000 0.000000
0.044458 0.044146 0.043333 0.042170 0.040834 0.039397 0.037884 0.036298 0.034637 0.032897 0.031072 0.029153 0.027134 0.025007 0.022764 0.020398 0.017900 0.015263 0.012480 0.009549 0.006492 0.003432 0.001268 0.000464 0.000170 0.000062 0.000023 0.000008 0.000003 0.000001 0.000000 0.000000 0.000000 0.000000 0.000000 0.000000 0.000000 0.000000 0.000000 0.000000 0.000000 0.000000 0.000000 0.000000 0.000000 0.000000 0.000000 0.000000 0.000000 0.000000
0.045091 0.044804 0.044086 0.043048 0.041867 0.040611 0.039298 0.037930 0.036502 0.035006 0.033434 0.031780 0.030034 0.028190 0.026239 0.024174 0.021987 0.019670 0.017216 0.014618 0.011868 0.008969 0.005955 0.002953 0.001081 0.000396 0.000145 0.000053 0.000019 0.000007 0.000003 0.000001 0.000000 0.000000 0.000000 0.000000 0.000000 0.000000 0.000000 0.000000 0.000000 0.000000 0.000000 0.000000 0.000000 0.000000 0.000000 0.000000 0.000000 0.000000
0.044913 0.044815 0.044313 0.043495 0.042529 0.041484 0.040382 0.039226 0.038014 0.036741 0.035399 0.033982 0.032482 0.030893 0.029208 0.027417 0.025516 0.023495 0.021347 0.019065 0.016641 0.014069 0.011343 0.008467 0.005486 0.002554 0.000935 0.000342 0.000125 0.000046 0.000017 0.000006 0.000002 0.000001 0.000000 0.000000 0.000000 0.000000 0.000000 0.000000 0.000000 0.000000 0.000000 0.000000 0.000000 0.000000 0.000000 0.000000 0.000000 0.000000
0.044615 0.044917 0.044720 0.044108 0.043302 0.042403 0.041446 0.040442 0.039391 0.038290 0.037131 0.035908 0.034616 0.033245 0.031789 0.030241 0.028592 0.026837 0.024966 0.022973 0.020849 0.018589 0.016184 0.013627 0.010914 0.008051 0.005097 0.002255 0.000825 0.000302 0.000111 0.000040 0.000015 0.000005 0.000002 0.000001 0.000000 0.000000 0.000000 0.000000 0.000000 0.000000 0.000000 0.000000 0.000000 0.000000 0.000000 0.000000 0.000000 0.000000
0.046813 0.046515 0.045986 0.045210 0.044340 0.043444 0.042538 0.041619 0.040678 0.039708 0.038697 0.037639 0.036523 0.035342 0.034089 0.032755 0.031332 0.029814 0.028193 0.026461 0.024610 0.022634 0.020525 0.018275 0.015878 0.013327 0.010618 0.007758 0.004822 0.002061 0.000754 0.000276 0.000101 0.000037 0.000014 0.000005 0.000002 0.000001 0.000000 0.000000 0.000000 0.000000 0.000000 0.000000 0.000000 0.000000 0.000000 0.000000 0.000000 0.000000
0.044141 0.044853 0.045068 0.044832 0.044359 0.043770 0.043113 0.042408 0.041660 0.040870 0.040036 0.039152 0.038215 0.037217 0.036154 0.035017 0.033801 0.032499 0.031104 0.029608 0.028004 0.026286 0.024446 0.022476 0.020370 0.018121 0.015721 0.013164 0.010448 0.007580 0.004646 0.001941 0.000711 0.000260 0.000095 0.000035 0.000013 0.000005 0.000002 0.000001 0.000000 0.000000 0.000000 0.000000 0.000000 0.000000 0.000000 0.000000 0.000000 0.000000
0.047642 0.047517 0.047190 0.046597 0.045883 0.045145 0.044410 0.043681 0.042952 0.042212 0.041454 0.040668 0.039847 0.038981 0.038063 0.037086 0.036042 0.034923 0.033723 0.032433 0.031047 0.029558 0.027957 0.026239 0.024395 0.022418 0.020302 0.018039 0.015622 0.013046 0.010308 0.007419 0.004468 0.001820 0.000666 0.000244 0.000089 0.000033 0.000012 0.000004 0.000002 0.000001 0.000000 0.000000 0.000000 0.000000 0.000000 0.000000 0.000000 0.000000
0.046245 0.046704 0.046823 0.046573 0.046105 0.045556 0.044975 0.044381 0.043775 0.043155 0.042515 0.041852 0.041157 0.040424 0.039647 0.038819 0.037932 0.036980 0.035956 0.034851 0.033661 0.032376 0.030990 0.029496 0.027887 0.026156 0.024295 0.022297 0.020156 0.017864 0.015415 0.012803 0.010026 0.007098 0.004117 0.001606 0.000588 0.000215 0.000079 0.000029 0.000011 0.000004 0.000001 0.000001 0.000000 0.000000 0.000000 0.000000 0.000000 0.000000
0.046779 0.047131 0.047214 0.046976 0.046526 0.046005 0.045466 0.044926 0.044386 0.043842 0.043289 0.042721 0.042131 0.041512 0.040857 0.040159 0.039411 0.038606 0.037738 0.036798 0.035781 0.034678 0.033483 0.032189 0.030789 0.029276 0.027642 0.025880 0.023985 0.021948 0.019763 0.017423 0.014921 0.012252 0.009416 0.006431 0.003409 0.001259 0.000461 0.000169 0.000062 0.000023 0.000008 0.000003 0.000001 0.000000 0.000000 0.000000 0.000000 0.000000
0.047337 0.047502 0.047474 0.047185 0.046716 0.046200 0.045688 0.045190 0.044707 0.044231 0.043757 0.043276 0.042781 0.042265 0.041719 0.041138 0.040514 0.039840 0.039109 0.038314 0.037447 0.036503 0.035474 0.034354 0.033135 0.031810 0.030372 0.028815 0.027132 0.025316 0.023360 0.021258 0.019002 0.016586 0.014003 0.011250 0.008326 0.005266 0.002305 0.000844 0.000309 0.000113 0.000041 0.000015 0.000006 0.000002 0.000001 0.000000 0.000000 0.000000
0.046105 0.046602 0.046829 0.046748 0.046447 0.046070 0.045677 0.045285 0.044899 0.044515 0.044130 0.043737 0.043331 0.042905 0.042454 0.041969 0.041446 0.040877 0.040256 0.039577 0.038832 0.038015 0.037119 0.036137 0.035064 0.033892 0.032614 0.031224 0.029715 0.028080 0.026312 0.024406 0.022353 0.020149 0.017785 0.015257 0.012557 0.009681 0.006635 0.003500 0.001290 0.000472 0.000173 0.000063 0.000023 0.000008 0.000003 0.000001 0.000000 0.000000
0.046818 0.047200 0.047378 0.047286 0.046984 0.046614 0.046233 0.045860 0.045497 0.045142 0.044790 0.044435 0.044071 0.043692 0.043292 0.042865 0.042404 0.041902 0.041354 0.040752 0.040091 0.039363 0.038562 0.037682 0.036716 0.035657 0.034499 0.033235 0.031858 0.030363 0.028741 0.026987 0.025094 0.023056 0.020866 0.018518 0.016005 0.013321 0.010461 0.007422 0.004240 0.001623 0.000594 0.000218 0.000080 0.000029 0.000011 0.000004 0.000001 0.000001
0.047575 0.048007 0.048195 0.048095 0.047771 0.047377 0.046978 0.046594 0.046228 0.045877 0.045535 0.045195 0.044852 0.044500 0.044131 0.043739 0.043317 0.042860 0.042360 0.041812 0.041209 0.040544 0.039811 0.039003 0.038114 0.037138 0.036067 0.034896 0.033617 0.032225 0.030712 0.029073 0.027300 0.025388 0.023330 0.021120 0.018750 0.016216 0.013511 0.010629 0.007565 0.004337 0.001661 0.000608 0.000223 0.000081 0.000030 0.000011 0.000004 0.000001
0.047953 0.048302 0.048451 0.048345 0.048044 0.047683 0.047319 0.046968 0.046635 0.046315 0.046005 0.045699 0.045389 0.045071 0.044739 0.044384 0.044003 0.043588 0.043132 0.042630 0.042076 0.041462 0.040784 0.040033 0.039205 0.038292 0.037288 0.036187 0.034983 0.033668 0.032237 0.030683 0.029000 0.027182 0.025221 0.023113 0.020850 0.018427 0.015837 0.013075 0.010134 0.007009 0.003715 0.001369 0.000501 0.000183 0.000067 0.000025 0.000009 0.000003
0.047433 0.047850 0.048079 0.048061 0.047826 0.047520 0.047209 0.046912 0.046632 0.046365 0.046106 0.045850 0.045590 0.045319 0.045033 0.044725 0.044389 0.044019 0.043609 0.043153 0.042645 0.042079 0.041448 0.040746 0.039967 0.039106 0.038155 0.037108 0.035959 0.034703 0.033331 0.031839 0.030220 0.028468 0.026576 0.024539 0.022350 0.020003 0.017492 0.014812 0.011956 0.008918 0.005694 0.002467 0.000903 0.000331 0.000121 0.000044 0.000016 0.000006
0.045534 0.046372 0.046937 0.047194 0.047169 0.047020 0.046831 0.046632 0.046433 0.046236 0.046037 0.045835 0.045625 0.045401 0.045158 0.044892 0.044596 0.044265 0.043893 0.043474 0.043002 0.042471 0.041876 0.041209 0.040466 0.039639 0.038723 0.037711 0.036598 0.035377 0.034041 0.032586 0.031004 0.029289 0.027436 0.025438 0.023290 0.020984 0.018517 0.015880 0.013070 0.010079 0.006904 0.003539 0.001296 0.000474 0.000174 0.000064 0.000023 0.000009
0.047288 0.047673 0.047909 0.047932 0.047732 0.047454 0.047172 0.046910 0.046668 0.046444 0.046231 0.046023 0.045812 0.045592 0.045357 0.045099 0.044814 0.044494 0.044134 0.043727 0.043267 0.042747 0.042163 0.041507 0.040773 0.039956 0.039048 0.038045 0.036939 0.035725 0.034396 0.032947 0.031370 0.029661 0.027813 0.025821 0.023677 0.021378 0.018915 0.016285 0.013481 0.010497 0.007329 0.003971 0.001468 0.000537 0.000197 0.000072 0.000026 0.000010
0.046621 0.047312 0.047753 0.047916 0.047810 0.047591 0.047346 0.047104 0.046873 0.046653 0.046440 0.046229 0.046013 0.045787 0.045544 0.045279 0.044984 0.044654 0.044283 0.043864 0.043391 0.042859 0.042260 0.041588 0.040838 0.040002 0.039076 0.038053 0.036926 0.035690 0.034338 0.032865 0.031264 0.029530 0.027655 0.025636 0.023465 0.021137 0.018646 0.015987 0.013154 0.010141 0.006944 0.003559 0.001303 0.000477 0.000175 0.000064 0.000023 0.000009
0.047066 0.047495 0.047781 0.047857 0.047712 0.047481 0.047236 0.046999 0.046774 0.046559 0.046348 0.046136 0.045917 0.045684 0.045432 0.045154 0.044845 0.044498 0.044107 0.043667 0.043170 0.042610 0.041983 0.041281 0.040498 0.039628 0.038666 0.037604 0.036438 0.035160 0.033765 0.032246 0.030599 0.028816 0.026893 0.024822 0.022599 0.020218 0.017673 0.014959 0.012070 0.009001 0.005746 0.002490 0.000911 0.000334 0.000122 0.000045 0.000016 0.000006
0.045614 0.046305 0.046770 0.046969 0.046912 0.046747 0.046552 0.046353 0.046158 0.045965 0.045771 0.045569 0.045355 0.045124 0.044868 0.044583 0.044262 0.043899 0.043490 0.043026 0.042503 0.041915 0.041255 0.040517 0.039696 0.038785 0.037778 0.036670 0.035454 0.034123 0.032674 0.031098 0.029391 0.027547 0.025559 0.023423 0.021132 0.018682 0.016065 0.013278 0.010315 0.007171 0.003850 0.001422 0.000521 0.000191 0.000070 0.000026 0.000009 0.000003
0.044634 0.045371 0.045886 0.046132 0.046109 0.045968 0.045790 0.045604 0.045418 0.045230 0.045036 0.044832 0.044613 0.044372 0.044104 0.043802 0.043462 0.043077 0.042641 0.042148 0.041592 0.040968 0.040268 0.039488 0.038621 0.037660 0.036601 0.035437 0.034162 0.032771 0.031256 0.029613 0.027836 0.025919 0.023857 0.021643 0.019273 0.016740 0.014040 0.011167 0.008116 0.004884 0.001948 0.000713 0.000261 0.000096 0.000035 0.000013 0.000005 0.000002
0.044662 0.045287 0.045716 0.045895 0.045817 0.045630 0.045415 0.045196 0.044981 0.044766 0.044546 0.044315 0.044068 0.043798 0.043499 0.043165 0.042790 0.042367 0.041890 0.041354 0.040752 0.040078 0.039327 0.038491 0.037566 0.036545 0.035422 0.034191 0.032846 0.031382 0.029793 0.028072 0.026214 0.024214 0.022066 0.019764 0.017303 0.014678 0.011884 0.008914 0.005766 0.002567 0.000940 0.000344 0.000126 0.000046 0.000017 0.000006 0.000002 0.000001
0.043622 0.044497 0.045099 0.045395 0.045403 0.045278 0.045104 0.044911 0.044706 0.044492 0.044264 0.044018 0.043750 0.043453 0.043123 0.042754 0.042340 0.041874 0.041352 0.040767 0.040112 0.039383 0.038573 0.037676 0.036687 0.035598 0.034405 0.033101 0.031681 0.030138 0.028468 0.026663 0.024720 0.022631 0.020392 0.017997 0.015441 0.012719 0.009825 0.006755 0.003511 0.001288 0.000472 0.000173 0.000063 0.000023 0.000008 0.000003 0.000001 0.000000
0.044767 0.045273 0.045602 0.045694 0.045558 0.045333 0.045087 0.044840 0.044593 0.044343 0.044083 0.043808 0.043511 0.043184 0.042824 0.042421 0.041972 0.041469 0.040906 0.040278 0.039578 0.038800 0.037938 0.036987 0.035939 0.034790 0.033533 0.032163 0.030673 0.029058 0.027312 0.025429 0.023405 0.021233 0.018908 0.016425 0.013779 0.010964 0.007975 0.004808 0.001916 0.000701 0.000257 0.000094 0.000034 0.000013 0.000005 0.000002 0.000001 0.000000
0.043686 0.044325 0.044754 0.044918 0.044853 0.044694 0.044503 0.044299 0.044085 0.043859 0.043617 0.043354 0.043063 0.042738 0.042375 0.041965 0.041505 0.040987 0.040405 0.039754 0.039027 0.038219 0.037323 0.036334 0.035246 0.034052 0.032747 0.031325 0.029780 0.028107 0.026300 0.024353 0.022261 0.020019 0.017621 0.015062 0.012337 0.009441 0.006369 0.003125 0.001144 0.000419 0.000153 0.000056 0.000021 0.000008 0.000003 0.000001 0.000000 0.000000
0.042161 0.043054 0.043670 0.043976 0.044013 0.043933 0.043806 0.043655 0.043487 0.043300 0.043090 0.042852 0.042581 0.042271 0.041917 0.041514 0.041054 0.040532 0.039943 0.039280 0.038538 0.037710 0.036791 0.035775 0.034656 0.033429 0.032087 0.030624 0.029036 0.027316 0.025459 0.023459 0.021311 0.019010 0.016550 0.013926 0.011134 0.008168 0.005023 0.002048 0.000749 0.000274 0.000100 0.000037 0.000013 0.000005 0.000002 0.000001 0.000000 0.000000
0.042095 0.042891 0.043480 0.043799 0.043853 0.043783 0.043663 0.043519 0.043355 0.043170 0.042961 0.042721 0.042446 0.042130 0.041767 0.041352 0.040879 0.040341 0.039733 0.039050 0.038285 0.037432 0.036485 0.035439 0.034287 0.033024 0.031644 0.030142 0.028511 0.026745 0.024840 0.022790 0.020590 0.018234 0.015716 0.013033 0.010178 0.007148 0.003936 0.001465 0.000536 0.000196 0.000072 0.000026 0.000010 0.000004 0.000001 0.000000 0.000000 0.000000
0.042285 0.043233 0.043910 0.044279 0.044339 0.044249 0.044100 0.043922 0.043724 0.043506 0.043264 0.042993 0.042687 0.042341 0.041948 0.041502 0.040999 0.040430 0.039791 0.039075 0.038276 0.037388 0.036405 0.035322 0.034131 0.032827 0.031405 0.029858 0.028181 0.026368 0.024414 0.022312 0.020058 0.017647 0.015072 0.012330 0.009414 0.006321 0.003058 0.001119 0.000410 0.000150 0.000055 0.000020 0.000007 0.000003 0.000001 0.000000 0.000000 0.000000
0.044022 0.044633 0.045041 0.045190 0.045089 0.044885 0.044650 0.044404 0.044151 0.043887 0.043605 0.043298 0.042960 0.042583 0.042161 0.041687 0.041154 0.040556 0.039887 0.039140 0.038309 0.037387 0.036369 0.035249 0.034020 0.032676 0.031212 0.029621 0.027899 0.026038 0.024035 0.021882 0.019576 0.017110 0.014480 0.011679 0.008705 0.005550 0.002394 0.000876 0.000321 0.000117 0.000043 0.000016 0.000006 0.000002 0.000001 0.000000 0.000000 0.000000
0.043137 0.043896 0.044413 0.044638 0.044624 0.044510 0.044352 0.044171 0.043968 0.043743 0.043490 0.043204 0.042879 0.042509 0.042089 0.041611 0.041071 0.040462 0.039777 0.039011 0.038159 0.037212 0.036167 0.035017 0.033755 0.032377 0.030875 0.029246 0.027482 0.025578 0.023529 0.021330 0.018975 0.016459 0.013776 0.010922 0.007892 0.004681 0.001831 0.000670 0.000245 0.000090 0.000033 0.000012 0.000004 0.000002 0.000001 0.000000 0.000000 0.000000
0.041848 0.042787 0.043453 0.043802 0.043893 0.043865 0.043781 0.043659 0.043505 0.043318 0.043094 0.042830 0.042520 0.042160 0.041743 0.041264 0.040718 0.040099 0.039402 0.038620 0.037748 0.036780 0.035710 0.034532 0.033241 0.031831 0.030297 0.028631 0.026830 0.024888 0.022798 0.020557 0.018158 0.015596 0.012867 0.009965 0.006885 0.003625 0.001332 0.000487 0.000178 0.000065 0.000024 0.000009 0.000003 0.000001 0.000000 0.000000 0.000000 0.000000
0.041879 0.042696 0.043292 0.043602 0.043650 0.043579 0.043458 0.043305 0.043126 0.042917 0.042674 0.042391 0.042063 0.041684 0.041249 0.040751 0.040185 0.039545 0.038825 0.038020 0.037124 0.036130 0.035033 0.033828 0.032508 0.031067 0.029501 0.027803 0.025968 0.023990 0.021864 0.019585 0.017147 0.014546 0.011775 0.008831 0.005709 0.002528 0.000925 0.000339 0.000124 0.000045 0.000017 0.000006 0.000002 0.000001 0.000000 0.000000 0.000000 0.000000
0.041337 0.042328 0.043011 0.043356 0.043400 0.043305 0.043150 0.042960 0.042743 0.042498 0.042219 0.041904 0.041544 0.041136 0.040673 0.040148 0.039556 0.038891 0.038146 0.037316 0.036395 0.035376 0.034254 0.033022 0.031676 0.030208 0.028614 0.026887 0.025022 0.023014 0.020857 0.018545 0.016074 0.013438 0.010633 0.007653 0.004494 0.001742 0.000638 0.000233 0.000085 0.000031 0.000011 0.000004 0.000002 0.000001 0.000000 0.000000 0.000000 0.000000
0.041802 0.042479 0.042945 0.043140 0.043088 0.042929 0.042727 0.042502 0.042256 0.041985 0.041686 0.041351 0.040975 0.040550 0.040071 0.039531 0.038924 0.038243 0.037483 0.036637 0.035699 0.034663 0.033523 0.032272 0.030906 0.029418 0.027802 0.026053 0.024165 0.022132 0.019950 0.017612 0.015114 0.012450 0.009616 0.006606 0.003417 0.001252 0.000458 0.000168 0.000061 0.000022 0.000008 0.000003 0.000001 0.000000 0.000000 0.000000 0.000000 0.000000
0.040330 0.041206 0.041839 0.042175 0.042227 0.042145 0.042002 0.041825 0.041619 0.041381 0.041107 0.040793 0.040432 0.040019 0.039548 0.039013 0.038408 0.037728 0.036965 0.036115 0.035171 0.034127 0.032978 0.031717 0.030339 0.028837 0.027207 0.025442 0.023537 0.021486 0.019284 0.016927 0.014408 0.011722 0.008865 0.005832 0.002679 0.000981 0.000359 0.000131 0.000048 0.000018 0.000006 0.000002 0.000001 0.000000 0.000000 0.000000 0.000000 0.000000
0.039831 0.040778 0.041447 0.041804 0.041876 0.041812 0.041685 0.041520 0.041322 0.041092 0.040825 0.040516 0.040159 0.039750 0.039281 0.038747 0.038142 0.037461 0.036696 0.035843 0.034895 0.033846 0.032690 0.031422 0.030035 0.028525 0.026884 0.025108 0.023192 0.021129 0.018914 0.016542 0.014009 0.011308 0.008436 0.005386 0.002327 0.000852 0.000312 0.000114 0.000042 0.000015 0.000006 0.000002 0.000001 0.000000 0.000000 0.000000 0.000000 0.000000
0.040571 0.041306 0.041829 0.042080 0.042075 0.041955 0.041788 0.041592 0.041372 0.041123 0.040841 0.040519 0.040152 0.039733 0.039256 0.038714 0.038103 0.037415 0.036645 0.035785 0.034832 0.033778 0.032617 0.031344 0.029952 0.028436 0.026791 0.025010 0.023088 0.021020 0.018800 0.016423 0.013884 0.011178 0.008300 0.005245 0.002225 0.000814 0.000298 0.000109 0.000040 0.000015 0.000005 0.000002 0.000001 0.000000 0.000000 0.000000 0.000000 0.000000
0.040707 0.041485 0.042011 0.042242 0.042224 0.042097 0.041919 0.041712 0.041478 0.041217 0.040922 0.040589 0.040212 0.039785 0.039301 0.038754 0.038139 0.037448 0.036676 0.035816 0.034863 0.033810 0.032651 0.031381 0.029993 0.028482 0.026841 0.025065 0.023149 0.021087 0.018874 0.016504 0.013972 0.011273 0.008403 0.005355 0.002306 0.000844 0.000309 0.000113 0.000041 0.000015 0.000006 0.000002 0.000001 0.000000 0.000000 0.000000 0.000000 0.000000
0.040632 0.041393 0.041910 0.042136 0.042112 0.041982 0.041805 0.041602 0.041375 0.041122 0.040838 0.040516 0.040151 0.039736 0.039264 0.038731 0.038129 0.037452 0.036695 0.035851 0.034913 0.033876 0.032734 0.031481 0.030111 0.028618 0.026996 0.025239 0.023343 0.021301 0.019108 0.016759 0.014248 0.011571 0.008722 0.005697 0.002575 0.000942 0.000345 0.000126 0.000046 0.000017 0.000006 0.000002 0.000001 0.000000 0.000000 0.000000 0.000000 0.000000
0.039967 0.040724 0.041274 0.041554 0.041589 0.041517 0.041398 0.041250 0.041074 0.040869 0.040629 0.040349 0.040023 0.039644 0.039208 0.038708 0.038138 0.037493 0.036766 0.035952 0.035044 0.034037 0.032924 0.031701 0.030360 0.028897 0.027305 0.025579 0.023713 0.021702 0.019540 0.017222 0.014743 0.012098 0.009281 0.006288 0.003117 0.001141 0.000418 0.000153 0.000056 0.000020 0.000007 0.000003 0.000001 0.000000 0.000000 0.000000 0.000000 0.000000
0.038344 0.039563 0.040441 0.040964 0.041173 0.041224 0.041196 0.041117 0.040998 0.040840 0.040641 0.040398 0.040107 0.039762 0.039358 0.038889 0.038351 0.037737 0.037041 0.036257 0.035381 0.034405 0.033325 0.032133 0.030825 0.029394 0.027835 0.026142 0.024310 0.022333 0.020205 0.017922 0.015478 0.012867 0.010086 0.007128 0.003990 0.001496 0.000547 0.000200 0.000073 0.000027 0.000010 0.000004 0.000001 0.000000 0.000000 0.000000 0.000000 0.000000
0.040417 0.041028 0.041522 0.041815 0.041865 0.041794 0.041683 0.041551 0.041401 0.041228 0.041025 0.040785 0.040503 0.040170 0.039782 0.039332 0.038813 0.038220 0.037546 0.036787 0.035934 0.034984 0.033929 0.032765 0.031484 0.030081 0.028551 0.026888 0.025085 0.023139 0.021042 0.018790 0.016378 0.013799 0.011050 0.008126 0.005020 0.002058 0.000753 0.000276 0.000101 0.000037 0.000014 0.000005 0.000002 0.000001 0.000000 0.000000 0.000000 0.000000
0.038383 0.039812 0.040865 0.041547 0.041869 0.041983 0.041994 0.041943 0.041846 0.041707 0.041528 0.041304 0.041033 0.040710 0.040331 0.039889 0.039380 0.038797 0.038135 0.037388 0.036550 0.035615 0.034577 0.033430 0.032169 0.030786 0.029277 0.027636 0.025857 0.023934 0.021862 0.019636 0.017249 0.014697 0.011976 0.009078 0.006001 0.002789 0.001021 0.000374 0.000137 0.000050 0.000018 0.000007 0.000002 0.000001 0.000000 0.000000 0.000000 0.000000
0.042907 0.043288 0.043589 0.043728 0.043644 0.043435 0.043195 0.042951 0.042706 0.042454 0.042186 0.041895 0.041572 0.041210 0.040801 0.040338 0.039813 0.039221 0.038554 0.037806 0.036970 0.036041 0.035011 0.033874 0.032624 0.031255 0.029761 0.028137 0.026375 0.024471 0.022419 0.020213 0.017848 0.015318 0.012619 0.009745 0.006691 0.003453 0.001265 0.000463 0.000169 0.000062 0.000023 0.000008 0.000003 0.000001 0.000000 0.000000 0.000000 0.000000
0.040888 0.041833 0.042529 0.042949 0.043062 0.042990 0.042845 0.042669 0.042472 0.042255 0.042014 0.041743 0.041437 0.041089 0.040692 0.040240 0.039727 0.039146 0.038491 0.037755 0.036931 0.036014 0.034998 0.033875 0.032640 0.031286 0.029809 0.028200 0.026456 0.024569 0.022535 0.020348 0.018001 0.015491 0.012811 0.009957 0.006924 0.003706 0.001366 0.000500 0.000183 0.000067 0.000025 0.000009 0.000003 0.000001 0.000000 0.000000 0.000000 0.000000
0.038760 0.039932 0.040815 0.041387 0.041638 0.041704 0.041685 0.041618 0.041514 0.041375 0.041201 0.040987 0.040730 0.040423 0.040063 0.039643 0.039158 0.038602 0.037969 0.037254 0.036450 0.035551 0.034551 0.033445 0.032226 0.030888 0.029425 0.027832 0.026102 0.024230 0.022211 0.020038 0.017706 0.015211 0.012546 0.009707 0.006689 0.003486 0.001278 0.000468 0.000171 0.000063 0.000023 0.000008 0.000003 0.000001 0.000000 0.000000 0.000000 0.000000
0.039663 0.040323 0.040842 0.041153 0.041229 0.041186 0.041097 0.040984 0.040850 0.040693 0.040507 0.040288 0.040028 0.039722 0.039364 0.038947 0.038467 0.037915 0.037288 0.036578 0.035779 0.034886 0.033892 0.032791 0.031578 0.030246 0.028789 0.027202 0.025478 0.023612 0.021599 0.019433 0.017108 0.014619 0.011961 0.009129 0.006118 0.002940 0.001076 0.000394 0.000144 0.000053 0.000019 0.000007 0.000003 0.000001 0.000000 0.000000 0.000000 0.000000
0.038451 0.039450 0.040172 0.040599 0.040728 0.040695 0.040598 0.040468 0.040315 0.040139 0.039935 0.039698 0.039423 0.039104 0.038733 0.038306 0.037816 0.037256 0.036621 0.035905 0.035100 0.034201 0.033203 0.032097 0.030880 0.029544 0.028084 0.026494 0.024767 0.022899 0.020884 0.018716 0.016389 0.013899 0.011240 0.008407 0.005395 0.002351 0.000861 0.000315 0.000115 0.000042 0.000015 0.000006 0.000002 0.000001 0.000000 0.000000 0.000000 0.000000
0.038561 0.039238 0.039771 0.040095 0.040171 0.040111 0.039999 0.039862 0.039706 0.039527 0.039322 0.039084 0.038808 0.038486 0.038114 0.037684 0.037190 0.036627 0.035988 0.035267 0.034458 0.033554 0.032551 0.031441 0.030218 0.028878 0.027413 0.025818 0.024086 0.022214 0.020194 0.018021 0.015690 0.013195 0.010532 0.007694 0.004678 0.001877 0.000687 0.000252 0.000092 0.000034 0.000012 0.000005 0.000002 0.000001 0.000000 0.000000 0.000000 0.000000
0.036358 0.037528 0.038404 0.038969 0.039209 0.039256 0.039218 0.039134 0.039016 0.038866 0.038682 0.038460 0.038195 0.037882 0.037516 0.037090 0.036600 0.036038 0.035401 0.034680 0.033871 0.032968 0.031964 0.030853 0.029630 0.028288 0.026822 0.025225 0.023492 0.021618 0.019596 0.017421 0.015088 0.012591 0.009925 0.007085 0.004066 0.001547 0.000566 0.000207 0.000076 0.000028 0.000010 0.000004 0.000001 0.000000 0.000000 0.000000 0.000000 0.000000
0.037397 0.038129 0.038677 0.038996 0.039064 0.039002 0.038889 0.038751 0.038593 0.038414 0.038208 0.037969 0.037693 0.037372 0.037000 0.036571 0.036078 0.035517 0.034880 0.034161 0.033355 0.032454 0.031453 0.030346 0.029126 0.027788 0.026326 0.024733 0.023005 0.021134 0.019116 0.016945 0.014616 0.012122 0.009459 0.006622 0.003606 0.001335 0.000489 0.000179 0.000065 0.000024 0.000009 0.000003 0.000001 0.000000 0.000000 0.000000 0.000000 0.000000
0.036503 0.037299 0.037899 0.038258 0.038358 0.038322 0.038232 0.038114 0.037973 0.037809 0.037617 0.037391 0.037126 0.036815 0.036454 0.036035 0.035554 0.035003 0.034376 0.033669 0.032873 0.031984 0.030994 0.029899 0.028691 0.027365 0.025915 0.024334 0.022617 0.020758 0.018752 0.016592 0.014273 0.011790 0.009137 0.006309 0.003301 0.001211 0.000443 0.000162 0.000059 0.000022 0.000008 0.000003 0.000001 0.000000 0.000000 0.000000 0.000000 0.000000
0.035194 0.036152 0.036868 0.037314 0.037484 0.037505 0.037461 0.037380 0.037271 0.037133 0.036964 0.036760 0.036516 0.036225 0.035883 0.035483 0.035021 0.034489 0.033882 0.033194 0.032418 0.031548 0.030578 0.029503 0.028315 0.027008 0.025577 0.024016 0.022318 0.020477 0.018489 0.016346 0.014044 0.011577 0.008940 0.006128 0.003134 0.001147 0.000420 0.000154 0.000056 0.000021 0.000008 0.000003 0.000001 0.000000 0.000000 0.000000 0.000000 0.000000
0.035376 0.036117 0.036671 0.037000 0.037086 0.037046 0.036959 0.036850 0.036724 0.036578 0.036408 0.036208 0.035973 0.035694 0.035367 0.034985 0.034541 0.034029 0.033443 0.032776 0.032023 0.031176 0.030229 0.029176 0.028011 0.026727 0.025318 0.023779 0.022103 0.020283 0.018316 0.016193 0.013911 0.011463 0.008844 0.006048 0.003071 0.001124 0.000411 0.000151 0.000055 0.000020 0.000007 0.000003 0.000001 0.000000 0.000000 0.000000 0.000000 0.000000
0.034783 0.035476 0.036014 0.036351 0.036459 0.036440 0.036373 0.036284 0.036178 0.036052 0.035903 0.035725 0.035510 0.035253 0.034947 0.034586 0.034163 0.033673 0.033109 0.032463 0.031731 0.030905 0.029979 0.028947 0.027802 0.026538 0.025149 0.023629 0.021971 0.020171 0.018220 0.016115 0.013849 0.011417 0.008813 0.006033 0.003070 0.001124 0.000411 0.000151 0.000055 0.000020 0.000007 0.000003 0.000001 0.000000 0.000000 0.000000 0.000000 0.000000
0.033358 0.034336 0.035099 0.035619 0.035866 0.035932 0.035924 0.035880 0.035809 0.035714 0.035590 0.035434 0.035239 0.035000 0.034711 0.034366 0.033958 0.033482 0.032931 0.032299 0.031580 0.030766 0.029853 0.028833 0.027699 0.026447 0.025069 0.023560 0.021913 0.020123 0.018183 0.016087 0.013831 0.011408 0.008812 0.006040 0.003085 0.001129 0.000413 0.000151 0.000055 0.000020 0.000007 0.000003 0.000001 0.000000 0.000000 0.000000 0.000000 0.000000
