0.094194 0.095073 0.095896 0.096641 0.097277 0.097757 0.098102 0.098511 0.099100 0.099912 0.100965 0.102266 0.103819 0.105627 0.107694 0.110024 0.112620 0.115488 0.118634 0.122062 0.125781 0.129796 0.134118 0.138754 0.143715 0.149010 0.154652 0.160653 0.167026 0.173787 0.180950 0.188534 0.196556 0.205037 0.213999 0.223464 0.233460 0.244013 0.255140 0.266677 0.278446 0.290376 0.302439 0.314623 0.326922 0.339333 0.351851 0.364474 0.377200 0.390027
0.092435 0.093812 0.095019 0.096066 0.096943 0.097620 0.098130 0.098686 0.099405 0.100334 0.101492 0.102889 0.104531 0.106422 0.108566 0.110968 0.113633 0.116567 0.119774 0.123263 0.127039 0.131111 0.135486 0.140175 0.145188 0.150534 0.156225 0.162274 0.168696 0.175503 0.182713 0.190342 0.198409 0.206934 0.215939 0.225448 0.235485 0.246079 0.257250 0.268843 0.280673 0.292665 0.304789 0.317034 0.329392 0.341860 0.354435 0.367114 0.379894 0.392774
0.095570 0.096285 0.097066 0.097841 0.098547 0.099118 0.099578 0.100125 0.100861 0.101824 0.103030 0.104483 0.106186 0.108144 0.110359 0.112834 0.115575 0.118586 0.121872 0.125440 0.129297 0.133451 0.137908 0.142680 0.147774 0.153203 0.158978 0.165110 0.171614 0.178505 0.185798 0.193509 0.201659 0.210266 0.219352 0.228941 0.239059 0.249732 0.260985 0.272679 0.284618 0.296721 0.308957 0.321311 0.333778 0.346354 0.359034 0.371818 0.384702 0.397685
0.094452 0.096216 0.097698 0.098942 0.099960 0.100735 0.101343 0.102008 0.102844 0.103896 0.105184 0.106717 0.108501 0.110541 0.112840 0.115402 0.118231 0.121334 0.124715 0.128380 0.132336 0.136590 0.141151 0.146028 0.151229 0.156766 0.162650 0.168893 0.175509 0.182511 0.189917 0.197742 0.206006 0.214727 0.223928 0.233631 0.243863 0.254651 0.266020 0.277852 0.289939 0.302194 0.314581 0.327087 0.339704 0.352428 0.365257 0.378187 0.391215 0.404341
0.098790 0.099629 0.100525 0.101404 0.102200 0.102841 0.103400 0.104079 0.104967 0.106095 0.107475 0.109111 0.111005 0.113160 0.115577 0.118261 0.121215 0.124444 0.127954 0.131749 0.135837 0.140224 0.144920 0.149933 0.155272 0.160947 0.166971 0.173356 0.180113 0.187259 0.194809 0.202779 0.211188 0.220056 0.229403 0.239253 0.249632 0.260566 0.272084 0.284086 0.296357 0.308798 0.321372 0.334064 0.346866 0.359774 0.372784 0.385894 0.399101 0.412404
0.097433 0.099113 0.100600 0.101903 0.103005 0.103877 0.104671 0.105579 0.106680 0.108008 0.109576 0.111393 0.113462 0.115788 0.118375 0.121227 0.124348 0.127743 0.131419 0.135381 0.139636 0.144191 0.149055 0.154236 0.159745 0.165591 0.171786 0.178342 0.185272 0.192592 0.200316 0.208461 0.217045 0.226088 0.235611 0.245638 0.256193 0.267304 0.279000 0.291201 0.303682 0.316338 0.329127 0.342032 0.355046 0.368164 0.381383 0.394700 0.408112 0.421617
0.099471 0.100870 0.102222 0.103479 0.104585 0.105496 0.106388 0.107428 0.108682 0.110174 0.111914 0.113906 0.116153 0.118659 0.121428 0.124462 0.127767 0.131347 0.135208 0.139356 0.143798 0.148541 0.153594 0.158966 0.164665 0.170703 0.177091 0.183842 0.190967 0.198482 0.206402 0.214744 0.223526 0.232768 0.242490 0.252716 0.263471 0.274781 0.286677 0.299094 0.311805 0.324693 0.337714 0.350850 0.364094 0.377439 0.390883 0.404423 0.418057 0.431782
0.099358 0.101379 0.103192 0.104796 0.106163 0.107287 0.108388 0.109628 0.111074 0.112752 0.114675 0.116849 0.119278 0.121967 0.124918 0.128137 0.131628 0.135397 0.139448 0.143788 0.148425 0.153364 0.158615 0.164185 0.170086 0.176327 0.182918 0.189874 0.197206 0.204929 0.213058 0.221610 0.230603 0.240056 0.249991 0.260430 0.271397 0.282921 0.295030 0.307672 0.320618 0.333745 0.347004 0.360378 0.373857 0.387437 0.401114 0.414886 0.428749 0.442703
0.103250 0.104810 0.106325 0.107741 0.108988 0.110063 0.111189 0.112499 0.114046 0.115846 0.117907 0.120231 0.122820 0.125676 0.128802 0.132201 0.135877 0.139834 0.144077 0.148613 0.153447 0.158587 0.164041 0.169817 0.175924 0.182374 0.189176 0.196343 0.203889 0.211826 0.220171 0.228939 0.238149 0.247820 0.257973 0.268630 0.279816 0.291557 0.303884 0.316753 0.329934 0.343298 0.356796 0.370407 0.384123 0.397938 0.411849 0.425854 0.439950 0.454135
0.103264 0.105403 0.107360 0.109116 0.110627 0.111946 0.113317 0.114866 0.116642 0.118666 0.120945 0.123484 0.126285 0.129353 0.132690 0.136299 0.140186 0.144354 0.148809 0.153557 0.158605 0.163958 0.169627 0.175618 0.181942 0.188608 0.195627 0.203013 0.210776 0.218932 0.227496 0.236483 0.245912 0.255801 0.266172 0.277046 0.288449 0.300407 0.312948 0.326040 0.339454 0.353054 0.366788 0.380636 0.394588 0.408640 0.422786 0.437026 0.451356 0.465774
0.104273 0.106436 0.108485 0.110370 0.112024 0.113535 0.115133 0.116922 0.118942 0.121209 0.123729 0.126506 0.129544 0.132844 0.136411 0.140248 0.144360 0.148753 0.153431 0.158401 0.163669 0.169243 0.175131 0.181341 0.187882 0.194766 0.202003 0.209605 0.217585 0.225957 0.234735 0.243936 0.253578 0.263679 0.274260 0.285344 0.296954 0.309117 0.321861 0.335167 0.348811 0.362648 0.376621 0.390709 0.404900 0.419190 0.433576 0.448053 0.462620 0.477275
0.104009 0.106730 0.109223 0.111461 0.113399 0.115178 0.117032 0.119064 0.121315 0.123805 0.126541 0.129529 0.132775 0.136281 0.140053 0.144095 0.148411 0.153007 0.157889 0.163062 0.168534 0.174312 0.180403 0.186817 0.193562 0.200649 0.208089 0.215893 0.224074 0.232646 0.241624 0.251024 0.260862 0.271159 0.281933 0.293207 0.305005 0.317353 0.330279 0.343781 0.357653 0.371730 0.385947 0.400280 0.414716 0.429251 0.443881 0.458603 0.473413 0.488310
0.108082 0.110389 0.112569 0.114573 0.116339 0.118031 0.119859 0.121908 0.124210 0.126774 0.129606 0.132706 0.136076 0.139717 0.143633 0.147826 0.152300 0.157058 0.162106 0.167449 0.173093 0.179046 0.185314 0.191905 0.198829 0.206095 0.213715 0.221698 0.230059 0.238809 0.247964 0.257540 0.267552 0.278020 0.288964 0.300405 0.312365 0.324872 0.337952 0.351622 0.365714 0.380033 0.394500 0.409085 0.423774 0.438562 0.453443 0.468416 0.483477 0.498623
0.109356 0.111784 0.114092 0.116213 0.118087 0.119906 0.121869 0.124055 0.126495 0.129199 0.132170 0.135412 0.138926 0.142714 0.146779 0.151122 0.155749 0.160662 0.165867 0.171368 0.177172 0.183285 0.189714 0.196468 0.203554 0.210982 0.218763 0.226908 0.235428 0.244337 0.253648 0.263378 0.273542 0.284159 0.295248 0.306830 0.318928 0.331566 0.344772 0.358573 0.372867 0.387425 0.402146 0.416989 0.431937 0.446983 0.462122 0.477351 0.492668 0.508069
0.108741 0.111722 0.114425 0.116834 0.118934 0.120964 0.123123 0.125494 0.128110 0.130983 0.134121 0.137526 0.141202 0.145151 0.149376 0.153880 0.158667 0.163739 0.169103 0.174763 0.180725 0.186995 0.193581 0.200489 0.207729 0.215310 0.223241 0.231534 0.240200 0.249252 0.258704 0.268570 0.278868 0.289613 0.300827 0.312528 0.324739 0.337484 0.350790 0.364686 0.379142 0.393927 0.408898 0.423998 0.439205 0.454509 0.469906 0.485392 0.500964 0.516618
0.111177 0.113495 0.115798 0.117973 0.119960 0.121979 0.124193 0.126660 0.129399 0.132414 0.135703 0.139266 0.143104 0.147216 0.151605 0.156272 0.161221 0.166455 0.171977 0.177795 0.183911 0.190334 0.197070 0.204126 0.211511 0.219233 0.227303 0.235731 0.244529 0.253709 0.263285 0.273272 0.283684 0.294540 0.305858 0.317657 0.329960 0.342790 0.356173 0.370137 0.384697 0.399678 0.414881 0.430226 0.445682 0.461236 0.476882 0.492615 0.508433 0.524332
0.107399 0.110967 0.114174 0.117010 0.119515 0.121973 0.124557 0.127341 0.130353 0.133610 0.137119 0.140884 0.144911 0.149202 0.153761 0.158592 0.163698 0.169085 0.174757 0.180719 0.186978 0.193538 0.200409 0.207596 0.215109 0.222956 0.231147 0.239693 0.248605 0.257894 0.267575 0.277662 0.288170 0.299116 0.310518 0.322395 0.334769 0.347662 0.361101 0.375110 0.389721 0.404847 0.420252 0.435818 0.451503 0.467287 0.483163 0.499126 0.515172 0.531300
0.110204 0.113235 0.116115 0.118752 0.121154 0.123581 0.126183 0.129017 0.132103 0.135447 0.139054 0.142925 0.147061 0.151465 0.156139 0.161086 0.166308 0.171811 0.177598 0.183674 0.190045 0.196718 0.203697 0.210992 0.218610 0.226560 0.234851 0.243493 0.252498 0.261877 0.271644 0.281812 0.292396 0.303414 0.314881 0.326818 0.339245 0.352184 0.365659 0.379697 0.394327 0.409538 0.425104 0.440862 0.456748 0.472738 0.488821 0.504991 0.521244 0.537578
0.112187 0.115141 0.117938 0.120500 0.122856 0.125273 0.127892 0.130764 0.133903 0.137315 0.140998 0.144953 0.149179 0.153676 0.158445 0.163489 0.168811 0.174412 0.180298 0.186473 0.192941 0.199709 0.206784 0.214172 0.221881 0.229919 0.238296 0.247021 0.256106 0.265562 0.275402 0.285638 0.296287 0.307363 0.318884 0.330868 0.343336 0.356309 0.369810 0.383866 0.398504 0.413745 0.429433 0.445353 0.461416 0.477589 0.493856 0.510211 0.526650 0.543170
0.109393 0.113219 0.116710 0.119818 0.122624 0.125418 0.128350 0.131483 0.134846 0.138450 0.142303 0.146410 0.150775 0.155401 0.160292 0.165451 0.170883 0.176591 0.182579 0.188854 0.195419 0.202282 0.209449 0.216926 0.224722 0.232844 0.241302 0.250105 0.259264 0.268791 0.278697 0.288996 0.299703 0.310832 0.322400 0.334426 0.346929 0.359930 0.373451 0.387519 0.402159 0.417401 0.433172 0.449228 0.465448 0.481784 0.498218 0.514740 0.531347 0.548035
0.112214 0.115470 0.118551 0.121368 0.123980 0.126654 0.129522 0.132633 0.136003 0.139636 0.143535 0.147700 0.152131 0.156830 0.161799 0.167039 0.172553 0.178345 0.184419 0.190778 0.197428 0.204375 0.211624 0.219182 0.227056 0.235255 0.243787 0.252661 0.261889 0.271480 0.281447 0.291803 0.302562 0.313738 0.325349 0.337411 0.349943 0.362967 0.376505 0.390579 0.405218 0.420449 0.436262 0.452430 0.468788 0.485272 0.501857 0.518533 0.535293 0.552133
0.112839 0.116178 0.119299 0.122131 0.124749 0.127432 0.130315 0.133447 0.136847 0.140518 0.144462 0.148678 0.153166 0.157927 0.162960 0.168268 0.173852 0.179716 0.185861 0.192293 0.199015 0.206033 0.213352 0.220980 0.228921 0.237186 0.245781 0.254716 0.264002 0.273648 0.283666 0.294069 0.304871 0.316085 0.327729 0.339819 0.352373 0.365412 0.378957 0.393032 0.407663 0.422876 0.438692 0.454944 0.471421 0.488037 0.504758 0.521571 0.538469 0.555449
0.112103 0.115532 0.118781 0.121754 0.124517 0.127339 0.130354 0.133611 0.137126 0.140904 0.144947 0.149257 0.153833 0.158676 0.163788 0.169171 0.174828 0.180761 0.186974 0.193471 0.200256 0.207336 0.214714 0.222398 0.230395 0.238712 0.247358 0.256340 0.265670 0.275357 0.285413 0.295850 0.306682 0.317922 0.329586 0.341691 0.354255 0.367297 0.380839 0.394903 0.409514 0.424700 0.440488 0.456789 0.473362 0.490091 0.506932 0.523867 0.540888 0.557990
0.109958 0.114087 0.117838 0.121173 0.124199 0.127220 0.130388 0.133768 0.137384 0.141248 0.145368 0.149746 0.154385 0.159288 0.164457 0.169895 0.175604 0.181588 0.187851 0.194396 0.201228 0.208352 0.215774 0.223500 0.231536 0.239890 0.248571 0.257585 0.266944 0.276658 0.286736 0.297193 0.308039 0.319290 0.330960 0.343066 0.355625 0.368657 0.382181 0.396220 0.410799 0.425943 0.441682 0.457991 0.474633 0.491455 0.508398 0.525438 0.542566 0.559775
0.114303 0.117257 0.120154 0.122871 0.125469 0.128198 0.131168 0.134415 0.137947 0.141763 0.145858 0.150230 0.154877 0.159796 0.164989 0.170454 0.176193 0.182209 0.188504 0.195082 0.201945 0.209100 0.216550 0.224303 0.232364 0.240741 0.249441 0.258473 0.267846 0.277570 0.287656 0.298116 0.308962 0.320208 0.331869 0.343960 0.356499 0.369504 0.382996 0.396995 0.411527 0.426615 0.442288 0.458560 0.475243 0.492137 0.509164 0.526293 0.543512 0.560814
0.110000 0.114060 0.117791 0.121138 0.124208 0.127297 0.130545 0.134010 0.137714 0.141668 0.145875 0.150338 0.155060 0.160043 0.165288 0.170797 0.176575 0.182624 0.188947 0.195548 0.202432 0.209604 0.217068 0.224832 0.232902 0.241284 0.249986 0.259018 0.268387 0.278105 0.288180 0.298626 0.309454 0.320678 0.332312 0.344371 0.356873 0.369835 0.383277 0.397221 0.411689 0.426706 0.442299 0.458496 0.475185 0.492130 0.509225 0.526429 0.543724 0.561104
0.111289 0.115134 0.118721 0.121969 0.124967 0.127998 0.131200 0.134626 0.138297 0.142221 0.146401 0.150840 0.155539 0.160500 0.165725 0.171216 0.176976 0.183007 0.189312 0.195897 0.202764 0.209918 0.217365 0.225111 0.233160 0.241522 0.250202 0.259210 0.268554 0.278243 0.288288 0.298700 0.309491 0.320675 0.332264 0.344275 0.356723 0.369626 0.383004 0.396876 0.411266 0.426197 0.441695 0.457790 0.474446 0.491421 0.508569 0.525835 0.543197 0.560645
0.114830 0.118208 0.121365 0.124228 0.126892 0.129636 0.132593 0.135809 0.139301 0.143071 0.147119 0.151444 0.156044 0.160919 0.166068 0.171491 0.177190 0.183166 0.189422 0.195960 0.202784 0.209897 0.217305 0.225012 0.233024 0.241348 0.249991 0.258960 0.268263 0.277911 0.287912 0.298278 0.309020 0.320151 0.331684 0.343635 0.356018 0.368852 0.382154 0.395944 0.410245 0.425080 0.440475 0.456456 0.473035 0.490017 0.507206 0.524526 0.541947 0.559456
0.115238 0.118431 0.121472 0.124257 0.126865 0.129565 0.132482 0.135662 0.139118 0.142853 0.146867 0.151159 0.155726 0.160569 0.165688 0.171082 0.176752 0.182700 0.188928 0.195438 0.202234 0.209319 0.216697 0.224374 0.232355 0.240646 0.249255 0.258187 0.267452 0.277058 0.287015 0.297333 0.308025 0.319101 0.330575 0.342462 0.354777 0.367536 0.380758 0.394462 0.408669 0.423403 0.438687 0.454550 0.471017 0.487979 0.505196 0.522563 0.540037 0.557602
0.113032 0.116501 0.119725 0.122639 0.125350 0.128134 0.131120 0.134358 0.137863 0.141641 0.145692 0.150015 0.154609 0.159474 0.164610 0.170018 0.175697 0.181651 0.187880 0.194388 0.201178 0.208254 0.215619 0.223280 0.231241 0.239509 0.248090 0.256991 0.266222 0.275789 0.285704 0.295976 0.306616 0.317637 0.329051 0.340872 0.353115 0.365798 0.378936 0.392550 0.406660 0.421288 0.436459 0.452198 0.468535 0.485438 0.502665 0.520068 0.537587 0.555202
0.110319 0.113952 0.117379 0.120509 0.123401 0.126336 0.129453 0.132803 0.136405 0.140263 0.144381 0.148758 0.153395 0.158293 0.163452 0.168875 0.174564 0.180520 0.186746 0.193246 0.200023 0.207081 0.214426 0.222061 0.229993 0.238228 0.246773 0.255635 0.264821 0.274342 0.284205 0.294422 0.305002 0.315959 0.327304 0.339052 0.351216 0.363814 0.376862 0.390379 0.404385 0.418902 0.433953 0.449564 0.465763 0.482563 0.499774 0.517196 0.534749 0.552401
0.109214 0.113227 0.116907 0.120204 0.123188 0.126159 0.129276 0.132604 0.136169 0.139981 0.144047 0.148370 0.152950 0.157791 0.162893 0.168259 0.173890 0.179789 0.185959 0.192402 0.199123 0.206124 0.213411 0.220988 0.228862 0.237037 0.245520 0.254318 0.263440 0.272894 0.282688 0.292832 0.303338 0.314217 0.325480 0.337142 0.349217 0.361720 0.374668 0.388080 0.401974 0.416373 0.431298 0.446776 0.462833 0.479496 0.496659 0.514081 0.531652 0.549331
0.114815 0.117796 0.120638 0.123256 0.125676 0.128172 0.130889 0.133879 0.137155 0.140720 0.144571 0.148704 0.153117 0.157807 0.162774 0.168016 0.173533 0.179327 0.185397 0.191747 0.198378 0.205293 0.212497 0.219994 0.227787 0.235884 0.244289 0.253010 0.262053 0.271428 0.281142 0.291204 0.301626 0.312419 0.323593 0.335163 0.347143 0.359546 0.372391 0.385693 0.399474 0.413752 0.428550 0.443894 0.459808 0.476322 0.493403 0.510806 0.528384 0.546078
0.115476 0.118338 0.121101 0.123660 0.126011 0.128424 0.131052 0.133951 0.137136 0.140611 0.144373 0.148419 0.152748 0.157356 0.162243 0.167407 0.172849 0.178568 0.184566 0.190845 0.197406 0.204252 0.211387 0.218815 0.226540 0.234568 0.242903 0.251554 0.260525 0.269827 0.279466 0.289452 0.299795 0.310505 0.321595 0.333078 0.344966 0.357274 0.370019 0.383217 0.396887 0.411050 0.425727 0.440942 0.456720 0.473090 0.490060 0.507429 0.525004 0.542709
0.112036 0.115606 0.118862 0.121777 0.124384 0.126979 0.129737 0.132727 0.135976 0.139493 0.143281 0.147341 0.151672 0.156275 0.161149 0.166294 0.171711 0.177402 0.183368 0.189610 0.196132 0.202937 0.210028 0.217409 0.225084 0.233060 0.241342 0.249936 0.258849 0.268089 0.277664 0.287583 0.297856 0.308494 0.319508 0.330910 0.342714 0.354935 0.367587 0.380689 0.394257 0.408313 0.422876 0.437971 0.453621 0.469856 0.486700 0.504021 0.521586 0.539295
0.111966 0.115134 0.118177 0.120993 0.123555 0.126125 0.128870 0.131851 0.135092 0.138599 0.142373 0.146415 0.150725 0.155302 0.160147 0.165260 0.170642 0.176295 0.182221 0.188421 0.194899 0.201658 0.208700 0.216031 0.223656 0.231578 0.239804 0.248341 0.257194 0.266373 0.275884 0.285737 0.295942 0.306508 0.317448 0.328773 0.340497 0.352634 0.365198 0.378207 0.391679 0.405632 0.420088 0.435069 0.450600 0.466708 0.483422 0.500675 0.518220 0.535926
0.113129 0.116429 0.119458 0.122186 0.124614 0.127018 0.129588 0.132400 0.135479 0.138834 0.142468 0.146379 0.150568 0.155032 0.159771 0.164785 0.170074 0.175639 0.181479 0.187598 0.193998 0.200680 0.207648 0.214906 0.222458 0.230310 0.238465 0.246931 0.255714 0.264821 0.274261 0.284041 0.294171 0.304662 0.315524 0.326770 0.338412 0.350463 0.362940 0.375858 0.389235 0.403090 0.417442 0.432315 0.447733 0.463721 0.480308 0.497476 0.514988 0.532681
0.117787 0.120093 0.122398 0.124592 0.126601 0.128649 0.130916 0.133467 0.136319 0.139475 0.142930 0.146681 0.150722 0.155052 0.159666 0.164564 0.169744 0.175206 0.180949 0.186975 0.193285 0.199882 0.206768 0.213946 0.221420 0.229194 0.237274 0.245666 0.254375 0.263408 0.272773 0.282480 0.292535 0.302950 0.313736 0.324903 0.336464 0.348434 0.360826 0.373657 0.386943 0.400704 0.414959 0.429730 0.445041 0.460917 0.477387 0.494458 0.511926 0.529599
0.115119 0.118264 0.121156 0.123767 0.126062 0.128273 0.130629 0.133220 0.136080 0.139222 0.142649 0.146360 0.150355 0.154633 0.159193 0.164033 0.169154 0.174556 0.180239 0.186204 0.192454 0.198990 0.205814 0.212931 0.220344 0.228057 0.236076 0.244405 0.253051 0.262021 0.271323 0.280964 0.290954 0.301302 0.312018 0.323115 0.334604 0.346499 0.358815 0.371566 0.384770 0.398445 0.412611 0.427289 0.442503 0.458277 0.474639 0.491611 0.509029 0.526675
0.115226 0.118101 0.120832 0.123359 0.125615 0.127789 0.130112 0.132676 0.135514 0.138634 0.142038 0.145727 0.149697 0.153947 0.158476 0.163284 0.168371 0.173735 0.179380 0.185304 0.191512 0.198004 0.204783 0.211854 0.219219 0.226883 0.234852 0.243130 0.251724 0.260640 0.269887 0.279472 0.289404 0.299692 0.310347 0.321381 0.332806 0.344634 0.356880 0.369559 0.382688 0.396285 0.410370 0.424963 0.440088 0.455768 0.472032 0.488907 0.506269 0.523884
0.115730 0.118539 0.121213 0.123693 0.125907 0.128023 0.130277 0.132768 0.135531 0.138577 0.141908 0.145524 0.149424 0.153605 0.158067 0.162809 0.167831 0.173133 0.178716 0.184581 0.190729 0.197162 0.203884 0.210897 0.218205 0.225813 0.233725 0.241946 0.250484 0.259343 0.268532 0.278058 0.287930 0.298159 0.308753 0.319723 0.331083 0.342845 0.355023 0.367632 0.380688 0.394210 0.408216 0.422728 0.437767 0.453359 0.469530 0.486308 0.503609 0.521187
0.118788 0.121292 0.123665 0.125865 0.127825 0.129689 0.131704 0.133972 0.136530 0.139388 0.142546 0.146004 0.149758 0.153804 0.158141 0.162767 0.167681 0.172880 0.178367 0.184140 0.190201 0.196551 0.203193 0.210129 0.217363 0.224898 0.232739 0.240891 0.249360 0.258151 0.267273 0.276732 0.286538 0.296699 0.307225 0.318128 0.329418 0.341110 0.353216 0.365751 0.378732 0.392177 0.406103 0.420532 0.435486 0.450988 0.467066 0.483748 0.500979 0.518514
0.121134 0.123259 0.125357 0.127356 0.129167 0.130878 0.132737 0.134856 0.137274 0.140000 0.143034 0.146372 0.150012 0.153950 0.158182 0.162707 0.167523 0.172629 0.178025 0.183710 0.189686 0.195953 0.202514 0.209371 0.216527 0.223986 0.231753 0.239831 0.248226 0.256946 0.265996 0.275383 0.285117 0.295207 0.305661 0.316491 0.327708 0.339326 0.351356 0.363815 0.376718 0.390082 0.403926 0.418270 0.433136 0.448549 0.464532 0.481116 0.498272 0.515759
0.118294 0.121319 0.124065 0.126540 0.128707 0.130634 0.132607 0.134779 0.137211 0.139925 0.142928 0.146223 0.149811 0.153689 0.157858 0.162315 0.167062 0.172097 0.177420 0.183033 0.188936 0.195131 0.201619 0.208404 0.215489 0.222876 0.230571 0.238578 0.246903 0.255551 0.264530 0.273847 0.283510 0.293528 0.303910 0.314667 0.325811 0.337354 0.349309 0.361691 0.374515 0.387799 0.401560 0.415820 0.430599 0.445922 0.461812 0.478300 0.495376 0.512817
0.123441 0.125089 0.126836 0.128590 0.130251 0.131785 0.133429 0.135329 0.137534 0.140058 0.142898 0.146050 0.149511 0.153275 0.157338 0.161697 0.166352 0.171299 0.176538 0.182070 0.187895 0.194013 0.200427 0.207138 0.214151 0.221467 0.229092 0.237030 0.245285 0.253865 0.262775 0.272023 0.281618 0.291566 0.301879 0.312566 0.323640 0.335111 0.346993 0.359301 0.372051 0.385258 0.398941 0.413120 0.427816 0.443053 0.458856 0.475252 0.492250 0.509651
0.120257 0.122869 0.125296 0.127537 0.129557 0.131323 0.133062 0.134979 0.137157 0.139627 0.142398 0.145473 0.148849 0.152527 0.156504 0.160778 0.165348 0.170213 0.175372 0.180825 0.186573 0.192617 0.198958 0.205598 0.212541 0.219789 0.227346 0.235217 0.243407 0.251922 0.260767 0.269951 0.279481 0.289366 0.299614 0.310237 0.321246 0.332651 0.344467 0.356708 0.369389 0.382527 0.396139 0.410245 0.424867 0.440027 0.455751 0.472065 0.488989 0.506359
0.121227 0.123504 0.125693 0.127776 0.129709 0.131426 0.133049 0.134826 0.136866 0.139207 0.141859 0.144823 0.148097 0.151679 0.155564 0.159752 0.164238 0.169023 0.174105 0.179484 0.185159 0.191133 0.197405 0.203979 0.210856 0.218040 0.225535 0.233344 0.241473 0.249928 0.258714 0.267840 0.277312 0.287139 0.297330 0.307895 0.318846 0.330194 0.341953 0.354135 0.366757 0.379835 0.393387 0.407432 0.421991 0.437087 0.452745 0.468992 0.485853 0.503198
0.122269 0.124135 0.126071 0.128007 0.129876 0.131592 0.133161 0.134838 0.136767 0.138999 0.141547 0.144413 0.147593 0.151085 0.154884 0.158987 0.163393 0.168100 0.173106 0.178411 0.184015 0.189919 0.196123 0.202631 0.209445 0.216566 0.224000 0.231750 0.239822 0.248220 0.256952 0.266023 0.275442 0.285217 0.295357 0.305873 0.316774 0.328073 0.339784 0.351918 0.364493 0.377523 0.391028 0.405026 0.419537 0.434586 0.450196 0.466393 0.483207 0.500534
0.119762 0.122657 0.125291 0.127708 0.129920 0.131902 0.133632 0.135353 0.137263 0.139440 0.141915 0.144696 0.147787 0.151186 0.154892 0.158904 0.163220 0.167838 0.172759 0.177982 0.183507 0.189334 0.195466 0.201903 0.208649 0.215706 0.223078 0.230769 0.238783 0.247127 0.255806 0.264828 0.274199 0.283928 0.294024 0.304497 0.315359 0.326619 0.338292 0.350392 0.362932 0.375930 0.389404 0.403372 0.417855 0.432876 0.448460 0.464633 0.481424 0.498738
0.125842 0.127393 0.129097 0.130874 0.132654 0.134362 0.135911 0.137417 0.139110 0.141087 0.143381 0.145998 0.148939 0.152201 0.155780 0.159673 0.163878 0.168393 0.173216 0.178346 0.183784 0.189530 0.195585 0.201950 0.208628 0.215621 0.222933 0.230568 0.238530 0.246825 0.255458 0.264438 0.273770 0.283463 0.293526 0.303970 0.314804 0.326041 0.337692 0.349773 0.362299 0.375284 0.388748 0.402709 0.417188 0.432208 0.447794 0.463972 0.480770 0.498081
0.125085 0.127638 0.130016 0.132252 0.134356 0.136313 0.138077 0.139654 0.141303 0.143187 0.145367 0.147866 0.150687 0.153832 0.157299 0.161085 0.165189 0.169607 0.174340 0.179387 0.184746 0.190418 0.196405 0.202707 0.209327 0.216267 0.223530 0.231121 0.239043 0.247303 0.255905 0.264857 0.274166 0.283841 0.293889 0.304321 0.315149 0.326382 0.338035 0.350121 0.362655 0.375654 0.389135 0.403117 0.417623 0.432674 0.448296 0.464515 0.481356 0.498671
0.130240 0.131972 0.133782 0.135634 0.137494 0.139319 0.141054 0.142624 0.144153 0.145877 0.147894 0.150240 0.152921 0.155939 0.159289 0.162970 0.166977 0.171308 0.175961 0.180934 0.186227 0.191840 0.197773 0.204027 0.210605 0.217508 0.224740 0.232304 0.240205 0.248448 0.257039 0.265984 0.275291 0.284968 0.295024 0.305468 0.316313 0.327568 0.339248 0.351366 0.363938 0.376979 0.390509 0.404546 0.419112 0.434231 0.449926 0.466226 0.483140 0.500464
0.130712 0.132833 0.134979 0.137125 0.139250 0.141325 0.143315 0.145159 0.146825 0.148545 0.150502 0.152767 0.155363 0.158296 0.161564 0.165167 0.169102 0.173365 0.177957 0.182874 0.188118 0.193687 0.199581 0.205803 0.212354 0.219236 0.226453 0.234007 0.241904 0.250149 0.258746 0.267704 0.277029 0.286730 0.296815 0.307294 0.318179 0.329482 0.341214 0.353392 0.366029 0.379143 0.392752 0.406876 0.421537 0.436758 0.452566 0.468987 0.485985 0.503315
0.130804 0.133699 0.136397 0.138950 0.141390 0.143728 0.145958 0.148052 0.149952 0.151721 0.153627 0.155802 0.158298 0.161131 0.164305 0.167820 0.171673 0.175864 0.180389 0.185249 0.190442 0.195968 0.201827 0.208021 0.214550 0.221418 0.228627 0.236181 0.244084 0.252341 0.260958 0.269942 0.279299 0.289039 0.299170 0.309703 0.320647 0.332017 0.343824 0.356083 0.368810 0.382022 0.395738 0.409977 0.424763 0.440120 0.456073 0.472647 0.489716 0.507045
0.138546 0.140086 0.141842 0.143747 0.145750 0.147809 0.149884 0.151930 0.153885 0.155681 0.157477 0.159499 0.161839 0.164527 0.167570 0.170968 0.174719 0.178820 0.183268 0.188061 0.193197 0.198676 0.204497 0.210662 0.217171 0.224027 0.231231 0.238789 0.246703 0.254979 0.263623 0.272641 0.282041 0.291830 0.302019 0.312617 0.323636 0.335087 0.346985 0.359343 0.372179 0.385510 0.399354 0.413733 0.428669 0.444188 0.460316 0.477047 0.494160 0.511481
0.137892 0.140454 0.142944 0.145391 0.147812 0.150208 0.152575 0.154895 0.157132 0.159231 0.161166 0.163183 0.165462 0.168071 0.171032 0.174352 0.178029 0.182063 0.186451 0.191191 0.196282 0.201723 0.207515 0.213657 0.220152 0.227001 0.234208 0.241775 0.249706 0.258008 0.266685 0.275745 0.285195 0.295043 0.305298 0.315972 0.327075 0.338621 0.350622 0.363095 0.376055 0.389521 0.403512 0.418049 0.433157 0.448860 0.465187 0.482038 0.499174 0.516482
0.138613 0.141458 0.144275 0.147055 0.149797 0.152500 0.155158 0.157761 0.160289 0.162704 0.164942 0.167061 0.169330 0.171888 0.174783 0.178035 0.181647 0.185620 0.189953 0.194644 0.199693 0.205100 0.210865 0.216989 0.223472 0.230318 0.237529 0.245109 0.253062 0.261394 0.270110 0.279217 0.288722 0.298635 0.308966 0.319724 0.330921 0.342571 0.354687 0.367285 0.380383 0.393998 0.408150 0.422864 0.438161 0.454070 0.470590 0.487514 0.504658 0.521948
0.143216 0.145944 0.148625 0.151282 0.153930 0.156573 0.159211 0.161835 0.164430 0.166966 0.169394 0.171651 0.173888 0.176346 0.179126 0.182266 0.185774 0.189655 0.193907 0.198529 0.203520 0.208880 0.214607 0.220703 0.227169 0.234007 0.241220 0.248811 0.256785 0.265147 0.273903 0.283059 0.292625 0.302607 0.313017 0.323866 0.335164 0.346926 0.359166 0.371901 0.385146 0.398923 0.413252 0.428156 0.443659 0.459790 0.476457 0.493419 0.510560 0.527833
0.149173 0.151250 0.153499 0.155879 0.158357 0.160911 0.163519 0.166164 0.168825 0.171473 0.174071 0.176558 0.178892 0.181295 0.183970 0.186993 0.190390 0.194169 0.198331 0.202874 0.207798 0.213102 0.218784 0.224847 0.231290 0.238115 0.245326 0.252926 0.260919 0.269310 0.278106 0.287313 0.296940 0.306995 0.317488 0.328431 0.339836 0.351717 0.364089 0.376968 0.390372 0.404322 0.418839 0.433947 0.449673 0.466016 0.482769 0.499747 0.516877 0.534131
0.149094 0.152231 0.155282 0.158278 0.161241 0.164185 0.167119 0.170046 0.172963 0.175859 0.178713 0.181489 0.184125 0.186628 0.189266 0.192204 0.195504 0.199187 0.203259 0.207722 0.212575 0.217819 0.223452 0.229475 0.235891 0.242700 0.249905 0.257510 0.265520 0.273939 0.282773 0.292031 0.301720 0.311849 0.322429 0.333471 0.344988 0.356994 0.369505 0.382537 0.396110 0.410244 0.424962 0.440288 0.456249 0.472749 0.489545 0.506523 0.523638 0.540871
0.153818 0.156823 0.159822 0.162819 0.165818 0.168823 0.171837 0.174860 0.177890 0.180918 0.183930 0.186902 0.189790 0.192527 0.195188 0.198047 0.201236 0.204804 0.208770 0.213136 0.217905 0.223076 0.228650 0.234627 0.241007 0.247794 0.254989 0.262596 0.270620 0.279066 0.287940 0.297250 0.307003 0.317210 0.327881 0.339027 0.350663 0.362801 0.375460 0.388656 0.402409 0.416740 0.431673 0.447235 0.463418 0.480004 0.496815 0.513783 0.530879 0.548091
0.160039 0.162788 0.165585 0.168431 0.171325 0.174265 0.177250 0.180277 0.183340 0.186432 0.189541 0.192647 0.195718 0.198705 0.201541 0.204380 0.207472 0.210925 0.214777 0.219041 0.223720 0.228815 0.234326 0.240254 0.246600 0.253365 0.260551 0.268163 0.276205 0.284682 0.293601 0.302969 0.312794 0.323086 0.333857 0.345118 0.356882 0.369166 0.381986 0.395360 0.409309 0.423855 0.439022 0.454835 0.471174 0.487802 0.504613 0.521565 0.538641 0.555832
0.164520 0.167301 0.170156 0.173075 0.176055 0.179090 0.182179 0.185317 0.188503 0.191728 0.194986 0.198262 0.201534 0.204767 0.207904 0.210897 0.213976 0.217355 0.221119 0.225298 0.229902 0.234934 0.240395 0.246286 0.252607 0.259361 0.266550 0.274178 0.282250 0.290770 0.299745 0.309184 0.319094 0.329486 0.340371 0.351762 0.363672 0.376119 0.389118 0.402690 0.416855 0.431637 0.447063 0.463106 0.479530 0.496175 0.512977 0.529913 0.546970 0.564141
0.167083 0.170321 0.173551 0.176789 0.180047 0.183331 0.186647 0.190000 0.193390 0.196816 0.200276 0.203762 0.207258 0.210742 0.214175 0.217491 0.220696 0.224069 0.227783 0.231902 0.236450 0.241436 0.246862 0.252730 0.259043 0.265800 0.273007 0.280666 0.288781 0.297360 0.306408 0.315933 0.325945 0.336454 0.347472 0.359012 0.371088 0.383717 0.396918 0.410710 0.425116 0.440160 0.455860 0.472054 0.488520 0.505167 0.521958 0.538877 0.555915 0.573068
0.170853 0.174229 0.177635 0.181065 0.184518 0.187998 0.191506 0.195047 0.198622 0.202234 0.205881 0.209559 0.213260 0.216967 0.220654 0.224274 0.227756 0.231205 0.234902 0.238976 0.243478 0.248426 0.253826 0.259682 0.265995 0.272768 0.280004 0.287706 0.295880 0.304532 0.313668 0.323296 0.333427 0.344070 0.355239 0.366947 0.379209 0.392043 0.405467 0.419503 0.434174 0.449506 0.465433 0.481704 0.498185 0.514824 0.531599 0.548499 0.565518 0.582651
0.175862 0.179541 0.183145 0.186714 0.190275 0.193846 0.197442 0.201071 0.204740 0.208454 0.212213 0.216015 0.219856 0.223723 0.227597 0.231443 0.235204 0.238827 0.242545 0.246589 0.251052 0.255967 0.261348 0.267199 0.273522 0.280321 0.287598 0.295357 0.303603 0.312341 0.321580 0.331327 0.341593 0.352388 0.363725 0.375619 0.388087 0.401145 0.414814 0.429116 0.444077 0.459691 0.475743 0.492044 0.508521 0.525143 0.541896 0.558773 0.575770 0.592880
0.185565 0.188227 0.191135 0.194231 0.197476 0.200844 0.204316 0.207881 0.211532 0.215261 0.219063 0.222933 0.226864 0.230842 0.234852 0.238865 0.242835 0.246687 0.250493 0.254550 0.259006 0.263916 0.269302 0.275170 0.281526 0.288371 0.295709 0.303544 0.311880 0.320724 0.330084 0.339968 0.350386 0.361351 0.372876 0.384976 0.397668 0.410971 0.424906 0.439497 0.454764 0.470568 0.486672 0.502975 0.519433 0.536031 0.552759 0.569610 0.586580 0.603665
0.186865 0.190923 0.194826 0.198641 0.202415 0.206181 0.209963 0.213778 0.217638 0.221549 0.225518 0.229545 0.233629 0.237763 0.241935 0.246122 0.250289 0.254370 0.258341 0.262480 0.266989 0.271946 0.277384 0.283313 0.289738 0.296664 0.304095 0.312034 0.320488 0.329464 0.338969 0.349013 0.359608 0.370765 0.382500 0.394827 0.407766 0.421336 0.435560 0.450462 0.465987 0.481880 0.497999 0.514289 0.530726 0.547299 0.564001 0.580827 0.597771 0.614832
0.194178 0.197449 0.200882 0.204439 0.208096 0.211839 0.215659 0.219553 0.223517 0.227552 0.231655 0.235825 0.240058 0.244349 0.248685 0.253047 0.257403 0.261697 0.265867 0.270133 0.274739 0.279787 0.285317 0.291344 0.297876 0.304916 0.312471 0.320546 0.329147 0.338282 0.347959 0.358189 0.368984 0.380358 0.392326 0.404905 0.418114 0.431975 0.446512 0.461723 0.477393 0.493326 0.509448 0.525726 0.542147 0.558702 0.575385 0.592192 0.609118 0.626160
0.197206 0.201125 0.205030 0.208943 0.212879 0.216851 0.220868 0.224937 0.229064 0.233252 0.237506 0.241825 0.246209 0.250653 0.255147 0.259674 0.264206 0.268694 0.273063 0.277469 0.282187 0.287342 0.292981 0.299123 0.305779 0.312953 0.320652 0.328881 0.337649 0.346962 0.356831 0.367268 0.378284 0.389895 0.402116 0.414967 0.428468 0.442642 0.457510 0.472940 0.488688 0.504647 0.520775 0.537051 0.553466 0.570015 0.586691 0.603491 0.620409 0.637443
0.202606 0.206484 0.210387 0.214323 0.218301 0.222328 0.226410 0.230553 0.234761 0.239038 0.243386 0.247807 0.252299 0.256857 0.261474 0.266134 0.270811 0.275460 0.280005 0.284541 0.289364 0.294619 0.300364 0.306622 0.313404 0.320717 0.328565 0.336957 0.345900 0.355403 0.365476 0.376131 0.387382 0.399244 0.411735 0.424874 0.438683 0.453187 0.468345 0.483903 0.499704 0.515688 0.531829 0.548115 0.564538 0.581093 0.597775 0.614580 0.631503 0.648541
0.208733 0.212440 0.216231 0.220097 0.224038 0.228052 0.232139 0.236303 0.240545 0.244867 0.249270 0.253755 0.258319 0.262960 0.267668 0.272428 0.277218 0.281993 0.286681 0.291332 0.296251 0.301603 0.307453 0.313827 0.320737 0.328191 0.336195 0.344756 0.353882 0.363582 0.373868 0.384752 0.396249 0.408374 0.421147 0.434588 0.448721 0.463556 0.478904 0.494545 0.510390 0.526403 0.542566 0.558871 0.575312 0.591883 0.608581 0.625400 0.642337 0.659388
0.213932 0.217755 0.221617 0.225529 0.229500 0.233540 0.237652 0.241844 0.246118 0.250477 0.254925 0.259461 0.264084 0.268790 0.273572 0.278414 0.283294 0.288168 0.292966 0.297723 0.302745 0.308207 0.314178 0.320685 0.327740 0.335352 0.343527 0.352272 0.361596 0.371510 0.382024 0.393152 0.404909 0.417313 0.430384 0.444143 0.458614 0.473715 0.489185 0.504888 0.520773 0.536816 0.553006 0.569336 0.585800 0.602394 0.619112 0.635952 0.652909 0.669978
0.219182 0.222864 0.226639 0.230505 0.234460 0.238503 0.242634 0.246856 0.251170 0.255577 0.260078 0.264673 0.269360 0.274136 0.278991 0.283911 0.288871 0.293828 0.298709 0.303571 0.308724 0.314332 0.320460 0.327134 0.334367 0.342166 0.350540 0.359497 0.369045 0.379195 0.389960 0.401355 0.413395 0.426099 0.439488 0.453586 0.468387 0.483662 0.499216 0.514970 0.530891 0.546966 0.563185 0.579542 0.596033 0.612652 0.629395 0.646258 0.663237 0.680329
0.222080 0.226070 0.230101 0.234179 0.238310 0.242502 0.246761 0.251095 0.255509 0.260007 0.264595 0.269273 0.274042 0.278897 0.283831 0.288829 0.293863 0.298889 0.303831 0.308813 0.314131 0.319925 0.326251 0.333133 0.340581 0.348605 0.357212 0.366412 0.376215 0.386632 0.397678 0.409367 0.421717 0.434748 0.448483 0.462942 0.477995 0.493387 0.509005 0.524803 0.540761 0.556868 0.573118 0.589505 0.606024 0.622671 0.639440 0.656329 0.673334 0.690450
0.225928 0.230021 0.234090 0.238173 0.242297 0.246479 0.250735 0.255073 0.259501 0.264025 0.268647 0.273368 0.278187 0.283100 0.288095 0.293155 0.298250 0.303326 0.308319 0.313444 0.318959 0.324974 0.331533 0.338658 0.346357 0.354639 0.363515 0.372992 0.383083 0.393799 0.405157 0.417171 0.429863 0.443252 0.457362 0.472156 0.487375 0.502854 0.518528 0.534371 0.550368 0.566512 0.582796 0.599217 0.615768 0.632445 0.649245 0.666163 0.683195 0.700338
0.232398 0.235314 0.238582 0.242128 0.245899 0.249860 0.253987 0.258263 0.262677 0.267219 0.271884 0.276665 0.281556 0.286548 0.291627 0.296770 0.301940 0.307076 0.312157 0.317471 0.323222 0.329496 0.336326 0.343728 0.351712 0.360287 0.369463 0.379250 0.389661 0.400708 0.412408 0.424780 0.437843 0.451620 0.466121 0.481153 0.496491 0.512043 0.527773 0.543663 0.559704 0.575889 0.592213 0.608671 0.625258 0.641970 0.658803 0.675753 0.692815 0.709988
0.225850 0.230981 0.235896 0.240678 0.245388 0.250074 0.254768 0.259495 0.264275 0.269122 0.274045 0.279050 0.284137 0.289304 0.294538 0.299818 0.305103 0.310323 0.315555 0.321106 0.327130 0.333691 0.340817 0.348522 0.356814 0.365704 0.375203 0.385320 0.396071 0.407470 0.419534 0.432283 0.445738 0.459923 0.474742 0.489931 0.505360 0.520977 0.536762 0.552701 0.568788 0.585016 0.601381 0.617879 0.634504 0.651252 0.668119 0.685102 0.702197 0.719400
0.231776 0.235801 0.239964 0.244244 0.248627 0.253108 0.257685 0.262358 0.267128 0.271996 0.276961 0.282024 0.287179 0.292418 0.297725 0.303072 0.308409 0.313672 0.319057 0.324834 0.331116 0.337952 0.345363 0.353359 0.361952 0.371152 0.380968 0.391415 0.402505 0.414256 0.426685 0.439814 0.453666 0.468223 0.483239 0.498533 0.514030 0.529703 0.545535 0.561519 0.577647 0.593916 0.610320 0.626854 0.643514 0.660296 0.677196 0.694211 0.711336 0.728568
0.237245 0.240953 0.244822 0.248844 0.253008 0.257310 0.261743 0.266303 0.270988 0.275795 0.280719 0.285757 0.290899 0.296134 0.301440 0.306781 0.312096 0.317371 0.322894 0.328869 0.335379 0.342460 0.350126 0.358390 0.367261 0.376749 0.386865 0.397623 0.409039 0.421128 0.433911 0.447411 0.461644 0.476449 0.491584 0.506946 0.522494 0.538209 0.554080 0.570101 0.586265 0.602568 0.619006 0.635572 0.652264 0.669077 0.686007 0.703050 0.720202 0.737461
0.239559 0.243672 0.247851 0.252104 0.256438 0.260860 0.265377 0.269995 0.274718 0.279549 0.284488 0.289534 0.294679 0.299911 0.305205 0.310518 0.315781 0.321098 0.326770 0.332942 0.339672 0.346987 0.354899 0.363418 0.372555 0.382320 0.392726 0.403786 0.415516 0.427936 0.441066 0.454929 0.469469 0.484421 0.499634 0.515049 0.530639 0.546392 0.562300 0.578356 0.594554 0.610891 0.627361 0.643959 0.660682 0.677525 0.694485 0.711557 0.728738 0.746024
0.242375 0.246682 0.250975 0.255291 0.259657 0.264093 0.268613 0.273228 0.277947 0.282773 0.287709 0.292752 0.297893 0.303117 0.308393 0.313668 0.318896 0.324319 0.330178 0.336572 0.343542 0.351107 0.359278 0.368066 0.377480 0.387532 0.398236 0.409605 0.421659 0.434416 0.447898 0.462114 0.476862 0.491922 0.507206 0.522677 0.538317 0.554116 0.570068 0.586167 0.602407 0.618784 0.635293 0.651930 0.668690 0.685569 0.702563 0.719669 0.736882 0.754200
0.247198 0.250587 0.254235 0.258102 0.262160 0.266389 0.270777 0.275315 0.279995 0.284811 0.289757 0.294822 0.299991 0.305242 0.310533 0.315799 0.321087 0.326700 0.332804 0.339466 0.346715 0.354565 0.363027 0.372112 0.381831 0.392195 0.403219 0.414920 0.427316 0.440428 0.454279 0.468792 0.483699 0.498863 0.514227 0.529767 0.545471 0.561331 0.577341 0.593495 0.609788 0.626216 0.642774 0.659457 0.676262 0.693184 0.710220 0.727365 0.744617 0.761972
0.243424 0.247882 0.252336 0.256824 0.261370 0.265993 0.270705 0.275517 0.280433 0.285456 0.290583 0.295808 0.301117 0.306483 0.311861 0.317186 0.322649 0.328518 0.334909 0.341870 0.349423 0.357581 0.366356 0.375757 0.385796 0.396488 0.407848 0.419893 0.432643 0.446121 0.460332 0.475066 0.490108 0.505370 0.520818 0.536434 0.552209 0.568135 0.584209 0.600423 0.616774 0.633257 0.649868 0.666601 0.683454 0.700423 0.717503 0.734691 0.751984 0.769378
0.244261 0.248536 0.252935 0.257443 0.262055 0.266770 0.271586 0.276507 0.281531 0.286659 0.291886 0.297203 0.302591 0.308020 0.313431 0.318812 0.324454 0.330558 0.337209 0.344442 0.352275 0.360718 0.369784 0.379483 0.389827 0.400832 0.412514 0.424891 0.437985 0.451820 0.466315 0.481202 0.496344 0.511685 0.527202 0.542882 0.558717 0.574702 0.590830 0.607098 0.623500 0.640032 0.656689 0.673468 0.690365 0.707375 0.724495 0.741722 0.759052 0.776482
0.247290 0.251601 0.255963 0.260401 0.264929 0.269559 0.274297 0.279147 0.284112 0.289189 0.294373 0.299650 0.304998 0.310375 0.315713 0.321123 0.326903 0.333195 0.340057 0.347515 0.355583 0.364271 0.373590 0.383552 0.394170 0.405459 0.417437 0.430123 0.443539 0.457690 0.472363 0.487345 0.502550 0.517943 0.533505 0.549229 0.565106 0.581132 0.597300 0.613606 0.630046 0.646614 0.663307 0.680121 0.697050 0.714093 0.731245 0.748502 0.765862 0.783321
0.251751 0.255600 0.259634 0.263830 0.268178 0.272668 0.277296 0.282057 0.286947 0.291960 0.297085 0.302303 0.307585 0.312878 0.318139 0.323617 0.329548 0.336026 0.343093 0.350766 0.359059 0.367980 0.377541 0.387755 0.398635 0.410197 0.422459 0.435443 0.449170 0.463560 0.478344 0.493387 0.508634 0.524061 0.539656 0.555410 0.571318 0.587373 0.603570 0.619905 0.636372 0.652968 0.669688 0.686528 0.703483 0.720551 0.737727 0.755009 0.772392 0.789874
0.251760 0.256243 0.260713 0.265211 0.269767 0.274402 0.279130 0.283961 0.288897 0.293937 0.299073 0.304286 0.309539 0.314767 0.320042 0.325664 0.331791 0.338489 0.345786 0.353695 0.362230 0.371400 0.381216 0.391693 0.402845 0.414689 0.427245 0.440534 0.454562 0.469117 0.483986 0.499083 0.514371 0.529834 0.545463 0.561249 0.577187 0.593272 0.609498 0.625861 0.642355 0.658977 0.675723 0.692587 0.709567 0.726658 0.743857 0.761160 0.778565 0.796067
0.256097 0.259647 0.263473 0.267526 0.271774 0.276195 0.280775 0.285502 0.290364 0.295350 0.300439 0.305603 0.310791 0.315950 0.321303 0.327097 0.333438 0.340367 0.347905 0.356064 0.364855 0.374287 0.384374 0.395128 0.406567 0.418707 0.431571 0.445180 0.459460 0.474144 0.489092 0.504247 0.519586 0.535094 0.550765 0.566591 0.582567 0.598688 0.614949 0.631345 0.647871 0.664523 0.681298 0.698190 0.715197 0.732313 0.749537 0.766864 0.784292 0.801816
0.253606 0.258201 0.262723 0.267238 0.271791 0.276412 0.281123 0.285934 0.290848 0.295860 0.300954 0.306098 0.311230 0.316396 0.321896 0.327901 0.334476 0.341653 0.349447 0.357867 0.366924 0.376630 0.386998 0.398042 0.409778 0.422227 0.435410 0.449336 0.463805 0.478596 0.493619 0.508835 0.524228 0.539788 0.555506 0.571378 0.587397 0.603559 0.619859 0.636293 0.652855 0.669541 0.686349 0.703272 0.720309 0.737454 0.754705 0.772059 0.789512 0.807060
0.257212 0.260583 0.264278 0.268237 0.272418 0.276792 0.281339 0.286041 0.290880 0.295837 0.300880 0.305959 0.311018 0.316268 0.321958 0.328195 0.335021 0.342457 0.350515 0.359206 0.368539 0.378528 0.389186 0.400527 0.412571 0.425338 0.438850 0.453044 0.467654 0.482532 0.497620 0.512893 0.528338 0.543946 0.559711 0.575627 0.591690 0.607893 0.624232 0.640703 0.657302 0.674023 0.690863 0.707819 0.724886 0.742061 0.759341 0.776721 0.794200 0.811774
0.252413 0.257012 0.261570 0.266137 0.270749 0.275429 0.280193 0.285048 0.289992 0.295012 0.300078 0.305135 0.310227 0.315652 0.321577 0.328071 0.335163 0.342870 0.351203 0.360172 0.369791 0.380071 0.391027 0.402676 0.415037 0.428133 0.441971 0.456357 0.471069 0.486015 0.501157 0.516478 0.531968 0.547619 0.563425 0.579381 0.595481 0.611721 0.628096 0.644601 0.661232 0.677986 0.694857 0.711842 0.728938 0.746140 0.763446 0.780853 0.798356 0.815954
0.253989 0.257897 0.261956 0.266160 0.270505 0.274987 0.279603 0.284343 0.289193 0.294128 0.299102 0.304062 0.309209 0.314797 0.320934 0.327663 0.335006 0.342973 0.351576 0.360825 0.370731 0.381307 0.392569 0.404535 0.417225 0.430659 0.444767 0.459284 0.474070 0.489068 0.504253 0.519614 0.535140 0.550827 0.566667 0.582657 0.598789 0.615061 0.631466 0.648001 0.664661 0.681441 0.698340 0.715351 0.732472 0.749699 0.767029 0.784458 0.801984 0.819603
0.253949 0.257487 0.261259 0.265242 0.269416 0.273766 0.278276 0.282931 0.287706 0.292564 0.297445 0.302378 0.307658 0.313452 0.319829 0.326817 0.334428 0.342674 0.351564 0.361107 0.371316 0.382204 0.393788 0.406085 0.419117 0.432885 0.447175 0.461782 0.476622 0.491662 0.506883 0.522277 0.537836 0.553553 0.569424 0.585442 0.601603 0.617902 0.634334 0.650895 0.667580 0.684386 0.701308 0.718342 0.735486 0.752735 0.770086 0.787536 0.805082 0.822721
0.248026 0.252451 0.256865 0.261317 0.265838 0.270446 0.275150 0.279947 0.284820 0.289729 0.294629 0.299728 0.305274 0.311370 0.318060 0.325363 0.333292 0.341857 0.351067 0.360935 0.371473 0.382697 0.394623 0.407271 0.420662 0.434691 0.449104 0.463778 0.478665 0.493743 0.508999 0.524426 0.540016 0.555763 0.571663 0.587709 0.603898 0.620223 0.636681 0.653266 0.669975 0.686804 0.703749 0.720806 0.737971 0.755240 0.772612 0.790082 0.807647 0.825304
0.246611 0.250174 0.254047 0.258172 0.262507 0.267022 0.271689 0.276479 0.281351 0.286244 0.291211 0.296538 0.302378 0.308794 0.315812 0.323447 0.331708 0.340606 0.350151 0.360357 0.371235 0.382804 0.395081 0.408087 0.421807 0.436007 0.450508 0.465240 0.480172 0.495289 0.510581 0.526042 0.541664 0.557443 0.573373 0.589448 0.605664 0.622017 0.638500 0.655111 0.671844 0.688697 0.705664 0.722742 0.739928 0.757219 0.774610 0.792099 0.809683 0.827358
0.237985 0.243005 0.247904 0.252757 0.257613 0.262503 0.267441 0.272422 0.277416 0.282389 0.287561 0.293171 0.299322 0.306056 0.313394 0.321349 0.329930 0.339148 0.349014 0.359543 0.370748 0.382647 0.395259 0.408603 0.422550 0.436862 0.451430 0.466211 0.481184 0.496338 0.511666 0.527160 0.542815 0.558625 0.574584 0.590688 0.606932 0.623311 0.639820 0.656455 0.673213 0.690088 0.707077 0.724177 0.741384 0.758694 0.776105 0.793613 0.811215 0.828908
0.239851 0.243332 0.247147 0.251234 0.255550 0.260058 0.264721 0.269497 0.274323 0.279232 0.284504 0.290294 0.296663 0.303635 0.311223 0.319436 0.328280 0.337767 0.347906 0.358711 0.370197 0.382380 0.395281 0.408885 0.422965 0.437347 0.451963 0.466782 0.481790 0.496977 0.512335 0.527859 0.543543 0.559380 0.575366 0.591496 0.607765 0.624168 0.640700 0.657358 0.674137 0.691033 0.708043 0.725162 0.742388 0.759716 0.777144 0.794669 0.812287 0.829996
0.233557 0.237949 0.242403 0.246947 0.251593 0.256342 0.261181 0.266077 0.270984 0.276071 0.281585 0.287634 0.294260 0.301485 0.309318 0.317770 0.326848 0.336565 0.346932 0.357962 0.369672 0.382080 0.395206 0.408970 0.423129 0.437558 0.452209 0.467058 0.482093 0.497306 0.512689 0.528237 0.543943 0.559802 0.575810 0.591960 0.608248 0.624670 0.641220 0.657896 0.674691 0.691604 0.708629 0.725763 0.743004 0.760346 0.777788 0.795325 0.812956 0.830677
0.230173 0.234626 0.239202 0.243896 0.248700 0.253603 0.258583 0.263598 0.268624 0.273895 0.279613 0.285864 0.292683 0.300089 0.308094 0.316707 0.325939 0.335803 0.346311 0.357479 0.369323 0.381862 0.395114 0.408955 0.423154 0.437611 0.452283 0.467151 0.482203 0.497431 0.512829 0.528391 0.544110 0.559983 0.576002 0.592164 0.608463 0.624896 0.641456 0.658141 0.674947 0.691868 0.708902 0.726045 0.743293 0.760643 0.778092 0.795637 0.813275 0.831003
