0.047565 0.044131 0.040146 0.035505 0.030073 0.023674 0.016067 0.007286 0.002667 0.000976 0.000357 0.000131 0.000048 0.000018 0.000006 0.000002 0.000001 0.000000 0.000000 0.000000 0.000000 0.000000 0.000000 0.000000 0.000000 0.000000 0.000000 0.000000 0.000000 0.000000 0.000000 0.000000 0.000000 0.000000 0.000000 0.000000 0.000000 0.000000 0.000000 0.000000 0.000000 0.000000 0.000000 0.000000 0.000000 0.000000 0.000000 0.000000 0.000000 0.000000
0.048150 0.044609 0.040500 0.035717 0.030122 0.023535 0.015707 0.006888 0.002521 0.000923 0.000338 0.000124 0.000045 0.000017 0.000006 0.000002 0.000001 0.000000 0.000000 0.000000 0.000000 0.000000 0.000000 0.000000 0.000000 0.000000 0.000000 0.000000 0.000000 0.000000 0.000000 0.000000 0.000000 0.000000 0.000000 0.000000 0.000000 0.000000 0.000000 0.000000 0.000000 0.000000 0.000000 0.000000 0.000000 0.000000 0.000000 0.000000 0.000000 0.000000
0.048290 0.044697 0.040484 0.035549 0.029755 0.022916 0.014770 0.006111 0.002237 0.000819 0.000300 0.000110 0.000040 0.000015 0.000005 0.000002 0.000001 0.000000 0.000000 0.000000 0.000000 0.000000 0.000000 0.000000 0.000000 0.000000 0.000000 0.000000 0.000000 0.000000 0.000000 0.000000 0.000000 0.000000 0.000000 0.000000 0.000000 0.000000 0.000000 0.000000 0.000000 0.000000 0.000000 0.000000 0.000000 0.000000 0.000000 0.000000 0.000000 0.000000
0.049905 0.045870 0.041246 0.035905 0.029688 0.022387 0.013713 0.005351 0.001959 0.000717 0.000262 0.000096 0.000035 0.000013 0.000005 0.000002 0.000001 0.000000 0.000000 0.000000 0.000000 0.000000 0.000000 0.000000 0.000000 0.000000 0.000000 0.000000 0.000000 0.000000 0.000000 0.000000 0.000000 0.000000 0.000000 0.000000 0.000000 0.000000 0.000000 0.000000 0.000000 0.000000 0.000000 0.000000 0.000000 0.000000 0.000000 0.000000 0.000000 0.000000
0.050725 0.046393 0.041418 0.035672 0.028988 0.021140 0.011807 0.004367 0.001598 0.000585 0.000214 0.000078 0.000029 0.000011 0.000004 0.000001 0.000001 0.000000 0.000000 0.000000 0.000000 0.000000 0.000000 0.000000 0.000000 0.000000 0.000000 0.000000 0.000000 0.000000 0.000000 0.000000 0.000000 0.000000 0.000000 0.000000 0.000000 0.000000 0.000000 0.000000 0.000000 0.000000 0.000000 0.000000 0.000000 0.000000 0.000000 0.000000 0.000000 0.000000
0.048652 0.044359 0.039308 0.033370 0.026371 0.018065 0.008382 0.003068 0.001123 0.000411 0.000150 0.000055 0.000020 0.000007 0.000003 0.000001 0.000000 0.000000 0.000000 0.000000 0.000000 0.000000 0.000000 0.000000 0.000000 0.000000 0.000000 0.000000 0.000000 0.000000 0.000000 0.000000 0.000000 0.000000 0.000000 0.000000 0.000000 0.000000 0.000000 0.000000 0.000000 0.000000 0.000000 0.000000 0.000000 0.000000 0.000000 0.000000 0.000000 0.000000
0.050338 0.045313 0.039574 0.032956 0.025246 0.016153 0.006634 0.002428 0.000889 0.000325 0.000119 0.000044 0.000016 0.000006 0.000002 0.000001 0.000000 0.000000 0.000000 0.000000 0.000000 0.000000 0.000000 0.000000 0.000000 0.000000 0.000000 0.000000 0.000000 0.000000 0.000000 0.000000 0.000000 0.000000 0.000000 0.000000 0.000000 0.000000 0.000000 0.000000 0.000000 0.000000 0.000000 0.000000 0.000000 0.000000 0.000000 0.000000 0.000000 0.000000
0.050533 0.045314 0.039263 0.032220 0.023967 0.014187 0.005393 0.001974 0.000722 0.000264 0.000097 0.000035 0.000013 0.000005 0.000002 0.000001 0.000000 0.000000 0.000000 0.000000 0.000000 0.000000 0.000000 0.000000 0.000000 0.000000 0.000000 0.000000 0.000000 0.000000 0.000000 0.000000 0.000000 0.000000 0.000000 0.000000 0.000000 0.000000 0.000000 0.000000 0.000000 0.000000 0.000000 0.000000 0.000000 0.000000 0.000000 0.000000 0.000000 0.000000
0.051287 0.045564 0.038991 0.031381 0.022479 0.011926 0.004368 0.001599 0.000585 0.000214 0.000078 0.000029 0.000011 0.000004 0.000001 0.000001 0.000000 0.000000 0.000000 0.000000 0.000000 0.000000 0.000000 0.000000 0.000000 0.000000 0.000000 0.000000 0.000000 0.000000 0.000000 0.000000 0.000000 0.000000 0.000000 0.000000 0.000000 0.000000 0.000000 0.000000 0.000000 0.000000 0.000000 0.000000 0.000000 0.000000 0.000000 0.000000 0.000000 0.000000
0.051193 0.045117 0.038112 0.029982 0.020449 0.009450 0.003459 0.001266 0.000463 0.000170 0.000062 0.000023 0.000008 0.000003 0.000001 0.000000 0.000000 0.000000 0.000000 0.000000 0.000000 0.000000 0.000000 0.000000 0.000000 0.000000 0.000000 0.000000 0.000000 0.000000 0.000000 0.000000 0.000000 0.000000 0.000000 0.000000 0.000000 0.000000 0.000000 0.000000 0.000000 0.000000 0.000000 0.000000 0.000000 0.000000 0.000000 0.000000 0.000000 0.000000
0.050871 0.044417 0.036986 0.028355 0.018209 0.007526 0.002755 0.001008 0.000369 0.000135 0.000049 0.000018 0.000007 0.000002 0.000001 0.000000 0.000000 0.000000 0.000000 0.000000 0.000000 0.000000 0.000000 0.000000 0.000000 0.000000 0.000000 0.000000 0.000000 0.000000 0.000000 0.000000 0.000000 0.000000 0.000000 0.000000 0.000000 0.000000 0.000000 0.000000 0.000000 0.000000 0.000000 0.000000 0.000000 0.000000 0.000000 0.000000 0.000000 0.000000
0.051026 0.044258 0.036418 0.027276 0.016498 0.006377 0.002334 0.000854 0.000313 0.000114 0.000042 0.000015 0.000006 0.000002 0.000001 0.000000 0.000000 0.000000 0.000000 0.000000 0.000000 0.000000 0.000000 0.000000 0.000000 0.000000 0.000000 0.000000 0.000000 0.000000 0.000000 0.000000 0.000000 0.000000 0.000000 0.000000 0.000000 0.000000 0.000000 0.000000 0.000000 0.000000 0.000000 0.000000 0.000000 0.000000 0.000000 0.000000 0.000000 0.000000
0.051400 0.044141 0.035804 0.026122 0.014713 0.005457 0.001997 0.000731 0.000268 0.000098 0.000036 0.000013 0.000005 0.000002 0.000001 0.000000 0.000000 0.000000 0.000000 0.000000 0.000000 0.000000 0.000000 0.000000 0.000000 0.000000 0.000000 0.000000 0.000000 0.000000 0.000000 0.000000 0.000000 0.000000 0.000000 0.000000 0.000000 0.000000 0.000000 0.000000 0.000000 0.000000 0.000000 0.000000 0.000000 0.000000 0.000000 0.000000 0.000000 0.000000
0.051602 0.044046 0.035324 0.025163 0.013159 0.004817 0.001763 0.000645 0.000236 0.000086 0.000032 0.000012 0.000004 0.000002 0.000001 0.000000 0.000000 0.000000 0.000000 0.000000 0.000000 0.000000 0.000000 0.000000 0.000000 0.000000 0.000000 0.000000 0.000000 0.000000 0.000000 0.000000 0.000000 0.000000 0.000000 0.000000 0.000000 0.000000 0.000000 0.000000 0.000000 0.000000 0.000000 0.000000 0.000000 0.000000 0.000000 0.000000 0.000000 0.000000
0.051350 0.043524 0.034465 0.023874 0.011477 0.004201 0.001538 0.000563 0.000206 0.000075 0.000028 0.000010 0.000004 0.000001 0.000000 0.000000 0.000000 0.000000 0.000000 0.000000 0.000000 0.000000 0.000000 0.000000 0.000000 0.000000 0.000000 0.000000 0.000000 0.000000 0.000000 0.000000 0.000000 0.000000 0.000000 0.000000 0.000000 0.000000 0.000000 0.000000 0.000000 0.000000 0.000000 0.000000 0.000000 0.000000 0.000000 0.000000 0.000000 0.000000
0.052234 0.043882 0.034246 0.023013 0.010326 0.003780 0.001383 0.000506 0.000185 0.000068 0.000025 0.000009 0.000003 0.000001 0.000000 0.000000 0.000000 0.000000 0.000000 0.000000 0.000000 0.000000 0.000000 0.000000 0.000000 0.000000 0.000000 0.000000 0.000000 0.000000 0.000000 0.000000 0.000000 0.000000 0.000000 0.000000 0.000000 0.000000 0.000000 0.000000 0.000000 0.000000 0.000000 0.000000 0.000000 0.000000 0.000000 0.000000 0.000000 0.000000
0.051354 0.042610 0.032574 0.020879 0.008626 0.003157 0.001156 0.000423 0.000155 0.000057 0.000021 0.000008 0.000003 0.000001 0.000000 0.000000 0.000000 0.000000 0.000000 0.000000 0.000000 0.000000 0.000000 0.000000 0.000000 0.000000 0.000000 0.000000 0.000000 0.000000 0.000000 0.000000 0.000000 0.000000 0.000000 0.000000 0.000000 0.000000 0.000000 0.000000 0.000000 0.000000 0.000000 0.000000 0.000000 0.000000 0.000000 0.000000 0.000000 0.000000
0.051749 0.042843 0.032476 0.020312 0.008124 0.002974 0.001088 0.000398 0.000146 0.000053 0.000020 0.000007 0.000003 0.000001 0.000000 0.000000 0.000000 0.000000 0.000000 0.000000 0.000000 0.000000 0.000000 0.000000 0.000000 0.000000 0.000000 0.000000 0.000000 0.000000 0.000000 0.000000 0.000000 0.000000 0.000000 0.000000 0.000000 0.000000 0.000000 0.000000 0.000000 0.000000 0.000000 0.000000 0.000000 0.000000 0.000000 0.000000 0.000000 0.000000
0.053125 0.043458 0.032461 0.019715 0.007668 0.002807 0.001027 0.000376 0.000138 0.000050 0.000018 0.000007 0.000002 0.000001 0.000000 0.000000 0.000000 0.000000 0.000000 0.000000 0.000000 0.000000 0.000000 0.000000 0.000000 0.000000 0.000000 0.000000 0.000000 0.000000 0.000000 0.000000 0.000000 0.000000 0.000000 0.000000 0.000000 0.000000 0.000000 0.000000 0.000000 0.000000 0.000000 0.000000 0.000000 0.000000 0.000000 0.000000 0.000000 0.000000
0.051576 0.042191 0.031252 0.018388 0.006969 0.002551 0.000934 0.000342 0.000125 0.000046 0.000017 0.000006 0.000002 0.000001 0.000000 0.000000 0.000000 0.000000 0.000000 0.000000 0.000000 0.000000 0.000000 0.000000 0.000000 0.000000 0.000000 0.000000 0.000000 0.000000 0.000000 0.000000 0.000000 0.000000 0.000000 0.000000 0.000000 0.000000 0.000000 0.000000 0.000000 0.000000 0.000000 0.000000 0.000000 0.000000 0.000000 0.000000 0.000000 0.000000
0.052759 0.042845 0.031466 0.018195 0.006832 0.002501 0.000915 0.000335 0.000123 0.000045 0.000016 0.000006 0.000002 0.000001 0.000000 0.000000 0.000000 0.000000 0.000000 0.000000 0.000000 0.000000 0.000000 0.000000 0.000000 0.000000 0.000000 0.000000 0.000000 0.000000 0.000000 0.000000 0.000000 0.000000 0.000000 0.000000 0.000000 0.000000 0.000000 0.000000 0.000000 0.000000 0.000000 0.000000 0.000000 0.000000 0.000000 0.000000 0.000000 0.000000
0.052841 0.042889 0.031403 0.017965 0.006709 0.002456 0.000899 0.000329 0.000120 0.000044 0.000016 0.000006 0.000002 0.000001 0.000000 0.000000 0.000000 0.000000 0.000000 0.000000 0.000000 0.000000 0.000000 0.000000 0.000000 0.000000 0.000000 0.000000 0.000000 0.000000 0.000000 0.000000 0.000000 0.000000 0.000000 0.000000 0.000000 0.000000 0.000000 0.000000 0.000000 0.000000 0.000000 0.000000 0.000000 0.000000 0.000000 0.000000 0.000000 0.000000
0.053330 0.043223 0.031595 0.018007 0.006713 0.002457 0.000899 0.000329 0.000121 0.000044 0.000016 0.000006 0.000002 0.000001 0.000000 0.000000 0.000000 0.000000 0.000000 0.000000 0.000000 0.000000 0.000000 0.000000 0.000000 0.000000 0.000000 0.000000 0.000000 0.000000 0.000000 0.000000 0.000000 0.000000 0.000000 0.000000 0.000000 0.000000 0.000000 0.000000 0.000000 0.000000 0.000000 0.000000 0.000000 0.000000 0.000000 0.000000 0.000000 0.000000
0.053580 0.043461 0.031745 0.018013 0.006702 0.002453 0.000898 0.000329 0.000120 0.000044 0.000016 0.000006 0.000002 0.000001 0.000000 0.000000 0.000000 0.000000 0.000000 0.000000 0.000000 0.000000 0.000000 0.000000 0.000000 0.000000 0.000000 0.000000 0.000000 0.000000 0.000000 0.000000 0.000000 0.000000 0.000000 0.000000 0.000000 0.000000 0.000000 0.000000 0.000000 0.000000 0.000000 0.000000 0.000000 0.000000 0.000000 0.000000 0.000000 0.000000
0.052826 0.042558 0.030732 0.016891 0.006222 0.002277 0.000834 0.000305 0.000112 0.000041 0.000015 0.000005 0.000002 0.000001 0.000000 0.000000 0.000000 0.000000 0.000000 0.000000 0.000000 0.000000 0.000000 0.000000 0.000000 0.000000 0.000000 0.000000 0.000000 0.000000 0.000000 0.000000 0.000000 0.000000 0.000000 0.000000 0.000000 0.000000 0.000000 0.000000 0.000000 0.000000 0.000000 0.000000 0.000000 0.000000 0.000000 0.000000 0.000000 0.000000
0.053798 0.043394 0.031414 0.017410 0.006427 0.002352 0.000861 0.000315 0.000115 0.000042 0.000015 0.000006 0.000002 0.000001 0.000000 0.000000 0.000000 0.000000 0.000000 0.000000 0.000000 0.000000 0.000000 0.000000 0.000000 0.000000 0.000000 0.000000 0.000000 0.000000 0.000000 0.000000 0.000000 0.000000 0.000000 0.000000 0.000000 0.000000 0.000000 0.000000 0.000000 0.000000 0.000000 0.000000 0.000000 0.000000 0.000000 0.000000 0.000000 0.000000
0.053648 0.043351 0.031423 0.017428 0.006434 0.002355 0.000862 0.000316 0.000115 0.000042 0.000015 0.000006 0.000002 0.000001 0.000000 0.000000 0.000000 0.000000 0.000000 0.000000 0.000000 0.000000 0.000000 0.000000 0.000000 0.000000 0.000000 0.000000 0.000000 0.000000 0.000000 0.000000 0.000000 0.000000 0.000000 0.000000 0.000000 0.000000 0.000000 0.000000 0.000000 0.000000 0.000000 0.000000 0.000000 0.000000 0.000000 0.000000 0.000000 0.000000
0.054136 0.043561 0.031451 0.017330 0.006388 0.002338 0.000856 0.000313 0.000115 0.000042 0.000015 0.000006 0.000002 0.000001 0.000000 0.000000 0.000000 0.000000 0.000000 0.000000 0.000000 0.000000 0.000000 0.000000 0.000000 0.000000 0.000000 0.000000 0.000000 0.000000 0.000000 0.000000 0.000000 0.000000 0.000000 0.000000 0.000000 0.000000 0.000000 0.000000 0.000000 0.000000 0.000000 0.000000 0.000000 0.000000 0.000000 0.000000 0.000000 0.000000
0.053232 0.042971 0.031042 0.017017 0.006263 0.002293 0.000839 0.000307 0.000112 0.000041 0.000015 0.000006 0.000002 0.000001 0.000000 0.000000 0.000000 0.000000 0.000000 0.000000 0.000000 0.000000 0.000000 0.000000 0.000000 0.000000 0.000000 0.000000 0.000000 0.000000 0.000000 0.000000 0.000000 0.000000 0.000000 0.000000 0.000000 0.000000 0.000000 0.000000 0.000000 0.000000 0.000000 0.000000 0.000000 0.000000 0.000000 0.000000 0.000000 0.000000
0.052849 0.042517 0.030604 0.016644 0.006117 0.002239 0.000820 0.000300 0.000110 0.000040 0.000015 0.000005 0.000002 0.000001 0.000000 0.000000 0.000000 0.000000 0.000000 0.000000 0.000000 0.000000 0.000000 0.000000 0.000000 0.000000 0.000000 0.000000 0.000000 0.000000 0.000000 0.000000 0.000000 0.000000 0.000000 0.000000 0.000000 0.000000 0.000000 0.000000 0.000000 0.000000 0.000000 0.000000 0.000000 0.000000 0.000000 0.000000 0.000000 0.000000
0.054694 0.044293 0.032346 0.018406 0.006858 0.002510 0.000919 0.000336 0.000123 0.000045 0.000016 0.000006 0.000002 0.000001 0.000000 0.000000 0.000000 0.000000 0.000000 0.000000 0.000000 0.000000 0.000000 0.000000 0.000000 0.000000 0.000000 0.000000 0.000000 0.000000 0.000000 0.000000 0.000000 0.000000 0.000000 0.000000 0.000000 0.000000 0.000000 0.000000 0.000000 0.000000 0.000000 0.000000 0.000000 0.000000 0.000000 0.000000 0.000000 0.000000
0.054281 0.044316 0.032728 0.019110 0.007209 0.002639 0.000966 0.000354 0.000129 0.000047 0.000017 0.000006 0.000002 0.000001 0.000000 0.000000 0.000000 0.000000 0.000000 0.000000 0.000000 0.000000 0.000000 0.000000 0.000000 0.000000 0.000000 0.000000 0.000000 0.000000 0.000000 0.000000 0.000000 0.000000 0.000000 0.000000 0.000000 0.000000 0.000000 0.000000 0.000000 0.000000 0.000000 0.000000 0.000000 0.000000 0.000000 0.000000 0.000000 0.000000
0.055175 0.045016 0.033388 0.019844 0.007579 0.002774 0.001015 0.000372 0.000136 0.000050 0.000018 0.000007 0.000002 0.000001 0.000000 0.000000 0.000000 0.000000 0.000000 0.000000 0.000000 0.000000 0.000000 0.000000 0.000000 0.000000 0.000000 0.000000 0.000000 0.000000 0.000000 0.000000 0.000000 0.000000 0.000000 0.000000 0.000000 0.000000 0.000000 0.000000 0.000000 0.000000 0.000000 0.000000 0.000000 0.000000 0.000000 0.000000 0.000000 0.000000
0.055211 0.045471 0.034140 0.020845 0.008130 0.002976 0.001089 0.000399 0.000146 0.000053 0.000020 0.000007 0.000003 0.000001 0.000000 0.000000 0.000000 0.000000 0.000000 0.000000 0.000000 0.000000 0.000000 0.000000 0.000000 0.000000 0.000000 0.000000 0.000000 0.000000 0.000000 0.000000 0.000000 0.000000 0.000000 0.000000 0.000000 0.000000 0.000000 0.000000 0.000000 0.000000 0.000000 0.000000 0.000000 0.000000 0.000000 0.000000 0.000000 0.000000
0.055662 0.045761 0.034438 0.021265 0.008397 0.003073 0.001125 0.000412 0.000151 0.000055 0.000020 0.000007 0.000003 0.000001 0.000000 0.000000 0.000000 0.000000 0.000000 0.000000 0.000000 0.000000 0.000000 0.000000 0.000000 0.000000 0.000000 0.000000 0.000000 0.000000 0.000000 0.000000 0.000000 0.000000 0.000000 0.000000 0.000000 0.000000 0.000000 0.000000 0.000000 0.000000 0.000000 0.000000 0.000000 0.000000 0.000000 0.000000 0.000000 0.000000
0.055126 0.045715 0.034768 0.021924 0.008852 0.003240 0.001186 0.000434 0.000159 0.000058 0.000021 0.000008 0.000003 0.000001 0.000000 0.000000 0.000000 0.000000 0.000000 0.000000 0.000000 0.000000 0.000000 0.000000 0.000000 0.000000 0.000000 0.000000 0.000000 0.000000 0.000000 0.000000 0.000000 0.000000 0.000000 0.000000 0.000000 0.000000 0.000000 0.000000 0.000000 0.000000 0.000000 0.000000 0.000000 0.000000 0.000000 0.000000 0.000000 0.000000
0.055855 0.046420 0.035566 0.022911 0.009532 0.003489 0.001277 0.000467 0.000171 0.000063 0.000023 0.000008 0.000003 0.000001 0.000000 0.000000 0.000000 0.000000 0.000000 0.000000 0.000000 0.000000 0.000000 0.000000 0.000000 0.000000 0.000000 0.000000 0.000000 0.000000 0.000000 0.000000 0.000000 0.000000 0.000000 0.000000 0.000000 0.000000 0.000000 0.000000 0.000000 0.000000 0.000000 0.000000 0.000000 0.000000 0.000000 0.000000 0.000000 0.000000
0.056420 0.047254 0.036668 0.024310 0.010609 0.003883 0.001421 0.000520 0.000190 0.000070 0.000026 0.000009 0.000003 0.000001 0.000000 0.000000 0.000000 0.000000 0.000000 0.000000 0.000000 0.000000 0.000000 0.000000 0.000000 0.000000 0.000000 0.000000 0.000000 0.000000 0.000000 0.000000 0.000000 0.000000 0.000000 0.000000 0.000000 0.000000 0.000000 0.000000 0.000000 0.000000 0.000000 0.000000 0.000000 0.000000 0.000000 0.000000 0.000000 0.000000
0.057310 0.048377 0.038048 0.025992 0.012083 0.004423 0.001619 0.000593 0.000217 0.000079 0.000029 0.000011 0.000004 0.000001 0.000001 0.000000 0.000000 0.000000 0.000000 0.000000 0.000000 0.000000 0.000000 0.000000 0.000000 0.000000 0.000000 0.000000 0.000000 0.000000 0.000000 0.000000 0.000000 0.000000 0.000000 0.000000 0.000000 0.000000 0.000000 0.000000 0.000000 0.000000 0.000000 0.000000 0.000000 0.000000 0.000000 0.000000 0.000000 0.000000
0.058247 0.049354 0.039170 0.027351 0.013485 0.004936 0.001807 0.000661 0.000242 0.000089 0.000032 0.000012 0.000004 0.000002 0.000001 0.000000 0.000000 0.000000 0.000000 0.000000 0.000000 0.000000 0.000000 0.000000 0.000000 0.000000 0.000000 0.000000 0.000000 0.000000 0.000000 0.000000 0.000000 0.000000 0.000000 0.000000 0.000000 0.000000 0.000000 0.000000 0.000000 0.000000 0.000000 0.000000 0.000000 0.000000 0.000000 0.000000 0.000000 0.000000
0.057299 0.048969 0.039256 0.027871 0.014367 0.005259 0.001925 0.000705 0.000258 0.000094 0.000035 0.000013 0.000005 0.000002 0.000001 0.000000 0.000000 0.000000 0.000000 0.000000 0.000000 0.000000 0.000000 0.000000 0.000000 0.000000 0.000000 0.000000 0.000000 0.000000 0.000000 0.000000 0.000000 0.000000 0.000000 0.000000 0.000000 0.000000 0.000000 0.000000 0.000000 0.000000 0.000000 0.000000 0.000000 0.000000 0.000000 0.000000 0.000000 0.000000
0.058042 0.049661 0.040022 0.028817 0.015597 0.005726 0.002096 0.000767 0.000281 0.000103 0.000038 0.000014 0.000005 0.000002 0.000001 0.000000 0.000000 0.000000 0.000000 0.000000 0.000000 0.000000 0.000000 0.000000 0.000000 0.000000 0.000000 0.000000 0.000000 0.000000 0.000000 0.000000 0.000000 0.000000 0.000000 0.000000 0.000000 0.000000 0.000000 0.000000 0.000000 0.000000 0.000000 0.000000 0.000000 0.000000 0.000000 0.000000 0.000000 0.000000
0.058839 0.050717 0.041364 0.030491 0.017685 0.006644 0.002432 0.000890 0.000326 0.000119 0.000044 0.000016 0.000006 0.000002 0.000001 0.000000 0.000000 0.000000 0.000000 0.000000 0.000000 0.000000 0.000000 0.000000 0.000000 0.000000 0.000000 0.000000 0.000000 0.000000 0.000000 0.000000 0.000000 0.000000 0.000000 0.000000 0.000000 0.000000 0.000000 0.000000 0.000000 0.000000 0.000000 0.000000 0.000000 0.000000 0.000000 0.000000 0.000000 0.000000
0.060264 0.052448 0.043425 0.032937 0.020609 0.008239 0.003016 0.001104 0.000404 0.000148 0.000054 0.000020 0.000007 0.000003 0.000001 0.000000 0.000000 0.000000 0.000000 0.000000 0.000000 0.000000 0.000000 0.000000 0.000000 0.000000 0.000000 0.000000 0.000000 0.000000 0.000000 0.000000 0.000000 0.000000 0.000000 0.000000 0.000000 0.000000 0.000000 0.000000 0.000000 0.000000 0.000000 0.000000 0.000000 0.000000 0.000000 0.000000 0.000000 0.000000
0.060519 0.053079 0.044511 0.034561 0.022877 0.009929 0.003634 0.001330 0.000487 0.000178 0.000065 0.000024 0.000009 0.000003 0.000001 0.000000 0.000000 0.000000 0.000000 0.000000 0.000000 0.000000 0.000000 0.000000 0.000000 0.000000 0.000000 0.000000 0.000000 0.000000 0.000000 0.000000 0.000000 0.000000 0.000000 0.000000 0.000000 0.000000 0.000000 0.000000 0.000000 0.000000 0.000000 0.000000 0.000000 0.000000 0.000000 0.000000 0.000000 0.000000
0.061850 0.054915 0.046862 0.037478 0.026461 0.013387 0.004900 0.001794 0.000657 0.000240 0.000088 0.000032 0.000012 0.000004 0.000002 0.000001 0.000000 0.000000 0.000000 0.000000 0.000000 0.000000 0.000000 0.000000 0.000000 0.000000 0.000000 0.000000 0.000000 0.000000 0.000000 0.000000 0.000000 0.000000 0.000000 0.000000 0.000000 0.000000 0.000000 0.000000 0.000000 0.000000 0.000000 0.000000 0.000000 0.000000 0.000000 0.000000 0.000000 0.000000
0.065253 0.058507 0.050759 0.041805 0.031368 0.019051 0.007394 0.002706 0.000991 0.000363 0.000133 0.000049 0.000018 0.000007 0.000002 0.000001 0.000000 0.000000 0.000000 0.000000 0.000000 0.000000 0.000000 0.000000 0.000000 0.000000 0.000000 0.000000 0.000000 0.000000 0.000000 0.000000 0.000000 0.000000 0.000000 0.000000 0.000000 0.000000 0.000000 0.000000 0.000000 0.000000 0.000000 0.000000 0.000000 0.000000 0.000000 0.000000 0.000000 0.000000
0.068001 0.061570 0.054195 0.045701 0.035847 0.024293 0.011069 0.004052 0.001483 0.000543 0.000199 0.000073 0.000027 0.000010 0.000004 0.000001 0.000000 0.000000 0.000000 0.000000 0.000000 0.000000 0.000000 0.000000 0.000000 0.000000 0.000000 0.000000 0.000000 0.000000 0.000000 0.000000 0.000000 0.000000 0.000000 0.000000 0.000000 0.000000 0.000000 0.000000 0.000000 0.000000 0.000000 0.000000 0.000000 0.000000 0.000000 0.000000 0.000000 0.000000
0.068654 0.062745 0.055937 0.048070 0.038929 0.028223 0.015525 0.005718 0.002093 0.000766 0.000280 0.000103 0.000038 0.000014 0.000005 0.000002 0.000001 0.000000 0.000000 0.000000 0.000000 0.000000 0.000000 0.000000 0.000000 0.000000 0.000000 0.000000 0.000000 0.000000 0.000000 0.000000 0.000000 0.000000 0.000000 0.000000 0.000000 0.000000 0.000000 0.000000 0.000000 0.000000 0.000000 0.000000 0.000000 0.000000 0.000000 0.000000 0.000000 0.000000
0.071031 0.065467 0.059059 0.051672 0.043123 0.033161 0.021427 0.008941 0.003273 0.001198 0.000438 0.000160 0.000059 0.000022 0.000008 0.000003 0.000001 0.000000 0.000000 0.000000 0.000000 0.000000 0.000000 0.000000 0.000000 0.000000 0.000000 0.000000 0.000000 0.000000 0.000000 0.000000 0.000000 0.000000 0.000000 0.000000 0.000000 0.000000 0.000000 0.000000 0.000000 0.000000 0.000000 0.000000 0.000000 0.000000 0.000000 0.000000 0.000000 0.000000
0.074226 0.068995 0.063016 0.056159 0.048259 0.039101 0.028388 0.015710 0.005801 0.002123 0.000777 0.000284 0.000104 0.000038 0.000014 0.000005 0.000002 0.000001 0.000000 0.000000 0.000000 0.000000 0.000000 0.000000 0.000000 0.000000 0.000000 0.000000 0.000000 0.000000 0.000000 0.000000 0.000000 0.000000 0.000000 0.000000 0.000000 0.000000 0.000000 0.000000 0.000000 0.000000 0.000000 0.000000 0.000000 0.000000 0.000000 0.000000 0.000000 0.000000
0.077314 0.072660 0.067290 0.061100 0.053953 0.045676 0.036033 0.024689 0.011567 0.004234 0.001550 0.000567 0.000208 0.000076 0.000028 0.000010 0.000004 0.000001 0.000000 0.000000 0.000000 0.000000 0.000000 0.000000 0.000000 0.000000 0.000000 0.000000 0.000000 0.000000 0.000000 0.000000 0.000000 0.000000 0.000000 0.000000 0.000000 0.000000 0.000000 0.000000 0.000000 0.000000 0.000000 0.000000 0.000000 0.000000 0.000000 0.000000 0.000000 0.000000
0.081412 0.077196 0.072320 0.066697 0.060216 0.052735 0.044065 0.033948 0.022015 0.009287 0.003399 0.001244 0.000455 0.000167 0.000061 0.000022 0.000008 0.000003 0.000001 0.000000 0.000000 0.000000 0.000000 0.000000 0.000000 0.000000 0.000000 0.000000 0.000000 0.000000 0.000000 0.000000 0.000000 0.000000 0.000000 0.000000 0.000000 0.000000 0.000000 0.000000 0.000000 0.000000 0.000000 0.000000 0.000000 0.000000 0.000000 0.000000 0.000000 0.000000
0.085565 0.081650 0.077177 0.072056 0.066184 0.059436 0.051656 0.042638 0.032101 0.019666 0.007734 0.002831 0.001036 0.000379 0.000139 0.000051 0.000019 0.000007 0.000002 0.000001 0.000000 0.000000 0.000000 0.000000 0.000000 0.000000 0.000000 0.000000 0.000000 0.000000 0.000000 0.000000 0.000000 0.000000 0.000000 0.000000 0.000000 0.000000 0.000000 0.000000 0.000000 0.000000 0.000000 0.000000 0.000000 0.000000 0.000000 0.000000 0.000000 0.000000
0.089232 0.085819 0.081843 0.077251 0.071966 0.065892 0.058907 0.050851 0.041507 0.030578 0.017695 0.006669 0.002441 0.000894 0.000327 0.000120 0.000044 0.000016 0.000006 0.000002 0.000001 0.000000 0.000000 0.000000 0.000000 0.000000 0.000000 0.000000 0.000000 0.000000 0.000000 0.000000 0.000000 0.000000 0.000000 0.000000 0.000000 0.000000 0.000000 0.000000 0.000000 0.000000 0.000000 0.000000 0.000000 0.000000 0.000000 0.000000 0.000000 0.000000
0.093727 0.090460 0.086753 0.082533 0.077717 0.072215 0.065919 0.058694 0.050370 0.040721 0.029429 0.016156 0.005962 0.002182 0.000799 0.000292 0.000107 0.000039 0.000014 0.000005 0.000002 0.000001 0.000000 0.000000 0.000000 0.000000 0.000000 0.000000 0.000000 0.000000 0.000000 0.000000 0.000000 0.000000 0.000000 0.000000 0.000000 0.000000 0.000000 0.000000 0.000000 0.000000 0.000000 0.000000 0.000000 0.000000 0.000000 0.000000 0.000000 0.000000
0.096970 0.094241 0.091036 0.087318 0.083032 0.078114 0.072478 0.066019 0.058604 0.050058 0.040147 0.028542 0.014943 0.005473 0.002003 0.000733 0.000268 0.000098 0.000036 0.000013 0.000005 0.000002 0.000001 0.000000 0.000000 0.000000 0.000000 0.000000 0.000000 0.000000 0.000000 0.000000 0.000000 0.000000 0.000000 0.000000 0.000000 0.000000 0.000000 0.000000 0.000000 0.000000 0.000000 0.000000 0.000000 0.000000 0.000000 0.000000 0.000000 0.000000
0.100247 0.097810 0.094971 0.091681 0.087885 0.083519 0.078510 0.072770 0.066190 0.058631 0.049915 0.039801 0.027949 0.014112 0.005166 0.001891 0.000692 0.000253 0.000093 0.000034 0.000012 0.000005 0.000002 0.000001 0.000000 0.000000 0.000000 0.000000 0.000000 0.000000 0.000000 0.000000 0.000000 0.000000 0.000000 0.000000 0.000000 0.000000 0.000000 0.000000 0.000000 0.000000 0.000000 0.000000 0.000000 0.000000 0.000000 0.000000 0.000000 0.000000
0.104805 0.102516 0.099881 0.096854 0.093387 0.089421 0.084892 0.079724 0.073824 0.067081 0.059353 0.050457 0.040146 0.028075 0.014044 0.005141 0.001882 0.000689 0.000252 0.000092 0.000034 0.000012 0.000005 0.000002 0.000001 0.000000 0.000000 0.000000 0.000000 0.000000 0.000000 0.000000 0.000000 0.000000 0.000000 0.000000 0.000000 0.000000 0.000000 0.000000 0.000000 0.000000 0.000000 0.000000 0.000000 0.000000 0.000000 0.000000 0.000000 0.000000
0.107811 0.106037 0.103885 0.101329 0.098336 0.094867 0.090872 0.086290 0.081051 0.075064 0.068220 0.060379 0.051356 0.040904 0.028678 0.014478 0.005300 0.001940 0.000710 0.000260 0.000095 0.000035 0.000013 0.000005 0.000002 0.000001 0.000000 0.000000 0.000000 0.000000 0.000000 0.000000 0.000000 0.000000 0.000000 0.000000 0.000000 0.000000 0.000000 0.000000 0.000000 0.000000 0.000000 0.000000 0.000000 0.000000 0.000000 0.000000 0.000000 0.000000
0.112549 0.110763 0.108697 0.106312 0.103566 0.100414 0.096806 0.092685 0.087988 0.082636 0.076539 0.069584 0.061630 0.052490 0.041917 0.029563 0.015214 0.005569 0.002038 0.000746 0.000273 0.000100 0.000037 0.000013 0.000005 0.000002 0.000001 0.000000 0.000000 0.000000 0.000000 0.000000 0.000000 0.000000 0.000000 0.000000 0.000000 0.000000 0.000000 0.000000 0.000000 0.000000 0.000000 0.000000 0.000000 0.000000 0.000000 0.000000 0.000000 0.000000
0.115601 0.114194 0.112499 0.110485 0.108122 0.105373 0.102197 0.098550 0.094375 0.089612 0.084185 0.078004 0.070956 0.062902 0.053655 0.042968 0.030495 0.016000 0.005861 0.002145 0.000785 0.000287 0.000105 0.000039 0.000014 0.000005 0.000002 0.000001 0.000000 0.000000 0.000000 0.000000 0.000000 0.000000 0.000000 0.000000 0.000000 0.000000 0.000000 0.000000 0.000000 0.000000 0.000000 0.000000 0.000000 0.000000 0.000000 0.000000 0.000000 0.000000
0.119007 0.117885 0.116464 0.114729 0.112658 0.110225 0.107396 0.104135 0.100396 0.096124 0.091259 0.085725 0.079431 0.072265 0.064085 0.054706 0.043877 0.031250 0.016567 0.006075 0.002224 0.000814 0.000298 0.000109 0.000040 0.000015 0.000005 0.000002 0.000001 0.000000 0.000000 0.000000 0.000000 0.000000 0.000000 0.000000 0.000000 0.000000 0.000000 0.000000 0.000000 0.000000 0.000000 0.000000 0.000000 0.000000 0.000000 0.000000 0.000000 0.000000
0.122964 0.121779 0.120395 0.118775 0.116883 0.114684 0.112139 0.109209 0.105850 0.102012 0.097638 0.092663 0.087011 0.080588 0.073281 0.064944 0.055391 0.044367 0.031517 0.016559 0.006066 0.002220 0.000813 0.000298 0.000109 0.000040 0.000015 0.000005 0.000002 0.000001 0.000000 0.000000 0.000000 0.000000 0.000000 0.000000 0.000000 0.000000 0.000000 0.000000 0.000000 0.000000 0.000000 0.000000 0.000000 0.000000 0.000000 0.000000 0.000000 0.000000
0.124685 0.124040 0.123126 0.121927 0.120425 0.118597 0.116417 0.113854 0.110875 0.107438 0.103498 0.098998 0.093876 0.088053 0.081436 0.073909 0.065324 0.055488 0.044137 0.030902 0.015506 0.005676 0.002078 0.000760 0.000278 0.000102 0.000037 0.000014 0.000005 0.000002 0.000001 0.000000 0.000000 0.000000 0.000000 0.000000 0.000000 0.000000 0.000000 0.000000 0.000000 0.000000 0.000000 0.000000 0.000000 0.000000 0.000000 0.000000 0.000000 0.000000
0.129451 0.128751 0.127806 0.126605 0.125129 0.123359 0.121268 0.118828 0.116007 0.112765 0.109061 0.104844 0.100056 0.094629 0.088482 0.081515 0.073605 0.064596 0.054281 0.042375 0.028475 0.012862 0.004708 0.001723 0.000631 0.000231 0.000085 0.000031 0.000011 0.000004 0.000002 0.000001 0.000000 0.000000 0.000000 0.000000 0.000000 0.000000 0.000000 0.000000 0.000000 0.000000 0.000000 0.000000 0.000000 0.000000 0.000000 0.000000 0.000000 0.000000
0.133473 0.132506 0.131398 0.130109 0.128605 0.126851 0.124816 0.122464 0.119761 0.116668 0.113143 0.109137 0.104597 0.099460 0.093653 0.087087 0.079655 0.071221 0.061613 0.050599 0.037854 0.022911 0.008896 0.003256 0.001192 0.000436 0.000160 0.000058 0.000021 0.000008 0.000003 0.000001 0.000000 0.000000 0.000000 0.000000 0.000000 0.000000 0.000000 0.000000 0.000000 0.000000 0.000000 0.000000 0.000000 0.000000 0.000000 0.000000 0.000000 0.000000
0.132333 0.132084 0.131532 0.130684 0.129538 0.128084 0.126307 0.124187 0.121698 0.118811 0.115490 0.111695 0.107376 0.102479 0.096937 0.090670 0.083581 0.075550 0.066423 0.056000 0.044004 0.030039 0.013971 0.005114 0.001872 0.000685 0.000251 0.000092 0.000034 0.000012 0.000005 0.000002 0.000001 0.000000 0.000000 0.000000 0.000000 0.000000 0.000000 0.000000 0.000000 0.000000 0.000000 0.000000 0.000000 0.000000 0.000000 0.000000 0.000000 0.000000
0.136109 0.135247 0.134264 0.133114 0.131762 0.130171 0.128311 0.126148 0.123651 0.120782 0.117505 0.113776 0.109547 0.104762 0.099357 0.093257 0.086369 0.078581 0.069752 0.059697 0.048168 0.034816 0.019115 0.007039 0.002577 0.000943 0.000345 0.000126 0.000046 0.000017 0.000006 0.000002 0.000001 0.000000 0.000000 0.000000 0.000000 0.000000 0.000000 0.000000 0.000000 0.000000 0.000000 0.000000 0.000000 0.000000 0.000000 0.000000 0.000000 0.000000
0.136085 0.135770 0.135158 0.134262 0.133083 0.131615 0.129843 0.127749 0.125309 0.122494 0.119270 0.115599 0.111435 0.106726 0.101410 0.095416 0.088654 0.081019 0.072377 0.062555 0.051322 0.038357 0.023183 0.008964 0.003281 0.001201 0.000440 0.000161 0.000059 0.000022 0.000008 0.000003 0.000001 0.000000 0.000000 0.000000 0.000000 0.000000 0.000000 0.000000 0.000000 0.000000 0.000000 0.000000 0.000000 0.000000 0.000000 0.000000 0.000000 0.000000
0.139452 0.138507 0.137469 0.136289 0.134926 0.133343 0.131505 0.129379 0.126930 0.124124 0.120923 0.117284 0.113161 0.108501 0.103243 0.097317 0.090636 0.083097 0.074570 0.064891 0.053840 0.041113 0.026264 0.010795 0.003951 0.001446 0.000529 0.000194 0.000071 0.000026 0.000010 0.000003 0.000001 0.000000 0.000000 0.000000 0.000000 0.000000 0.000000 0.000000 0.000000 0.000000 0.000000 0.000000 0.000000 0.000000 0.000000 0.000000 0.000000 0.000000
0.138116 0.137853 0.137324 0.136525 0.135450 0.134085 0.132413 0.130416 0.128067 0.125339 0.122200 0.118612 0.114531 0.109907 0.104683 0.098788 0.092140 0.084636 0.076152 0.066525 0.055541 0.042905 0.028188 0.012106 0.004431 0.001622 0.000594 0.000217 0.000080 0.000029 0.000011 0.000004 0.000001 0.000001 0.000000 0.000000 0.000000 0.000000 0.000000 0.000000 0.000000 0.000000 0.000000 0.000000 0.000000 0.000000 0.000000 0.000000 0.000000 0.000000
0.139669 0.139322 0.138718 0.137851 0.136712 0.135288 0.133562 0.131511 0.129112 0.126335 0.123147 0.119511 0.115381 0.110708 0.105432 0.099484 0.092779 0.085215 0.076665 0.066967 0.055904 0.043178 0.028356 0.012170 0.004455 0.001631 0.000597 0.000218 0.000080 0.000029 0.000011 0.000004 0.000001 0.000001 0.000000 0.000000 0.000000 0.000000 0.000000 0.000000 0.000000 0.000000 0.000000 0.000000 0.000000 0.000000 0.000000 0.000000 0.000000 0.000000
0.142499 0.141487 0.140374 0.139114 0.137670 0.136003 0.134080 0.131865 0.129326 0.126424 0.123120 0.119373 0.115134 0.110349 0.104955 0.098880 0.092037 0.084319 0.075593 0.065690 0.054384 0.041361 0.026157 0.010609 0.003883 0.001421 0.000520 0.000190 0.000070 0.000026 0.000009 0.000003 0.000001 0.000000 0.000000 0.000000 0.000000 0.000000 0.000000 0.000000 0.000000 0.000000 0.000000 0.000000 0.000000 0.000000 0.000000 0.000000 0.000000 0.000000
0.139191 0.138839 0.138205 0.137287 0.136079 0.134568 0.132737 0.130567 0.128032 0.125102 0.121743 0.117916 0.113573 0.108662 0.103119 0.096869 0.089821 0.081863 0.072855 0.062613 0.050891 0.037343 0.021449 0.008027 0.002938 0.001076 0.000394 0.000144 0.000053 0.000019 0.000007 0.000003 0.000001 0.000000 0.000000 0.000000 0.000000 0.000000 0.000000 0.000000 0.000000 0.000000 0.000000 0.000000 0.000000 0.000000 0.000000 0.000000 0.000000 0.000000
0.139680 0.138946 0.137996 0.136811 0.135372 0.133657 0.131639 0.129291 0.126583 0.123479 0.119942 0.115928 0.111385 0.106257 0.100475 0.093957 0.086605 0.078298 0.068881 0.058150 0.045826 0.031510 0.014928 0.005464 0.002000 0.000732 0.000268 0.000098 0.000036 0.000013 0.000005 0.000002 0.000001 0.000000 0.000000 0.000000 0.000000 0.000000 0.000000 0.000000 0.000000 0.000000 0.000000 0.000000 0.000000 0.000000 0.000000 0.000000 0.000000 0.000000
0.138692 0.137817 0.136749 0.135455 0.133910 0.132083 0.129947 0.127471 0.124622 0.121363 0.117653 0.113445 0.108686 0.103313 0.097254 0.090420 0.082704 0.073971 0.064046 0.052699 0.039605 0.024285 0.009529 0.003488 0.001277 0.000467 0.000171 0.000063 0.000023 0.000008 0.000003 0.000001 0.000000 0.000000 0.000000 0.000000 0.000000 0.000000 0.000000 0.000000 0.000000 0.000000 0.000000 0.000000 0.000000 0.000000 0.000000 0.000000 0.000000 0.000000
0.136893 0.136133 0.135102 0.133795 0.132197 0.130289 0.128049 0.125448 0.122453 0.119029 0.115131 0.110711 0.105712 0.100066 0.093695 0.086500 0.078364 0.069133 0.058611 0.046527 0.032495 0.016060 0.005878 0.002152 0.000788 0.000288 0.000106 0.000039 0.000014 0.000005 0.000002 0.000001 0.000000 0.000000 0.000000 0.000000 0.000000 0.000000 0.000000 0.000000 0.000000 0.000000 0.000000 0.000000 0.000000 0.000000 0.000000 0.000000 0.000000 0.000000
0.136139 0.135046 0.133765 0.132258 0.130490 0.128428 0.126036 0.123279 0.120117 0.116510 0.112408 0.107757 0.102495 0.096549 0.089831 0.082233 0.073620 0.063821 0.052606 0.039654 0.024491 0.009683 0.003544 0.001297 0.000475 0.000174 0.000064 0.000023 0.000009 0.000003 0.000001 0.000000 0.000000 0.000000 0.000000 0.000000 0.000000 0.000000 0.000000 0.000000 0.000000 0.000000 0.000000 0.000000 0.000000 0.000000 0.000000 0.000000 0.000000 0.000000
0.132779 0.132088 0.131076 0.129737 0.128056 0.126017 0.123595 0.120762 0.117482 0.113717 0.109418 0.104529 0.098986 0.092709 0.085603 0.077546 0.068389 0.057932 0.045904 0.031914 0.015571 0.005699 0.002086 0.000764 0.000280 0.000102 0.000037 0.000014 0.000005 0.000002 0.000001 0.000000 0.000000 0.000000 0.000000 0.000000 0.000000 0.000000 0.000000 0.000000 0.000000 0.000000 0.000000 0.000000 0.000000 0.000000 0.000000 0.000000 0.000000 0.000000
0.133230 0.132060 0.130640 0.128941 0.126935 0.124590 0.121873 0.118746 0.115169 0.111095 0.106469 0.101230 0.095302 0.088598 0.081008 0.072396 0.062587 0.051344 0.038340 0.023091 0.008923 0.003266 0.001196 0.000438 0.000160 0.000059 0.000021 0.000008 0.000003 0.000001 0.000000 0.000000 0.000000 0.000000 0.000000 0.000000 0.000000 0.000000 0.000000 0.000000 0.000000 0.000000 0.000000 0.000000 0.000000 0.000000 0.000000 0.000000 0.000000 0.000000
0.132540 0.131083 0.129381 0.127407 0.125130 0.122516 0.119528 0.116124 0.112258 0.107878 0.102923 0.097324 0.090996 0.083840 0.075732 0.066514 0.055980 0.043846 0.029705 0.013594 0.004976 0.001821 0.000667 0.000244 0.000089 0.000033 0.000012 0.000004 0.000002 0.000001 0.000000 0.000000 0.000000 0.000000 0.000000 0.000000 0.000000 0.000000 0.000000 0.000000 0.000000 0.000000 0.000000 0.000000 0.000000 0.000000 0.000000 0.000000 0.000000 0.000000
0.128760 0.127479 0.125898 0.123993 0.121737 0.119098 0.116041 0.112526 0.108507 0.103928 0.098728 0.092831 0.086145 0.078561 0.069937 0.060091 0.048780 0.035659 0.020229 0.007536 0.002758 0.001010 0.000370 0.000135 0.000050 0.000018 0.000007 0.000002 0.000001 0.000000 0.000000 0.000000 0.000000 0.000000 0.000000 0.000000 0.000000 0.000000 0.000000 0.000000 0.000000 0.000000 0.000000 0.000000 0.000000 0.000000 0.000000 0.000000 0.000000 0.000000
0.127126 0.125703 0.123974 0.121912 0.119487 0.116665 0.113406 0.109666 0.105395 0.100534 0.095012 0.088747 0.081636 0.073555 0.064341 0.053782 0.041586 0.027327 0.011755 0.004303 0.001575 0.000576 0.000211 0.000077 0.000028 0.000010 0.000004 0.000001 0.000001 0.000000 0.000000 0.000000 0.000000 0.000000 0.000000 0.000000 0.000000 0.000000 0.000000 0.000000 0.000000 0.000000 0.000000 0.000000 0.000000 0.000000 0.000000 0.000000 0.000000 0.000000
0.126381 0.124719 0.122758 0.120466 0.117806 0.114740 0.111224 0.107209 0.102638 0.097445 0.091554 0.084872 0.077283 0.068645 0.058771 0.047409 0.034204 0.018652 0.006863 0.002512 0.000920 0.000337 0.000123 0.000045 0.000017 0.000006 0.000002 0.000001 0.000000 0.000000 0.000000 0.000000 0.000000 0.000000 0.000000 0.000000 0.000000 0.000000 0.000000 0.000000 0.000000 0.000000 0.000000 0.000000 0.000000 0.000000 0.000000 0.000000 0.000000 0.000000
0.123612 0.122105 0.120212 0.117915 0.115193 0.112012 0.108334 0.104112 0.099289 0.093796 0.087550 0.080449 0.072366 0.063135 0.052540 0.040278 0.025910 0.010774 0.003944 0.001444 0.000528 0.000193 0.000071 0.000026 0.000009 0.000003 0.000001 0.000000 0.000000 0.000000 0.000000 0.000000 0.000000 0.000000 0.000000 0.000000 0.000000 0.000000 0.000000 0.000000 0.000000 0.000000 0.000000 0.000000 0.000000 0.000000 0.000000 0.000000 0.000000 0.000000
0.124202 0.121873 0.119314 0.116462 0.113259 0.109648 0.105567 0.100952 0.095729 0.089816 0.083112 0.075499 0.066825 0.056897 0.045453 0.032119 0.016415 0.006008 0.002199 0.000805 0.000295 0.000108 0.000039 0.000014 0.000005 0.000002 0.000001 0.000000 0.000000 0.000000 0.000000 0.000000 0.000000 0.000000 0.000000 0.000000 0.000000 0.000000 0.000000 0.000000 0.000000 0.000000 0.000000 0.000000 0.000000 0.000000 0.000000 0.000000 0.000000 0.000000
0.118365 0.116749 0.114667 0.112112 0.109063 0.105490 0.101352 0.096593 0.091147 0.084931 0.077841 0.069744 0.060471 0.049794 0.037394 0.022808 0.008909 0.003261 0.001194 0.000437 0.000160 0.000059 0.000021 0.000008 0.000003 0.000001 0.000000 0.000000 0.000000 0.000000 0.000000 0.000000 0.000000 0.000000 0.000000 0.000000 0.000000 0.000000 0.000000 0.000000 0.000000 0.000000 0.000000 0.000000 0.000000 0.000000 0.000000 0.000000 0.000000 0.000000
0.118244 0.115851 0.113145 0.110069 0.106563 0.102568 0.098019 0.092844 0.086956 0.080257 0.072621 0.063893 0.053869 0.042271 0.028699 0.013178 0.004824 0.001766 0.000646 0.000237 0.000087 0.000032 0.000012 0.000004 0.000002 0.000001 0.000000 0.000000 0.000000 0.000000 0.000000 0.000000 0.000000 0.000000 0.000000 0.000000 0.000000 0.000000 0.000000 0.000000 0.000000 0.000000 0.000000 0.000000 0.000000 0.000000 0.000000 0.000000 0.000000 0.000000
0.115019 0.112748 0.110036 0.106858 0.103175 0.098942 0.094097 0.088567 0.082264 0.075076 0.066863 0.057442 0.046570 0.033902 0.018964 0.007029 0.002573 0.000942 0.000345 0.000126 0.000046 0.000017 0.000006 0.000002 0.000001 0.000000 0.000000 0.000000 0.000000 0.000000 0.000000 0.000000 0.000000 0.000000 0.000000 0.000000 0.000000 0.000000 0.000000 0.000000 0.000000 0.000000 0.000000 0.000000 0.000000 0.000000 0.000000 0.000000 0.000000 0.000000
0.112679 0.109907 0.106785 0.103248 0.099229 0.094658 0.089455 0.083532 0.076780 0.069069 0.060230 0.050044 0.038210 0.024291 0.009939 0.003638 0.001332 0.000487 0.000178 0.000065 0.000024 0.000009 0.000003 0.000001 0.000000 0.000000 0.000000 0.000000 0.000000 0.000000 0.000000 0.000000 0.000000 0.000000 0.000000 0.000000 0.000000 0.000000 0.000000 0.000000 0.000000 0.000000 0.000000 0.000000 0.000000 0.000000 0.000000 0.000000 0.000000 0.000000
0.106803 0.104478 0.101618 0.098197 0.094176 0.089498 0.084095 0.077876 0.070727 0.062503 0.053010 0.041984 0.029049 0.013938 0.005102 0.001867 0.000684 0.000250 0.000092 0.000034 0.000012 0.000004 0.000002 0.000001 0.000000 0.000000 0.000000 0.000000 0.000000 0.000000 0.000000 0.000000 0.000000 0.000000 0.000000 0.000000 0.000000 0.000000 0.000000 0.000000 0.000000 0.000000 0.000000 0.000000 0.000000 0.000000 0.000000 0.000000 0.000000 0.000000
0.106355 0.103231 0.099698 0.095684 0.091115 0.085906 0.079961 0.073167 0.065382 0.056427 0.046065 0.033966 0.019665 0.007397 0.002708 0.000991 0.000363 0.000133 0.000049 0.000018 0.000007 0.000002 0.000001 0.000000 0.000000 0.000000 0.000000 0.000000 0.000000 0.000000 0.000000 0.000000 0.000000 0.000000 0.000000 0.000000 0.000000 0.000000 0.000000 0.000000 0.000000 0.000000 0.000000 0.000000 0.000000 0.000000 0.000000 0.000000 0.000000 0.000000
0.102653 0.099538 0.095910 0.091715 0.086886 0.081341 0.074981 0.067680 0.059277 0.049561 0.038244 0.024908 0.010555 0.003863 0.001414 0.000518 0.000189 0.000069 0.000025 0.000009 0.000003 0.000001 0.000000 0.000000 0.000000 0.000000 0.000000 0.000000 0.000000 0.000000 0.000000 0.000000 0.000000 0.000000 0.000000 0.000000 0.000000 0.000000 0.000000 0.000000 0.000000 0.000000 0.000000 0.000000 0.000000 0.000000 0.000000 0.000000 0.000000 0.000000
0.098359 0.095045 0.091194 0.086739 0.081602 0.075689 0.068881 0.061034 0.051955 0.041387 0.028965 0.014327 0.005244 0.001920 0.000703 0.000257 0.000094 0.000034 0.000013 0.000005 0.000002 0.000001 0.000000 0.000000 0.000000 0.000000 0.000000 0.000000 0.000000 0.000000 0.000000 0.000000 0.000000 0.000000 0.000000 0.000000 0.000000 0.000000 0.000000 0.000000 0.000000 0.000000 0.000000 0.000000 0.000000 0.000000 0.000000 0.000000 0.000000 0.000000
0.093681 0.090222 0.086173 0.081463 0.076007 0.069697 0.062401 0.053946 0.044104 0.032553 0.018845 0.007084 0.002593 0.000949 0.000347 0.000127 0.000047 0.000017 0.000006 0.000002 0.000001 0.000000 0.000000 0.000000 0.000000 0.000000 0.000000 0.000000 0.000000 0.000000 0.000000 0.000000 0.000000 0.000000 0.000000 0.000000 0.000000 0.000000 0.000000 0.000000 0.000000 0.000000 0.000000 0.000000 0.000000 0.000000 0.000000 0.000000 0.000000 0.000000
0.091160 0.087230 0.082711 0.077517 0.071545 0.064668 0.056729 0.047519 0.036761 0.024052 0.010236 0.003747 0.001371 0.000502 0.000184 0.000067 0.000025 0.000009 0.000003 0.000001 0.000000 0.000000 0.000000 0.000000 0.000000 0.000000 0.000000 0.000000 0.000000 0.000000 0.000000 0.000000 0.000000 0.000000 0.000000 0.000000 0.000000 0.000000 0.000000 0.000000 0.000000 0.000000 0.000000 0.000000 0.000000 0.000000 0.000000 0.000000 0.000000 0.000000
0.087321 0.083210 0.078454 0.072962 0.066623 0.059298 0.050808 0.040911 0.029274 0.015428 0.005649 0.002068 0.000757 0.000277 0.000101 0.000037 0.000014 0.000005 0.000002 0.000001 0.000000 0.000000 0.000000 0.000000 0.000000 0.000000 0.000000 0.000000 0.000000 0.000000 0.000000 0.000000 0.000000 0.000000 0.000000 0.000000 0.000000 0.000000 0.000000 0.000000 0.000000 0.000000 0.000000 0.000000 0.000000 0.000000 0.000000 0.000000 0.000000 0.000000
0.082650 0.078470 0.073600 0.067942 0.061373 0.053739 0.044840 0.034400 0.022026 0.009043 0.003310 0.001212 0.000443 0.000162 0.000059 0.000022 0.000008 0.000003 0.000001 0.000000 0.000000 0.000000 0.000000 0.000000 0.000000 0.000000 0.000000 0.000000 0.000000 0.000000 0.000000 0.000000 0.000000 0.000000 0.000000 0.000000 0.000000 0.000000 0.000000 0.000000 0.000000 0.000000 0.000000 0.000000 0.000000 0.000000 0.000000 0.000000 0.000000 0.000000
0.079566 0.075329 0.070379 0.064614 0.057903 0.050082 0.040934 0.030161 0.017327 0.006471 0.002369 0.000867 0.000317 0.000116 0.000043 0.000016 0.000006 0.000002 0.000001 0.000000 0.000000 0.000000 0.000000 0.000000 0.000000 0.000000 0.000000 0.000000 0.000000 0.000000 0.000000 0.000000 0.000000 0.000000 0.000000 0.000000 0.000000 0.000000 0.000000 0.000000 0.000000 0.000000 0.000000 0.000000 0.000000 0.000000 0.000000 0.000000 0.000000 0.000000
