0.088618 0.088773 0.088703 0.088375 0.087741 0.086733 0.085344 0.083771 0.082127 0.080453 0.078759 0.077045 0.075307 0.073539 0.071737 0.069892 0.067999 0.066051 0.064041 0.061964 0.059813 0.057581 0.055263 0.052851 0.050341 0.047727 0.045002 0.042161 0.039199 0.036110 0.032890 0.029532 0.026032 0.022385 0.018587 0.014633 0.010518 0.006238 0.002451 0.000897 0.000328 0.000120 0.000044 0.000016 0.000006 0.000002 0.000001 0.000000 0.000000 0.000000
0.091073 0.090899 0.090553 0.089993 0.089165 0.087990 0.086461 0.084776 0.083040 0.081289 0.079531 0.077762 0.075978 0.074171 0.072334 0.070458 0.068538 0.066565 0.064534 0.062436 0.060266 0.058016 0.055681 0.053254 0.050730 0.048102 0.045364 0.042510 0.039536 0.036436 0.033204 0.029836 0.026327 0.022671 0.018865 0.014903 0.010781 0.006494 0.002596 0.000950 0.000348 0.000127 0.000047 0.000017 0.000006 0.000002 0.000001 0.000000 0.000000 0.000000
0.091407 0.091290 0.091013 0.090519 0.089743 0.088602 0.087102 0.085443 0.083728 0.081991 0.080241 0.078476 0.076691 0.074880 0.073035 0.071151 0.069220 0.067235 0.065191 0.063079 0.060894 0.058629 0.056278 0.053835 0.051293 0.048648 0.045893 0.043023 0.040032 0.036916 0.033668 0.030284 0.026759 0.023088 0.019267 0.015292 0.011157 0.006858 0.002814 0.001030 0.000377 0.000138 0.000051 0.000018 0.000007 0.000002 0.000001 0.000000 0.000000 0.000000
0.090506 0.090876 0.090935 0.090673 0.090054 0.089011 0.087583 0.085982 0.084314 0.082615 0.080895 0.079154 0.077387 0.075590 0.073755 0.071876 0.069948 0.067963 0.065914 0.063797 0.061603 0.059328 0.056965 0.054508 0.051952 0.049290 0.046518 0.043629 0.040620 0.037484 0.034216 0.030813 0.027268 0.023578 0.019738 0.015744 0.011592 0.007276 0.003083 0.001129 0.000413 0.000151 0.000055 0.000020 0.000007 0.000003 0.000001 0.000000 0.000000 0.000000
0.092765 0.092680 0.092438 0.091971 0.091203 0.090039 0.088536 0.086896 0.085209 0.083502 0.081779 0.080038 0.078272 0.076475 0.074639 0.072758 0.070824 0.068832 0.066775 0.064645 0.062439 0.060148 0.057767 0.055292 0.052715 0.050031 0.047236 0.044324 0.041290 0.038129 0.034836 0.031406 0.027836 0.024121 0.020256 0.016238 0.012062 0.007724 0.003395 0.001243 0.000455 0.000167 0.000061 0.000022 0.000008 0.000003 0.000001 0.000000 0.000000 0.000000
0.093198 0.093384 0.093306 0.092927 0.092187 0.091012 0.089529 0.087922 0.086264 0.084577 0.082867 0.081132 0.079367 0.077565 0.075721 0.073828 0.071879 0.069869 0.067792 0.065641 0.063410 0.061093 0.058685 0.056181 0.053574 0.050859 0.048033 0.045088 0.042021 0.038827 0.035501 0.032039 0.028437 0.024690 0.020794 0.016745 0.012540 0.008174 0.003733 0.001366 0.000500 0.000183 0.000067 0.000025 0.000009 0.000003 0.000001 0.000000 0.000000 0.000000
0.094756 0.094897 0.094785 0.094370 0.093577 0.092337 0.090819 0.089193 0.087520 0.085820 0.084097 0.082347 0.080565 0.078745 0.076880 0.074964 0.072991 0.070955 0.068849 0.066668 0.064406 0.062057 0.059616 0.057077 0.054435 0.051685 0.048821 0.045840 0.042736 0.039505 0.036143 0.032645 0.029007 0.025225 0.021295 0.017213 0.012977 0.008581 0.004058 0.001485 0.000544 0.000199 0.000073 0.000027 0.000010 0.000004 0.000001 0.000000 0.000000 0.000000
0.096156 0.096281 0.096139 0.095679 0.094821 0.093514 0.091958 0.090305 0.088612 0.086895 0.085156 0.083390 0.081591 0.079754 0.077871 0.075936 0.073943 0.071884 0.069755 0.067549 0.065261 0.062884 0.060414 0.057844 0.055171 0.052389 0.049493 0.046478 0.043341 0.040077 0.036681 0.033150 0.029479 0.025665 0.021704 0.017593 0.013327 0.008904 0.004331 0.001585 0.000580 0.000212 0.000078 0.000028 0.000010 0.000004 0.000001 0.000001 0.000000 0.000000
0.096500 0.096685 0.096592 0.096162 0.095309 0.094005 0.092473 0.090851 0.089188 0.087498 0.085781 0.084033 0.082249 0.080422 0.078545 0.076612 0.074617 0.072554 0.070417 0.068201 0.065899 0.063507 0.061019 0.058430 0.055735 0.052931 0.050011 0.046972 0.043809 0.040519 0.037098 0.033541 0.029845 0.026006 0.022021 0.017887 0.013599 0.009156 0.004554 0.001667 0.000610 0.000223 0.000082 0.000030 0.000011 0.000004 0.000001 0.000001 0.000000 0.000000
0.096514 0.096764 0.096721 0.096321 0.095470 0.094183 0.092693 0.091120 0.089504 0.087857 0.086178 0.084463 0.082706 0.080900 0.079041 0.077121 0.075135 0.073077 0.070942 0.068723 0.066417 0.064017 0.061519 0.058919 0.056211 0.053391 0.050455 0.047399 0.044219 0.040911 0.037471 0.033896 0.030182 0.026326 0.022325 0.018175 0.013874 0.009417 0.004803 0.001759 0.000644 0.000236 0.000086 0.000032 0.000012 0.000004 0.000002 0.000001 0.000000 0.000000
0.096242 0.096668 0.096754 0.096436 0.095624 0.094387 0.092959 0.091445 0.089881 0.088279 0.086637 0.084952 0.083219 0.081434 0.079589 0.077681 0.075702 0.073649 0.071515 0.069296 0.066986 0.064581 0.062076 0.059467 0.056749 0.053919 0.050971 0.047903 0.044710 0.041389 0.037937 0.034350 0.030624 0.026757 0.022746 0.018587 0.014278 0.009816 0.005197 0.001913 0.000700 0.000256 0.000094 0.000034 0.000013 0.000005 0.000002 0.000001 0.000000 0.000000
0.097344 0.097658 0.097659 0.097267 0.096380 0.095104 0.093662 0.092146 0.090586 0.088991 0.087358 0.085682 0.083958 0.082179 0.080341 0.078437 0.076462 0.074410 0.072277 0.070056 0.067744 0.065335 0.062825 0.060210 0.057486 0.054648 0.051693 0.048617 0.045417 0.042088 0.038628 0.035034 0.031302 0.027430 0.023414 0.019252 0.014941 0.010478 0.005861 0.002204 0.000807 0.000295 0.000108 0.000040 0.000014 0.000005 0.000002 0.000001 0.000000 0.000000
0.097750 0.098235 0.098344 0.098009 0.097143 0.095898 0.094490 0.093006 0.091474 0.089904 0.088292 0.086634 0.084926 0.083162 0.081335 0.079441 0.077474 0.075428 0.073299 0.071082 0.068771 0.066363 0.063853 0.061237 0.058511 0.055670 0.052712 0.049633 0.046429 0.043097 0.039634 0.036038 0.032304 0.028431 0.024415 0.020254 0.015946 0.011488 0.006877 0.002734 0.001001 0.000366 0.000134 0.000049 0.000018 0.000007 0.000002 0.000001 0.000000 0.000000
0.099680 0.099938 0.099887 0.099430 0.098465 0.097167 0.095734 0.094241 0.092710 0.091145 0.089543 0.087896 0.086199 0.084446 0.082631 0.080746 0.078788 0.076750 0.074627 0.072415 0.070108 0.067703 0.065195 0.062580 0.059854 0.057013 0.054055 0.050975 0.047771 0.044438 0.040976 0.037379 0.033647 0.029776 0.025764 0.021608 0.017305 0.012855 0.008253 0.003658 0.001339 0.000490 0.000179 0.000066 0.000024 0.000009 0.000003 0.000001 0.000000 0.000000
0.100062 0.100614 0.100765 0.100439 0.099562 0.098349 0.096991 0.095561 0.094083 0.092561 0.090995 0.089378 0.087707 0.085974 0.084176 0.082306 0.080359 0.078330 0.076214 0.074008 0.071705 0.069303 0.066797 0.064183 0.061458 0.058618 0.055660 0.052581 0.049377 0.046046 0.042585 0.038991 0.035262 0.031396 0.027389 0.023240 0.018947 0.014507 0.009917 0.005178 0.001902 0.000696 0.000255 0.000093 0.000034 0.000012 0.000005 0.000002 0.000001 0.000000
0.101538 0.102084 0.102243 0.101916 0.101035 0.099838 0.098504 0.097100 0.095646 0.094147 0.092601 0.091002 0.089346 0.087626 0.085839 0.083978 0.082039 0.080016 0.077906 0.075704 0.073405 0.071006 0.068503 0.065892 0.063169 0.060332 0.057376 0.054300 0.051100 0.047773 0.044317 0.040730 0.037008 0.033150 0.029154 0.025016 0.020736 0.016310 0.011737 0.007015 0.002788 0.001020 0.000373 0.000137 0.000050 0.000018 0.000007 0.000002 0.000001 0.000000
0.103650 0.104047 0.104062 0.103592 0.102606 0.101356 0.099994 0.098576 0.097118 0.095619 0.094077 0.092486 0.090839 0.089130 0.087354 0.085505 0.083578 0.081567 0.079468 0.077277 0.074989 0.072601 0.070108 0.067507 0.064795 0.061968 0.059023 0.055957 0.052769 0.049454 0.046010 0.042436 0.038729 0.034886 0.030906 0.026786 0.022525 0.018121 0.013571 0.008873 0.004101 0.001501 0.000549 0.000201 0.000074 0.000027 0.000010 0.000004 0.000001 0.000000
0.103016 0.103733 0.104008 0.103739 0.102914 0.101804 0.100564 0.099251 0.097884 0.096466 0.094995 0.093466 0.091875 0.090217 0.088486 0.086678 0.084788 0.082812 0.080745 0.078583 0.076323 0.073960 0.071491 0.068914 0.066223 0.063418 0.060494 0.057449 0.054281 0.050987 0.047565 0.044012 0.040327 0.036507 0.032551 0.028456 0.024221 0.019844 0.015323 0.010656 0.005842 0.002177 0.000797 0.000292 0.000107 0.000039 0.000014 0.000005 0.000002 0.000001
0.103497 0.104164 0.104417 0.104140 0.103331 0.102260 0.101071 0.099816 0.098508 0.097149 0.095736 0.094262 0.092722 0.091112 0.089427 0.087661 0.085811 0.083872 0.081840 0.079711 0.077481 0.075148 0.072707 0.070156 0.067492 0.064712 0.061813 0.058793 0.055649 0.052380 0.048983 0.045455 0.041796 0.038003 0.034074 0.030008 0.025802 0.021456 0.016967 0.012333 0.007554 0.003095 0.001133 0.000415 0.000152 0.000056 0.000020 0.000007 0.000003 0.000001
0.103589 0.104473 0.104876 0.104694 0.103964 0.102962 0.101830 0.100621 0.099352 0.098026 0.096640 0.095193 0.093678 0.092091 0.090428 0.088684 0.086854 0.084936 0.082924 0.080815 0.078606 0.076292 0.073872 0.071341 0.068697 0.065937 0.063059 0.060060 0.056938 0.053691 0.050317 0.046814 0.043179 0.039411 0.035509 0.031471 0.027294 0.022978 0.018521 0.013921 0.009177 0.004329 0.001585 0.000580 0.000212 0.000078 0.000028 0.000010 0.000004 0.000001
0.105349 0.106031 0.106286 0.105990 0.105175 0.104115 0.102944 0.101708 0.100422 0.099085 0.097694 0.096244 0.094730 0.093146 0.091488 0.089751 0.087929 0.086020 0.084018 0.081920 0.079723 0.077422 0.075015 0.072498 0.069870 0.067126 0.064265 0.061284 0.058181 0.054953 0.051600 0.048118 0.044506 0.040762 0.036885 0.032873 0.028725 0.024438 0.020011 0.015444 0.010733 0.005878 0.002190 0.000801 0.000293 0.000107 0.000039 0.000014 0.000005 0.000002
0.106193 0.106930 0.107208 0.106916 0.106098 0.105033 0.103857 0.102618 0.101330 0.099995 0.098608 0.097165 0.095659 0.094085 0.092438 0.090712 0.088904 0.087009 0.085022 0.082939 0.080757 0.078473 0.076083 0.073584 0.070973 0.068248 0.065406 0.062445 0.059362 0.056156 0.052824 0.049365 0.045777 0.042058 0.038207 0.034222 0.030101 0.025844 0.021448 0.016912 0.012235 0.007416 0.002997 0.001097 0.000402 0.000147 0.000054 0.000020 0.000007 0.000003
0.106644 0.107306 0.107556 0.107262 0.106460 0.105421 0.104278 0.103076 0.101827 0.100531 0.099183 0.097778 0.096309 0.094771 0.093158 0.091466 0.089690 0.087825 0.085868 0.083814 0.081660 0.079403 0.077039 0.074566 0.071981 0.069281 0.066465 0.063529 0.060471 0.057291 0.053985 0.050552 0.046991 0.043300 0.039477 0.035521 0.031430 0.027203 0.022840 0.018337 0.013694 0.008910 0.004075 0.001492 0.000546 0.000200 0.000073 0.000027 0.000010 0.000004
0.104941 0.106062 0.106669 0.106653 0.106071 0.105211 0.104216 0.103140 0.101998 0.100795 0.099528 0.098195 0.096789 0.095309 0.093748 0.092103 0.090371 0.088547 0.086627 0.084609 0.082489 0.080264 0.077932 0.075489 0.072933 0.070262 0.067473 0.064566 0.061536 0.058384 0.055106 0.051702 0.048169 0.044507 0.040714 0.036789 0.032729 0.028535 0.024204 0.019736 0.015129 0.010381 0.005492 0.002023 0.000740 0.000271 0.000099 0.000036 0.000013 0.000005
0.105691 0.106705 0.107240 0.107178 0.106584 0.105735 0.104759 0.103706 0.102588 0.101409 0.100167 0.098857 0.097476 0.096019 0.094481 0.092860 0.091151 0.089349 0.087453 0.085458 0.083361 0.081160 0.078851 0.076431 0.073900 0.071253 0.068490 0.065607 0.062604 0.059477 0.056227 0.052850 0.049346 0.045713 0.041950 0.038055 0.034028 0.029866 0.025569 0.021135 0.016563 0.011852 0.007001 0.002749 0.001006 0.000368 0.000135 0.000049 0.000018 0.000007
0.108372 0.108991 0.109215 0.108906 0.108110 0.107098 0.105995 0.104842 0.103649 0.102414 0.101129 0.099789 0.098387 0.096917 0.095372 0.093749 0.092042 0.090246 0.088359 0.086375 0.084292 0.082105 0.079813 0.077413 0.074901 0.072276 0.069535 0.066675 0.063696 0.060596 0.057371 0.054022 0.050546 0.046943 0.043209 0.039346 0.035350 0.031221 0.026958 0.022559 0.018023 0.013350 0.008537 0.003764 0.001378 0.000504 0.000185 0.000068 0.000025 0.000009
0.106963 0.108127 0.108762 0.108761 0.108194 0.107352 0.106377 0.105321 0.104201 0.103023 0.101784 0.100482 0.099112 0.097669 0.096151 0.094552 0.092868 0.091095 0.089230 0.087269 0.085209 0.083046 0.080778 0.078402 0.075915 0.073315 0.070600 0.067768 0.064816 0.061744 0.058548 0.055228 0.051783 0.048210 0.044508 0.040677 0.036714 0.032619 0.028391 0.024027 0.019528 0.014892 0.010118 0.005205 0.001908 0.000698 0.000256 0.000094 0.000034 0.000013
0.108042 0.109025 0.109532 0.109447 0.108830 0.107962 0.106979 0.105927 0.104821 0.103661 0.102445 0.101167 0.099823 0.098408 0.096918 0.095346 0.093690 0.091946 0.090109 0.088176 0.086144 0.084010 0.081770 0.079422 0.076964 0.074393 0.071707 0.068903 0.065981 0.062939 0.059773 0.056484 0.053070 0.049529 0.045859 0.042061 0.038132 0.034071 0.029877 0.025550 0.021087 0.016488 0.011752 0.006877 0.002676 0.000980 0.000359 0.000131 0.000048 0.000018
0.109953 0.110641 0.110933 0.110688 0.109956 0.109005 0.107963 0.106870 0.105736 0.104559 0.103334 0.102055 0.100714 0.099307 0.097827 0.096270 0.094630 0.092903 0.091086 0.089173 0.087163 0.085051 0.082835 0.080511 0.078078 0.075533 0.072873 0.070096 0.067202 0.064187 0.061050 0.057791 0.054406 0.050895 0.047257 0.043490 0.039594 0.035566 0.031407 0.027114 0.022687 0.018124 0.013425 0.008588 0.003791 0.001388 0.000508 0.000186 0.000068 0.000025
0.109851 0.110831 0.111320 0.111211 0.110580 0.109706 0.108719 0.107667 0.106564 0.105412 0.104207 0.102945 0.101621 0.100229 0.098764 0.097222 0.095599 0.093889 0.092089 0.090195 0.088203 0.086112 0.083916 0.081615 0.079204 0.076683 0.074047 0.071297 0.068428 0.065440 0.062332 0.059100 0.055745 0.052265 0.048657 0.044922 0.041058 0.037064 0.032938 0.028680 0.024288 0.019762 0.015100 0.010302 0.005366 0.001970 0.000721 0.000264 0.000097 0.000035
0.110409 0.111301 0.111775 0.111695 0.111088 0.110233 0.109268 0.108240 0.107164 0.106040 0.104862 0.103628 0.102330 0.100965 0.099526 0.098010 0.096411 0.094727 0.092953 0.091085 0.089120 0.087055 0.084887 0.082613 0.080231 0.077738 0.075132 0.072411 0.069573 0.066616 0.063539 0.060340 0.057017 0.053569 0.049996 0.046295 0.042466 0.038507 0.034417 0.030196 0.025841 0.021353 0.016730 0.011970 0.007073 0.002779 0.001017 0.000372 0.000136 0.000050
0.109137 0.110450 0.111237 0.111401 0.110972 0.110245 0.109376 0.108425 0.107411 0.106340 0.105211 0.104020 0.102764 0.101438 0.100037 0.098559 0.096998 0.095350 0.093612 0.091781 0.089852 0.087823 0.085692 0.083454 0.081108 0.078651 0.076082 0.073397 0.070595 0.067675 0.064635 0.061472 0.058187 0.054776 0.051240 0.047577 0.043786 0.039865 0.035814 0.031631 0.027316 0.022867 0.018284 0.013565 0.008709 0.003873 0.001418 0.000519 0.000190 0.000070
0.110968 0.111820 0.112282 0.112226 0.111641 0.110804 0.109859 0.108861 0.107820 0.106739 0.105610 0.104429 0.103190 0.101885 0.100510 0.099060 0.097529 0.095913 0.094208 0.092410 0.090516 0.088522 0.086426 0.084224 0.081913 0.079493 0.076959 0.074311 0.071546 0.068662 0.065658 0.062532 0.059283 0.055910 0.052411 0.048785 0.045031 0.041148 0.037135 0.032991 0.028714 0.024305 0.019761 0.015082 0.010266 0.005314 0.001949 0.000714 0.000261 0.000096
0.111465 0.112351 0.112849 0.112832 0.112270 0.111435 0.110488 0.109485 0.108442 0.107359 0.106232 0.105054 0.103820 0.102524 0.101159 0.099721 0.098204 0.096604 0.094917 0.093138 0.091264 0.089292 0.087218 0.085040 0.082755 0.080360 0.077853 0.075232 0.072495 0.069640 0.066666 0.063570 0.060352 0.057010 0.053543 0.049950 0.046229 0.042379 0.038400 0.034290 0.030048 0.025674 0.021166 0.016523 0.011745 0.006829 0.002643 0.000967 0.000354 0.000130
0.111522 0.112683 0.113365 0.113478 0.113002 0.112221 0.111305 0.110318 0.109281 0.108199 0.107068 0.105886 0.104647 0.103345 0.101976 0.100535 0.099017 0.097418 0.095733 0.093959 0.092092 0.090128 0.088064 0.085898 0.083627 0.081247 0.078757 0.076154 0.073437 0.070603 0.067650 0.064578 0.061384 0.058067 0.054626 0.051060 0.047366 0.043545 0.039595 0.035515 0.031304 0.026961 0.022486 0.017876 0.013130 0.008249 0.003520 0.001289 0.000472 0.000173
0.113181 0.114070 0.114579 0.114586 0.114035 0.113189 0.112220 0.111189 0.110116 0.109004 0.107849 0.106647 0.105392 0.104078 0.102700 0.101253 0.099732 0.098132 0.096449 0.094679 0.092818 0.090863 0.088810 0.086656 0.084398 0.082034 0.079560 0.076975 0.074277 0.071463 0.068532 0.065482 0.062312 0.059019 0.055603 0.052062 0.048395 0.044601 0.040678 0.036627 0.032445 0.028131 0.023686 0.019106 0.014393 0.009543 0.004579 0.001676 0.000614 0.000225
0.113608 0.114542 0.115056 0.115060 0.114497 0.113625 0.112628 0.111574 0.110484 0.109361 0.108201 0.106999 0.105748 0.104441 0.103074 0.101640 0.100133 0.098550 0.096886 0.095135 0.093295 0.091360 0.089329 0.087198 0.084963 0.082623 0.080174 0.077614 0.074940 0.072152 0.069247 0.066224 0.063080 0.059814 0.056425 0.052912 0.049273 0.045507 0.041613 0.037591 0.033438 0.029154 0.024739 0.020190 0.015507 0.010688 0.005734 0.002119 0.000776 0.000284
0.113629 0.114405 0.114858 0.114869 0.114337 0.113489 0.112516 0.111488 0.110426 0.109333 0.108203 0.107031 0.105809 0.104533 0.103195 0.101790 0.100313 0.098758 0.097122 0.095400 0.093587 0.091681 0.089678 0.087574 0.085367 0.083054 0.080632 0.078100 0.075454 0.072693 0.069816 0.066820 0.063703 0.060465 0.057104 0.053619 0.050008 0.046271 0.042405 0.038411 0.034287 0.030032 0.025646 0.021126 0.016472 0.011684 0.006759 0.002604 0.000953 0.000349
0.112341 0.113538 0.114301 0.114554 0.114205 0.113467 0.112563 0.111582 0.110553 0.109483 0.108372 0.107215 0.106008 0.104744 0.103418 0.102025 0.100560 0.099019 0.097396 0.095688 0.093891 0.092001 0.090014 0.087927 0.085738 0.083444 0.081042 0.078529 0.075904 0.073165 0.070309 0.067335 0.064241 0.061026 0.057689 0.054227 0.050640 0.046927 0.043087 0.039118 0.035019 0.030790 0.026429 0.021936 0.017310 0.012548 0.007651 0.003118 0.001141 0.000418
0.113969 0.114906 0.115486 0.115613 0.115177 0.114349 0.113362 0.112308 0.111215 0.110092 0.108935 0.107739 0.106498 0.105206 0.103857 0.102445 0.100965 0.099412 0.097780 0.096067 0.094266 0.092375 0.090390 0.088307 0.086124 0.083837 0.081443 0.078941 0.076328 0.073601 0.070759 0.067800 0.064722 0.061524 0.058204 0.054761 0.051194 0.047501 0.043681 0.039733 0.035657 0.031450 0.027112 0.022643 0.018040 0.013303 0.008431 0.003654 0.001337 0.000490
0.115270 0.116064 0.116523 0.116558 0.116052 0.115152 0.114094 0.112974 0.111824 0.110650 0.109448 0.108214 0.106941 0.105621 0.104248 0.102817 0.101321 0.099755 0.098114 0.096393 0.094588 0.092694 0.090709 0.088628 0.086448 0.084167 0.081780 0.079286 0.076683 0.073967 0.071137 0.068192 0.065128 0.061946 0.058642 0.055216 0.051667 0.047992 0.044192 0.040264 0.036208 0.032022 0.027706 0.023259 0.018679 0.013965 0.009117 0.004206 0.001539 0.000563
0.115490 0.116230 0.116664 0.116699 0.116214 0.115321 0.114263 0.113141 0.111988 0.110810 0.109606 0.108369 0.107093 0.105771 0.104397 0.102966 0.101471 0.099907 0.098269 0.096553 0.094753 0.092867 0.090889 0.088818 0.086648 0.084378 0.082003 0.079523 0.076934 0.074233 0.071420 0.068491 0.065445 0.062281 0.058996 0.055590 0.052060 0.048406 0.044627 0.040721 0.036687 0.032524 0.028231 0.023807 0.019250 0.014561 0.009737 0.004782 0.001750 0.000641
0.114477 0.115541 0.116216 0.116441 0.116111 0.115306 0.114292 0.113189 0.112043 0.110865 0.109657 0.108416 0.107135 0.105810 0.104435 0.103003 0.101509 0.099949 0.098316 0.096607 0.094816 0.092940 0.090975 0.088916 0.086761 0.084507 0.082149 0.079686 0.077116 0.074435 0.071641 0.068733 0.065709 0.062566 0.059304 0.055920 0.052414 0.048783 0.045028 0.041146 0.037136 0.032997 0.028729 0.024329 0.019798 0.015133 0.010334 0.005400 0.001983 0.000726
0.116582 0.117143 0.117451 0.117419 0.116928 0.115973 0.114817 0.113595 0.112353 0.111100 0.109834 0.108549 0.107236 0.105887 0.104496 0.103055 0.101557 0.099996 0.098367 0.096664 0.094883 0.093019 0.091067 0.089023 0.086885 0.084648 0.082310 0.079867 0.077317 0.074658 0.071886 0.069001 0.065999 0.062880 0.059641 0.056282 0.052799 0.049193 0.045462 0.041604 0.037618 0.033504 0.029260 0.024885 0.020378 0.015738 0.010964 0.006054 0.002263 0.000828
0.115217 0.116042 0.116574 0.116745 0.116454 0.115655 0.114598 0.113445 0.112252 0.111038 0.109803 0.108544 0.107253 0.105924 0.104551 0.103127 0.101646 0.100102 0.098489 0.096804 0.095040 0.093193 0.091260 0.089235 0.087116 0.084899 0.082580 0.080158 0.077628 0.074990 0.072239 0.069375 0.066395 0.063297 0.060080 0.056741 0.053281 0.049696 0.045986 0.042150 0.038186 0.034093 0.029871 0.025517 0.021031 0.016412 0.011659 0.006770 0.002615 0.000957
0.114730 0.115634 0.116264 0.116556 0.116416 0.115751 0.114759 0.113640 0.112470 0.111273 0.110051 0.108804 0.107524 0.106206 0.104843 0.103430 0.101959 0.100426 0.098825 0.097151 0.095398 0.093564 0.091643 0.089631 0.087525 0.085321 0.083017 0.080608 0.078094 0.075470 0.072734 0.069885 0.066920 0.063838 0.060636 0.057314 0.053868 0.050300 0.046605 0.042785 0.038836 0.034759 0.030552 0.026214 0.021743 0.017140 0.012401 0.007527 0.003049 0.001116
0.115000 0.116047 0.116790 0.117189 0.117171 0.116629 0.115660 0.114515 0.113304 0.112063 0.110802 0.109519 0.108208 0.106863 0.105477 0.104044 0.102558 0.101011 0.099400 0.097717 0.095959 0.094120 0.092197 0.090184 0.088078 0.085876 0.083574 0.081169 0.078659 0.076040 0.073310 0.070467 0.067509 0.064433 0.061239 0.057924 0.054487 0.050926 0.047240 0.043428 0.039488 0.035420 0.031221 0.026892 0.022430 0.017835 0.013105 0.008240 0.003520 0.001289
0.117191 0.117830 0.118306 0.118543 0.118454 0.117920 0.116913 0.115688 0.114389 0.113068 0.111735 0.110389 0.109024 0.107632 0.106206 0.104737 0.103219 0.101645 0.100010 0.098307 0.096531 0.094677 0.092740 0.090716 0.088601 0.086391 0.084083 0.081673 0.079159 0.076537 0.073805 0.070961 0.068003 0.064928 0.061735 0.058421 0.054985 0.051427 0.047743 0.043933 0.039996 0.035930 0.031735 0.027408 0.022949 0.018357 0.013630 0.008768 0.003914 0.001432
0.116119 0.117185 0.117971 0.118449 0.118568 0.118241 0.117390 0.116229 0.114951 0.113628 0.112281 0.110916 0.109528 0.108111 0.106660 0.105167 0.103626 0.102030 0.100374 0.098652 0.096858 0.094988 0.093037 0.091001 0.088874 0.086654 0.084337 0.081920 0.079399 0.076771 0.074034 0.071186 0.068224 0.065145 0.061949 0.058633 0.055196 0.051635 0.047950 0.044139 0.040200 0.036133 0.031937 0.027609 0.023149 0.018555 0.013827 0.008963 0.004068 0.001489
0.116124 0.117136 0.117919 0.118433 0.118624 0.118414 0.117693 0.116565 0.115272 0.113916 0.112532 0.111129 0.109705 0.108254 0.106771 0.105248 0.103679 0.102058 0.100379 0.098636 0.096823 0.094935 0.092968 0.090917 0.088777 0.086545 0.084217 0.081790 0.079260 0.076624 0.073879 0.071024 0.068055 0.064971 0.061769 0.058448 0.055005 0.051439 0.047749 0.043933 0.039990 0.035918 0.031717 0.027384 0.022918 0.018320 0.013586 0.008716 0.003869 0.001416
0.117624 0.118205 0.118666 0.118956 0.119015 0.118764 0.118094 0.116953 0.115581 0.114131 0.112658 0.111175 0.109680 0.108168 0.106631 0.105060 0.103449 0.101791 0.100078 0.098304 0.096463 0.094550 0.092559 0.090487 0.088327 0.086077 0.083732 0.081289 0.078744 0.076094 0.073336 0.070468 0.067487 0.064391 0.061178 0.057846 0.054392 0.050816 0.047116 0.043289 0.039336 0.035253 0.031041 0.026698 0.022222 0.017612 0.012867 0.007986 0.003340 0.001223
0.114851 0.115953 0.116834 0.117474 0.117843 0.117889 0.117535 0.116673 0.115408 0.113980 0.112491 0.110976 0.109443 0.107888 0.106308 0.104694 0.103040 0.101340 0.099586 0.097774 0.095896 0.093948 0.091924 0.089819 0.087629 0.085350 0.082977 0.080507 0.077936 0.075262 0.072480 0.069590 0.066587 0.063470 0.060236 0.056884 0.053410 0.049815 0.046095 0.042250 0.038278 0.034177 0.029946 0.025584 0.021090 0.016461 0.011698 0.006798 0.002629 0.000962
0.114643 0.115576 0.116376 0.117003 0.117411 0.117551 0.117352 0.116717 0.115568 0.114125 0.112571 0.110976 0.109360 0.107725 0.106067 0.104379 0.102656 0.100889 0.099072 0.097200 0.095265 0.093263 0.091187 0.089034 0.086797 0.084473 0.082058 0.079547 0.076938 0.074226 0.071408 0.068483 0.065446 0.062296 0.059030 0.055646 0.052143 0.048517 0.044768 0.040894 0.036893 0.032764 0.028505 0.024115 0.019592 0.014936 0.010144 0.005218 0.001913 0.000700
0.114209 0.115283 0.116151 0.116813 0.117255 0.117445 0.117337 0.116857 0.115896 0.114472 0.112845 0.111146 0.109419 0.107675 0.105913 0.104128 0.102313 0.100460 0.098562 0.096613 0.094606 0.092535 0.090395 0.088179 0.085883 0.083503 0.081033 0.078470 0.075810 0.073050 0.070186 0.067214 0.064134 0.060941 0.057633 0.054208 0.050664 0.046999 0.043211 0.039298 0.035259 0.031092 0.026795 0.022368 0.017808 0.013114 0.008285 0.003573 0.001308 0.000479
0.114626 0.115282 0.115892 0.116408 0.116785 0.116977 0.116932 0.116583 0.115838 0.114584 0.112959 0.111193 0.109377 0.107539 0.105683 0.103808 0.101906 0.099970 0.097992 0.095967 0.093886 0.091744 0.089535 0.087254 0.084895 0.082453 0.079923 0.077303 0.074586 0.071771 0.068853 0.065830 0.062698 0.059455 0.056097 0.052624 0.049032 0.045319 0.041485 0.037525 0.033440 0.029227 0.024885 0.020412 0.015806 0.011067 0.006193 0.002334 0.000854 0.000313
0.111961 0.113086 0.114034 0.114806 0.115393 0.115773 0.115915 0.115772 0.115278 0.114331 0.112863 0.111106 0.109240 0.107330 0.105396 0.103441 0.101458 0.099444 0.097389 0.095289 0.093135 0.090921 0.088643 0.086293 0.083867 0.081360 0.078767 0.076084 0.073307 0.070432 0.067455 0.064374 0.061185 0.057885 0.054473 0.050944 0.047298 0.043531 0.039643 0.035631 0.031492 0.027227 0.022832 0.018306 0.013647 0.008855 0.004034 0.001477 0.000540 0.000198
0.110774 0.111837 0.112788 0.113603 0.114259 0.114730 0.114986 0.114986 0.114678 0.113983 0.112790 0.111115 0.109220 0.107239 0.105221 0.103176 0.101105 0.099003 0.096862 0.094678 0.092442 0.090149 0.087792 0.085366 0.082866 0.080286 0.077622 0.074870 0.072024 0.069082 0.066039 0.062893 0.059640 0.056277 0.052802 0.049212 0.045504 0.041677 0.037728 0.033655 0.029457 0.025132 0.020677 0.016092 0.011374 0.006522 0.002499 0.000915 0.000335 0.000123
0.109863 0.111056 0.112075 0.112928 0.113612 0.114114 0.114416 0.114488 0.114288 0.113757 0.112809 0.111330 0.109444 0.107393 0.105275 0.103122 0.100943 0.098734 0.096490 0.094205 0.091873 0.089485 0.087037 0.084523 0.081936 0.079273 0.076527 0.073694 0.070770 0.067752 0.064634 0.061414 0.058089 0.054655 0.051109 0.047449 0.043673 0.039778 0.035762 0.031622 0.027357 0.022965 0.018444 0.013793 0.009008 0.004168 0.001526 0.000558 0.000204 0.000075
0.111372 0.112003 0.112620 0.113185 0.113666 0.114033 0.114254 0.114296 0.114118 0.113668 0.112875 0.111640 0.109869 0.107771 0.105546 0.103268 0.100961 0.098626 0.096262 0.093860 0.091415 0.088919 0.086367 0.083752 0.081068 0.078309 0.075471 0.072549 0.069538 0.066434 0.063233 0.059931 0.056526 0.053013 0.049389 0.045653 0.041801 0.037832 0.033741 0.029528 0.025190 0.020725 0.016132 0.011408 0.006552 0.002514 0.000920 0.000337 0.000123 0.000045
0.109330 0.110371 0.111275 0.112044 0.112675 0.113159 0.113479 0.113617 0.113543 0.113221 0.112597 0.111598 0.110114 0.108106 0.105830 0.103449 0.101020 0.098561 0.096073 0.093550 0.090988 0.088378 0.085716 0.082993 0.080205 0.077345 0.074409 0.071391 0.068286 0.065091 0.061801 0.058412 0.054920 0.051323 0.047616 0.043798 0.039866 0.035816 0.031646 0.027354 0.022938 0.018395 0.013724 0.008922 0.004088 0.001496 0.000548 0.000200 0.000073 0.000027
0.108171 0.109244 0.110188 0.110999 0.111674 0.112202 0.112573 0.112770 0.112771 0.112545 0.112053 0.111238 0.110018 0.108275 0.106046 0.103598 0.101060 0.098479 0.095866 0.093220 0.090537 0.087811 0.085034 0.082201 0.079305 0.076340 0.073302 0.070184 0.066982 0.063691 0.060307 0.056826 0.053244 0.049558 0.045765 0.041860 0.037842 0.033707 0.029454 0.025079 0.020580 0.015955 0.011201 0.006319 0.002396 0.000877 0.000321 0.000117 0.000043 0.000016
0.108431 0.109235 0.109963 0.110604 0.111148 0.111580 0.111885 0.112046 0.112040 0.111840 0.111411 0.110707 0.109664 0.108191 0.106168 0.103719 0.101093 0.098391 0.095650 0.092875 0.090066 0.087216 0.084320 0.081371 0.078362 0.075287 0.072142 0.068919 0.065615 0.062224 0.058742 0.055165 0.051488 0.047708 0.043823 0.039827 0.035719 0.031495 0.027153 0.022690 0.018103 0.013390 0.008550 0.003772 0.001381 0.000505 0.000185 0.000068 0.000025 0.000009
0.107990 0.108672 0.109302 0.109865 0.110345 0.110729 0.111002 0.111146 0.111142 0.110965 0.110586 0.109967 0.109057 0.107785 0.106049 0.103750 0.101093 0.098292 0.095426 0.092521 0.089582 0.086605 0.083584 0.080513 0.077386 0.074195 0.070937 0.067603 0.064191 0.060694 0.057107 0.053427 0.049650 0.045771 0.041786 0.037694 0.033489 0.029170 0.024734 0.020177 0.015497 0.010691 0.005764 0.002137 0.000782 0.000286 0.000105 0.000038 0.000014 0.000005
0.106044 0.106936 0.107721 0.108399 0.108967 0.109419 0.109748 0.109942 0.109986 0.109863 0.109548 0.109013 0.108216 0.107103 0.105597 0.103582 0.101014 0.098160 0.095187 0.092156 0.089085 0.085976 0.082825 0.079626 0.076373 0.073060 0.069681 0.066230 0.062701 0.059091 0.055393 0.051603 0.047717 0.043732 0.039643 0.035446 0.031139 0.026718 0.022181 0.017524 0.012744 0.007839 0.003248 0.001189 0.000435 0.000159 0.000058 0.000021 0.000008 0.000003
0.104933 0.105832 0.106630 0.107321 0.107900 0.108361 0.108696 0.108897 0.108951 0.108845 0.108557 0.108064 0.107333 0.106320 0.104964 0.103175 0.100829 0.097987 0.094924 0.091766 0.088555 0.085304 0.082013 0.078676 0.075289 0.071845 0.068337 0.064760 0.061109 0.057377 0.053561 0.049655 0.045656 0.041558 0.037358 0.033052 0.028637 0.024109 0.019466 0.014703 0.009819 0.004835 0.001770 0.000648 0.000237 0.000087 0.000032 0.000012 0.000004 0.000002
0.105192 0.105942 0.106585 0.107125 0.107564 0.107899 0.108124 0.108231 0.108207 0.108038 0.107706 0.107190 0.106458 0.105474 0.104186 0.102523 0.100378 0.097643 0.094521 0.091240 0.087886 0.084488 0.081051 0.077572 0.074046 0.070467 0.066828 0.063123 0.059346 0.055492 0.051555 0.047532 0.043416 0.039204 0.034891 0.030474 0.025949 0.021312 0.016561 0.011691 0.006704 0.002575 0.000943 0.000345 0.000126 0.000046 0.000017 0.000006 0.000002 0.000001
0.105806 0.106122 0.106449 0.106756 0.107017 0.107212 0.107325 0.107339 0.107239 0.107008 0.106628 0.106077 0.105327 0.104343 0.103082 0.101481 0.099453 0.096867 0.093747 0.090380 0.086908 0.083380 0.079813 0.076204 0.072551 0.068846 0.065084 0.061258 0.057362 0.053391 0.049339 0.045202 0.040973 0.036650 0.032227 0.027701 0.023068 0.018324 0.013466 0.008490 0.003669 0.001343 0.000492 0.000180 0.000066 0.000024 0.000009 0.000003 0.000001 0.000000
0.102857 0.103754 0.104471 0.105035 0.105461 0.105759 0.105931 0.105975 0.105885 0.105652 0.105262 0.104697 0.103936 0.102948 0.101694 0.100118 0.098146 0.095662 0.092583 0.089165 0.085604 0.081974 0.078297 0.074579 0.070814 0.066998 0.063126 0.059189 0.055184 0.051104 0.046944 0.042699 0.038364 0.033934 0.029405 0.024774 0.020035 0.015186 0.010223 0.005164 0.001891 0.000692 0.000253 0.000093 0.000034 0.000012 0.000005 0.000002 0.000001 0.000000
0.103763 0.104098 0.104418 0.104696 0.104912 0.105049 0.105094 0.105034 0.104855 0.104545 0.104087 0.103463 0.102649 0.101617 0.100330 0.098737 0.096767 0.094318 0.091268 0.087802 0.084159 0.080433 0.076654 0.072831 0.068962 0.065041 0.061063 0.057022 0.052912 0.048727 0.044463 0.040113 0.035674 0.031140 0.026508 0.021773 0.016931 0.011978 0.006915 0.002671 0.000978 0.000358 0.000131 0.000048 0.000018 0.000006 0.000002 0.000001 0.000000 0.000000
0.102611 0.103177 0.103623 0.103957 0.104182 0.104299 0.104304 0.104191 0.103954 0.103581 0.103060 0.102373 0.101500 0.100414 0.099079 0.097449 0.095457 0.093009 0.089971 0.086454 0.082725 0.078899 0.075018 0.071089 0.067115 0.063088 0.059005 0.054859 0.050644 0.046355 0.041986 0.037533 0.032990 0.028353 0.023617 0.018778 0.013833 0.008777 0.003838 0.001405 0.000514 0.000188 0.000069 0.000025 0.000009 0.000003 0.000001 0.000000 0.000000 0.000000
0.102941 0.103271 0.103528 0.103705 0.103799 0.103801 0.103704 0.103500 0.103179 0.102728 0.102135 0.101381 0.100446 0.099303 0.097917 0.096244 0.094221 0.091758 0.088722 0.085154 0.081340 0.077415 0.073429 0.069395 0.065314 0.061183 0.056994 0.052743 0.048424 0.044031 0.039558 0.035001 0.030354 0.025613 0.020774 0.015831 0.010782 0.005634 0.002072 0.000758 0.000278 0.000102 0.000037 0.000014 0.000005 0.000002 0.000001 0.000000 0.000000 0.000000
0.102472 0.102751 0.102964 0.103103 0.103157 0.103120 0.102982 0.102735 0.102368 0.101871 0.101229 0.100426 0.099441 0.098248 0.096815 0.095098 0.093036 0.090543 0.087489 0.083868 0.079967 0.075945 0.071856 0.067719 0.063534 0.059299 0.055007 0.050653 0.046231 0.041735 0.037159 0.032500 0.027751 0.022908 0.017966 0.012921 0.007769 0.003127 0.001145 0.000419 0.000153 0.000056 0.000021 0.000008 0.000003 0.000001 0.000000 0.000000 0.000000 0.000000
0.102090 0.102435 0.102671 0.102802 0.102829 0.102748 0.102557 0.102250 0.101818 0.101251 0.100538 0.099662 0.098604 0.097337 0.095830 0.094040 0.091905 0.089343 0.086222 0.082520 0.078525 0.074404 0.070215 0.065978 0.061694 0.057359 0.052968 0.048515 0.043994 0.039400 0.034726 0.029968 0.025121 0.020179 0.015138 0.009993 0.004783 0.001751 0.000641 0.000235 0.000086 0.000031 0.000012 0.000004 0.000002 0.000001 0.000000 0.000000 0.000000 0.000000
0.103446 0.103467 0.103435 0.103338 0.103167 0.102912 0.102563 0.102111 0.101544 0.100851 0.100017 0.099024 0.097852 0.096474 0.094856 0.092953 0.090704 0.088021 0.084770 0.080952 0.076859 0.072646 0.068369 0.064044 0.059671 0.055249 0.050769 0.046228 0.041618 0.036934 0.032170 0.027322 0.022383 0.017349 0.012215 0.006980 0.002674 0.000979 0.000358 0.000131 0.000048 0.000018 0.000006 0.000002 0.000001 0.000000 0.000000 0.000000 0.000000 0.000000
0.103229 0.103277 0.103234 0.103098 0.102870 0.102544 0.102116 0.101578 0.100922 0.100136 0.099206 0.098114 0.096839 0.095354 0.093623 0.091599 0.089217 0.086382 0.082957 0.079014 0.074835 0.070551 0.066207 0.061814 0.057373 0.052880 0.048329 0.043714 0.039029 0.034269 0.029427 0.024498 0.019478 0.014362 0.009144 0.004031 0.001476 0.000540 0.000198 0.000072 0.000026 0.000010 0.000004 0.000001 0.000000 0.000000 0.000000 0.000000 0.000000 0.000000
0.102842 0.102767 0.102619 0.102392 0.102083 0.101685 0.101188 0.100583 0.099859 0.099004 0.098001 0.096832 0.095473 0.093896 0.092061 0.089918 0.087397 0.084392 0.080776 0.076720 0.072474 0.068137 0.063743 0.059300 0.054807 0.050259 0.045651 0.040975 0.036227 0.031401 0.026491 0.021492 0.016399 0.011208 0.005926 0.002185 0.000800 0.000293 0.000107 0.000039 0.000014 0.000005 0.000002 0.000001 0.000000 0.000000 0.000000 0.000000 0.000000 0.000000
0.101661 0.101535 0.101363 0.101126 0.100809 0.100400 0.099888 0.099261 0.098507 0.097612 0.096560 0.095331 0.093901 0.092238 0.090302 0.088037 0.085366 0.082169 0.078365 0.074214 0.069910 0.065529 0.061094 0.056608 0.052069 0.047471 0.042810 0.038079 0.033273 0.028386 0.023413 0.018348 0.013187 0.007927 0.003193 0.001169 0.000428 0.000157 0.000057 0.000021 0.000008 0.000003 0.000001 0.000000 0.000000 0.000000 0.000000 0.000000 0.000000 0.000000
0.100034 0.100161 0.100142 0.099990 0.099712 0.099308 0.098777 0.098112 0.097307 0.096349 0.095224 0.093911 0.092385 0.090614 0.088552 0.086140 0.083287 0.079863 0.075887 0.071645 0.067284 0.062855 0.058373 0.053841 0.049253 0.044604 0.039889 0.035102 0.030237 0.025290 0.020253 0.015123 0.009895 0.004637 0.001697 0.000621 0.000227 0.000083 0.000030 0.000011 0.000004 0.000001 0.000001 0.000000 0.000000 0.000000 0.000000 0.000000 0.000000 0.000000
0.100414 0.100245 0.099995 0.099654 0.099216 0.098672 0.098014 0.097232 0.096313 0.095244 0.094006 0.092577 0.090928 0.089023 0.086812 0.084225 0.081162 0.077491 0.073367 0.069043 0.064624 0.060146 0.055616 0.051035 0.046397 0.041696 0.036927 0.032084 0.027161 0.022153 0.017054 0.011861 0.006572 0.002469 0.000904 0.000331 0.000121 0.000044 0.000016 0.000006 0.000002 0.000001 0.000000 0.000000 0.000000 0.000000 0.000000 0.000000 0.000000 0.000000
0.100562 0.100172 0.099730 0.099222 0.098636 0.097959 0.097179 0.096282 0.095253 0.094074 0.092725 0.091179 0.089406 0.087363 0.084995 0.082221 0.078925 0.075025 0.070783 0.066393 0.061925 0.057404 0.052831 0.048206 0.043522 0.038773 0.033954 0.029058 0.024081 0.019016 0.013859 0.008604 0.003626 0.001327 0.000486 0.000178 0.000065 0.000024 0.000009 0.000003 0.000001 0.000000 0.000000 0.000000 0.000000 0.000000 0.000000 0.000000 0.000000 0.000000
0.099506 0.099166 0.098747 0.098241 0.097638 0.096930 0.096107 0.095156 0.094062 0.092808 0.091372 0.089728 0.087841 0.085663 0.083133 0.080158 0.076605 0.072522 0.068193 0.063751 0.059246 0.054689 0.050080 0.045417 0.040692 0.035900 0.031035 0.026091 0.021063 0.015944 0.010731 0.005431 0.001989 0.000728 0.000266 0.000098 0.000036 0.000013 0.000005 0.000002 0.000001 0.000000 0.000000 0.000000 0.000000 0.000000 0.000000 0.000000 0.000000 0.000000
0.098186 0.098005 0.097687 0.097239 0.096663 0.095957 0.095113 0.094124 0.092977 0.091654 0.090134 0.088389 0.086380 0.084056 0.081345 0.078139 0.074324 0.070105 0.065712 0.061233 0.056695 0.052107 0.047465 0.042765 0.038000 0.033166 0.028255 0.023263 0.018184 0.013012 0.007742 0.003078 0.001127 0.000412 0.000151 0.000055 0.000020 0.000007 0.000003 0.000001 0.000000 0.000000 0.000000 0.000000 0.000000 0.000000 0.000000 0.000000 0.000000 0.000000
0.099065 0.098546 0.097968 0.097313 0.096564 0.095707 0.094728 0.093611 0.092338 0.090889 0.089238 0.087350 0.085182 0.082676 0.079745 0.076264 0.072220 0.067896 0.063445 0.058925 0.054351 0.049725 0.045043 0.040301 0.035491 0.030609 0.025648 0.020603 0.015468 0.010239 0.004938 0.001807 0.000662 0.000242 0.000089 0.000032 0.000012 0.000004 0.000002 0.000001 0.000000 0.000000 0.000000 0.000000 0.000000 0.000000 0.000000 0.000000 0.000000 0.000000
0.099424 0.098859 0.098197 0.097437 0.096573 0.095596 0.094493 0.093249 0.091847 0.090264 0.088470 0.086429 0.084091 0.081388 0.078220 0.074456 0.070241 0.065826 0.061318 0.056750 0.052131 0.047461 0.042734 0.037944 0.033086 0.028153 0.023139 0.018040 0.012849 0.007561 0.002970 0.001087 0.000398 0.000146 0.000053 0.000020 0.000007 0.000003 0.000001 0.000000 0.000000 0.000000 0.000000 0.000000 0.000000 0.000000 0.000000 0.000000 0.000000 0.000000
0.098782 0.098166 0.097468 0.096677 0.095779 0.094763 0.093615 0.092318 0.090851 0.089191 0.087305 0.085153 0.082678 0.079804 0.076412 0.072424 0.068099 0.063628 0.059080 0.054479 0.049828 0.045124 0.040361 0.035533 0.030634 0.025658 0.020599 0.015451 0.010210 0.004902 0.001794 0.000657 0.000240 0.000088 0.000032 0.000012 0.000004 0.000002 0.000001 0.000000 0.000000 0.000000 0.000000 0.000000 0.000000 0.000000 0.000000 0.000000 0.000000 0.000000
0.096913 0.096424 0.095825 0.095108 0.094264 0.093282 0.092150 0.090850 0.089364 0.087663 0.085716 0.083476 0.080881 0.077842 0.074224 0.070084 0.065700 0.061205 0.056645 0.052031 0.047366 0.042643 0.037858 0.033004 0.028076 0.023067 0.017973 0.012787 0.007505 0.002941 0.001076 0.000394 0.000144 0.000053 0.000019 0.000007 0.000003 0.000001 0.000000 0.000000 0.000000 0.000000 0.000000 0.000000 0.000000 0.000000 0.000000 0.000000 0.000000 0.000000
0.096018 0.095539 0.094927 0.094179 0.093292 0.092257 0.091060 0.089687 0.088115 0.086316 0.084253 0.081873 0.079106 0.075843 0.071974 0.067714 0.063282 0.058765 0.054190 0.049562 0.044880 0.040138 0.035331 0.030452 0.025496 0.020456 0.015328 0.010105 0.004821 0.001764 0.000646 0.000236 0.000087 0.000032 0.000012 0.000004 0.000002 0.000001 0.000000 0.000000 0.000000 0.000000 0.000000 0.000000 0.000000 0.000000 0.000000 0.000000 0.000000 0.000000
0.097003 0.096176 0.095276 0.094285 0.093186 0.091962 0.090593 0.089054 0.087319 0.085353 0.083111 0.080531 0.077528 0.073972 0.069873 0.065509 0.061026 0.056476 0.051874 0.047220 0.042510 0.037739 0.032901 0.027988 0.022997 0.017919 0.012751 0.007487 0.002934 0.001074 0.000393 0.000144 0.000053 0.000019 0.000007 0.000003 0.000001 0.000000 0.000000 0.000000 0.000000 0.000000 0.000000 0.000000 0.000000 0.000000 0.000000 0.000000 0.000000 0.000000
0.096891 0.096056 0.095121 0.094073 0.092899 0.091583 0.090108 0.088451 0.086581 0.084463 0.082044 0.079255 0.075994 0.072138 0.067871 0.063425 0.058895 0.054308 0.049673 0.044987 0.040244 0.035438 0.030563 0.025613 0.020581 0.015463 0.010251 0.004964 0.001817 0.000665 0.000243 0.000089 0.000033 0.000012 0.000004 0.000002 0.000001 0.000000 0.000000 0.000000 0.000000 0.000000 0.000000 0.000000 0.000000 0.000000 0.000000 0.000000 0.000000 0.000000
0.096466 0.095634 0.094669 0.093571 0.092332 0.090937 0.089370 0.087607 0.085615 0.083352 0.080760 0.077757 0.074217 0.070123 0.065751 0.061258 0.056700 0.052092 0.047435 0.042725 0.037956 0.033122 0.028216 0.023233 0.018165 0.013008 0.007756 0.003090 0.001131 0.000414 0.000152 0.000055 0.000020 0.000007 0.000003 0.000001 0.000000 0.000000 0.000000 0.000000 0.000000 0.000000 0.000000 0.000000 0.000000 0.000000 0.000000 0.000000 0.000000 0.000000
0.096107 0.095067 0.093953 0.092738 0.091399 0.089912 0.088250 0.086383 0.084271 0.081866 0.079096 0.075863 0.072044 0.067806 0.063387 0.058880 0.054317 0.049706 0.045042 0.040322 0.035540 0.030688 0.025761 0.020752 0.015656 0.010468 0.005193 0.001901 0.000696 0.000255 0.000093 0.000034 0.000012 0.000005 0.000002 0.000001 0.000000 0.000000 0.000000 0.000000 0.000000 0.000000 0.000000 0.000000 0.000000 0.000000 0.000000 0.000000 0.000000 0.000000
0.094343 0.093514 0.092521 0.091363 0.090035 0.088523 0.086806 0.084856 0.082632 0.080080 0.077119 0.073627 0.069587 0.065270 0.060830 0.056321 0.051761 0.047149 0.042483 0.037757 0.032964 0.028099 0.023154 0.018125 0.013005 0.007790 0.003121 0.001142 0.000418 0.000153 0.000056 0.000021 0.000008 0.000003 0.000001 0.000000 0.000000 0.000000 0.000000 0.000000 0.000000 0.000000 0.000000 0.000000 0.000000 0.000000 0.000000 0.000000 0.000000 0.000000
0.094256 0.093102 0.091850 0.090481 0.088969 0.087291 0.085415 0.083303 0.080906 0.078155 0.074951 0.071171 0.066972 0.062593 0.058128 0.053609 0.049043 0.044427 0.039755 0.035021 0.030218 0.025341 0.020381 0.015334 0.010194 0.004977 0.001822 0.000667 0.000244 0.000089 0.000033 0.000012 0.000004 0.000002 0.000001 0.000000 0.000000 0.000000 0.000000 0.000000 0.000000 0.000000 0.000000 0.000000 0.000000 0.000000 0.000000 0.000000 0.000000 0.000000
0.092510 0.091365 0.090097 0.088690 0.087125 0.085376 0.083411 0.081188 0.078649 0.075716 0.072266 0.068271 0.063997 0.059604 0.055146 0.050640 0.046087 0.041482 0.036817 0.032088 0.027286 0.022405 0.017440 0.012383 0.007230 0.002821 0.001033 0.000378 0.000138 0.000051 0.000019 0.000007 0.000002 0.000001 0.000000 0.000000 0.000000 0.000000 0.000000 0.000000 0.000000 0.000000 0.000000 0.000000 0.000000 0.000000 0.000000 0.000000 0.000000 0.000000
0.090169 0.089010 0.087728 0.086302 0.084707 0.082913 0.080882 0.078565 0.075895 0.072772 0.069080 0.064982 0.060707 0.056346 0.051930 0.047465 0.042947 0.038371 0.033731 0.029020 0.024231 0.019359 0.014397 0.009340 0.004283 0.001568 0.000574 0.000210 0.000077 0.000028 0.000010 0.000004 0.000001 0.000001 0.000000 0.000000 0.000000 0.000000 0.000000 0.000000 0.000000 0.000000 0.000000 0.000000 0.000000 0.000000 0.000000 0.000000 0.000000 0.000000
0.087171 0.086190 0.085029 0.083674 0.082108 0.080303 0.078223 0.075813 0.072996 0.069656 0.065788 0.061660 0.057412 0.053096 0.048726 0.044303 0.039823 0.035279 0.030666 0.025976 0.021205 0.016345 0.011391 0.006340 0.002386 0.000873 0.000320 0.000117 0.000043 0.000016 0.000006 0.000002 0.000001 0.000000 0.000000 0.000000 0.000000 0.000000 0.000000 0.000000 0.000000 0.000000 0.000000 0.000000 0.000000 0.000000 0.000000 0.000000 0.000000 0.000000
0.086381 0.085073 0.083639 0.082053 0.080283 0.078289 0.076021 0.073410 0.070358 0.066751 0.062759 0.058602 0.054365 0.050073 0.045733 0.041341 0.036890 0.032373 0.027784 0.023115 0.018362 0.013516 0.008574 0.003744 0.001370 0.000502 0.000184 0.000067 0.000025 0.000009 0.000003 0.000001 0.000000 0.000000 0.000000 0.000000 0.000000 0.000000 0.000000 0.000000 0.000000 0.000000 0.000000 0.000000 0.000000 0.000000 0.000000 0.000000 0.000000 0.000000
0.083435 0.082284 0.080963 0.079451 0.077716 0.075720 0.073410 0.070710 0.067507 0.063779 0.059787 0.055677 0.051500 0.047270 0.042988 0.038649 0.034245 0.029771 0.025219 0.020584 0.015859 0.011037 0.006115 0.002293 0.000839 0.000307 0.000112 0.000041 0.000015 0.000006 0.000002 0.000001 0.000000 0.000000 0.000000 0.000000 0.000000 0.000000 0.000000 0.000000 0.000000 0.000000 0.000000 0.000000 0.000000 0.000000 0.000000 0.000000 0.000000 0.000000
0.081477 0.080300 0.078953 0.077410 0.075637 0.073590 0.071207 0.068401 0.065056 0.061294 0.057344 0.053301 0.049196 0.045036 0.040817 0.036534 0.032182 0.027754 0.023242 0.018643 0.013948 0.009154 0.004298 0.001573 0.000576 0.000211 0.000077 0.000028 0.000010 0.000004 0.000001 0.000001 0.000000 0.000000 0.000000 0.000000 0.000000 0.000000 0.000000 0.000000 0.000000 0.000000 0.000000 0.000000 0.000000 0.000000 0.000000 0.000000 0.000000 0.000000
0.080388 0.079207 0.077849 0.076288 0.074487 0.072401 0.069963 0.067080 0.063658 0.059896 0.055980 0.051980 0.047919 0.043799 0.039618 0.035370 0.031049 0.026648 0.022161 0.017584 0.012909 0.008131 0.003496 0.001280 0.000468 0.000171 0.000063 0.000023 0.000008 0.000003 0.000001 0.000000 0.000000 0.000000 0.000000 0.000000 0.000000 0.000000 0.000000 0.000000 0.000000 0.000000 0.000000 0.000000 0.000000 0.000000 0.000000 0.000000 0.000000 0.000000
