#	kni>kni	kni>hb	kni>kr	kni>gt	hb>kni	hb>hb	hb>kr	hb>gt	kr>kni	kr>hb	kr>kr	kr>gt	gt>kni	gt>hb	gt>kr	gt>gt	Bcd>kni	Bcd>hb	Bcd>kr	Bcd>gt	Nos>kni	Nos>hb	Nos>kr	Nos>gt	Tll>kni	Tll>hb	Tll>kr	Tll>gt	
0	273.719384	-94.153377	80.668924	72.095057	-288.280571	96.447086	32.090580	149.934486	59.830435	-2.515208	15.026904	-296.683666	-63.134638	11.020065	-148.591470	46.874017	28.250830	-7.631995	-25.466155	-62.525594	-86.470980	32.923210	18.180328	35.410296	43.882523	-0.615320	-419.683354	-113.908866	
1	266.902167	-93.004481	81.216612	76.489765	-287.195288	99.236292	31.763522	148.827892	65.811915	0.637194	15.590717	-295.712982	-55.547727	15.652394	-149.017015	47.899171	36.912768	-3.477817	-20.393172	-55.702032	-85.767363	35.897806	18.652581	35.965894	33.772204	-3.596997	-417.347942	-105.291232	
2	271.812318	-90.619804	78.476681	74.742288	-284.829367	99.257624	32.291653	145.117741	66.493643	2.043794	13.450168	-296.258338	-57.143982	12.379559	-148.554946	52.686974	30.332990	-4.138775	-25.003693	-69.227967	-82.444977	33.630344	15.826209	35.255943	38.283972	5.235374	-413.258365	-115.501958	
3	269.089694	-90.667877	78.853675	77.148818	-291.429822	98.051186	30.422023	142.126762	68.400135	-0.215755	13.863700	-297.999463	-57.826598	15.023272	-151.249019	48.668865	30.740460	-2.315832	-22.085991	-60.203426	-84.034557	35.962986	19.264121	35.695450	41.139998	2.969655	-415.547093	-114.681665	
5	268.295857	-94.654922	76.046057	70.959515	-295.456357	95.237669	28.515285	142.299581	68.929321	1.273074	11.855227	-301.442759	-58.426491	12.306709	-153.134880	43.769422	36.372582	-3.005503	-20.583609	-60.202780	-84.834401	35.144594	15.573356	41.806603	33.683793	1.934489	-417.567110	-110.167028	
8	274.270399	-90.855912	77.061718	71.436482	-288.040569	98.146760	31.671312	140.575901	71.248491	1.294241	10.542010	-296.835041	-57.177760	13.211380	-152.026994	51.721621	30.245535	-4.137847	-24.377040	-65.937733	-88.071548	33.141434	15.947664	38.117047	40.764448	1.490294	-416.266064	-113.167877	
9	276.125598	-88.062584	77.834171	77.095388	-288.458097	98.865766	31.858555	149.988333	65.902889	-0.426385	13.360707	-296.412024	-63.714941	16.792629	-147.028024	48.909403	25.099613	-2.057756	-24.524174	-62.959894	-87.345216	33.833710	17.712804	32.860820	44.045647	1.689309	-420.439819	-114.286595	
14	274.341913	-90.346845	78.074771	75.372633	-287.210953	97.354674	32.947585	146.612332	67.736130	1.359922	11.890631	-294.974413	-64.624211	10.880906	-145.830811	46.813796	28.562810	-6.092678	-21.486262	-59.979419	-92.914866	33.046577	16.463138	37.656401	40.699054	-0.775352	-421.710351	-108.392493	
18	273.568644	-89.382258	76.809408	72.664546	-289.421707	94.859881	29.425971	148.012014	64.671188	2.004953	13.322052	-300.666165	-65.938845	14.532849	-149.245711	42.546788	30.532840	-4.157691	-23.605021	-63.302670	-92.936798	34.080258	17.397918	37.764357	38.035463	-2.075535	-418.367967	-112.274556	
19	277.812940	-89.700690	78.157159	74.062145	-279.007060	99.482945	33.222601	146.141998	62.308739	0.082571	21.200827	-294.208602	-66.120670	9.419988	-148.409590	51.443162	27.251047	-4.166654	-26.520093	-68.508498	-86.836736	34.527873	17.814567	38.307718	44.764802	-0.406478	-418.799615	-119.635409	
20	275.729010	-88.198991	72.282545	66.227016	-294.084434	97.533203	28.583685	141.349841	68.148685	4.071560	17.314207	-301.290144	-67.198915	15.920926	-155.336094	45.490857	29.324544	-2.730944	-22.947862	-61.936107	-91.959294	35.049719	20.805126	42.225350	46.538047	1.895969	-417.854693	-118.387190	
21	273.353549	-90.380827	76.603891	73.828037	-286.605487	98.327240	29.752696	144.855751	72.939784	0.619810	12.626445	-294.884385	-60.326312	13.094621	-147.510049	48.154306	31.109421	-4.882847	-23.024686	-57.553541	-92.216250	32.214686	16.615818	36.278711	37.630565	0.108708	-419.917292	-109.624848	
22	270.836764	-90.400880	78.312302	72.425632	-293.927041	98.565350	31.235041	146.899402	68.321297	1.369115	13.251504	-296.690367	-57.761471	17.746842	-153.009993	47.722498	31.189603	-2.035804	-21.325639	-56.004050	-88.865129	33.578780	21.150775	36.845746	35.931823	0.754870	-417.674216	-113.068097	
29	269.865481	-91.446660	73.004811	68.023094	-299.972777	93.757889	25.200913	134.558750	74.539007	2.565954	17.826672	-306.311554	-61.326924	12.310951	-156.521574	48.702266	32.797651	-1.707721	-23.089025	-64.538932	-87.199934	34.911538	13.957911	41.416852	41.149868	4.617501	-417.367822	-112.412804	
30	266.260536	-87.983020	76.996322	68.705489	-306.630474	97.920411	30.336324	140.321718	69.326233	4.192699	10.847728	-303.657681	-62.154342	15.577211	-155.178706	47.055814	31.686159	-2.730493	-21.097918	-58.714362	-86.471550	36.483099	20.822329	40.037717	47.487560	2.788180	-417.692977	-115.635802	
36	278.451575	-91.649642	78.846039	71.071380	-272.550412	95.241385	33.156656	144.261097	63.974198	-0.251795	15.123539	-295.096055	-64.605317	12.173274	-146.668814	48.981489	24.098025	-6.851269	-23.564112	-63.744476	-92.724479	33.132550	14.926697	36.347677	40.993913	-0.794998	-415.782591	-111.877192	
39	274.940242	-90.219862	73.524382	72.472478	-278.256234	94.968851	27.653336	143.651700	65.446415	-1.194666	17.990621	-296.141424	-64.728346	12.260957	-147.218870	40.275870	31.434010	-5.060786	-25.248810	-55.417174	-94.384322	34.361226	16.335171	40.015551	36.265716	-0.760747	-421.359417	-109.257841	
40	274.612633	-86.774540	76.924455	75.504362	-294.212315	95.031382	31.623296	143.680132	67.412889	2.258481	9.063842	-297.024135	-62.937813	16.414652	-152.320690	50.172206	24.146691	-4.643733	-23.480059	-67.186981	-90.184868	32.778054	19.230035	36.793251	46.413538	2.697733	-417.627331	-114.926243	
43	279.486152	-91.515714	79.358049	73.005506	-270.173250	98.837586	30.779909	140.372307	66.968789	0.376922	21.204060	-295.355176	-55.174031	11.154703	-145.324551	56.054941	23.413175	-3.705490	-27.889130	-69.288493	-85.010321	33.433283	14.066232	35.386321	38.512075	1.064595	-412.628883	-113.814815	
44	272.684476	-89.564596	73.963191	67.568280	-291.629364	94.103371	28.768777	135.763507	66.379571	3.692939	11.085496	-297.911533	-63.588189	11.390393	-154.963638	44.064856	26.022958	-5.249548	-21.867765	-64.541922	-92.104133	34.354202	14.350275	43.666771	42.157811	4.228451	-416.914221	-109.508426	
45	266.832151	-90.482295	75.524009	73.893206	-298.302938	94.957250	29.486050	137.483503	71.209147	2.353535	10.174485	-296.544460	-54.996017	12.236186	-151.596024	50.011970	38.902136	-5.492812	-24.678080	-64.380518	-87.143038	32.383723	17.776081	39.153565	42.430953	0.663397	-416.634261	-111.830261	
47	277.866941	-92.227667	74.649592	71.431492	-285.444823	96.083133	29.176181	145.832554	67.564198	1.677521	13.561162	-298.364114	-73.139088	13.318597	-150.423527	44.166009	28.097764	-5.198739	-20.341340	-53.537471	-98.237912	35.108736	18.164251	39.326130	36.048762	-0.071484	-423.289712	-110.608100	
49	272.248933	-91.495962	80.357695	73.056662	-286.747677	99.836364	32.353175	141.413265	67.674118	2.523154	15.804853	-296.826710	-59.969866	13.133459	-147.910790	50.717521	27.853582	-6.489654	-28.133166	-63.948546	-91.004497	32.033468	16.543266	36.789043	41.893404	-1.035043	-419.109600	-113.243275	
51	276.929397	-87.970897	77.851680	70.572587	-282.406748	101.156635	29.064547	139.627026	65.504611	4.212736	14.603895	-297.485529	-60.999063	15.119221	-152.672373	46.038842	26.492724	-5.816646	-25.046053	-67.172462	-90.573275	37.283112	14.787293	34.134946	38.554933	4.216560	-417.870438	-110.896486	
55	278.302351	-91.207629	76.834463	71.737861	-272.274259	99.889996	32.116940	142.527745	64.800521	1.713030	11.513802	-289.385939	-61.576238	12.220740	-148.835128	49.079938	23.600645	-4.563258	-24.421449	-64.226695	-88.761599	35.040149	14.910973	35.751192	33.937811	4.980649	-413.325546	-111.136402	
56	271.584187	-90.241864	73.955898	67.434157	-306.592727	93.228191	26.869525	134.554506	67.934295	0.599428	10.626227	-306.134263	-63.939412	17.048050	-158.460233	36.071767	30.777046	-4.304375	-24.592695	-59.505681	-85.007924	40.785286	14.735912	37.451169	49.383936	4.678731	-422.982742	-118.997281	
57	271.266860	-93.097656	75.463827	73.609637	-277.446974	98.662398	27.794942	137.135143	69.365269	0.174244	18.640364	-297.118127	-54.245847	9.975026	-149.947462	48.614409	29.860395	-5.249356	-23.683101	-64.171399	-85.698187	34.132554	12.709861	42.318145	37.968767	3.179693	-417.027416	-113.903828	
59	268.819072	-91.421190	76.595114	73.490929	-295.332377	98.434192	30.893543	143.549093	72.211033	0.414901	14.181940	-298.349031	-58.005897	11.081430	-149.240415	45.933740	37.332567	-5.655534	-26.245432	-64.257081	-86.735506	33.294225	15.947914	40.746179	38.569172	-0.147014	-418.888885	-112.229517	
62	274.828588	-85.303961	76.934290	73.301449	-286.879986	96.049856	31.623219	147.210838	64.181093	-1.001566	13.860158	-296.176347	-63.907507	14.180341	-146.740294	46.649645	24.595275	-4.290033	-23.502814	-69.718550	-87.539881	34.246204	19.594803	36.143723	44.991685	3.370927	-419.812533	-115.662521	
64	265.998947	-90.995845	76.859511	72.415813	-303.696826	94.778115	31.586948	145.779921	74.012672	2.358579	11.627697	-301.179168	-61.598556	17.657625	-151.354835	44.194459	38.468879	-2.091067	-17.692797	-45.907081	-94.483535	35.160470	18.221541	35.002052	32.245853	0.360289	-416.612673	-106.651593	
65	280.123203	-83.866939	76.408704	69.266612	-287.224175	97.581552	28.473455	141.608881	62.314758	-1.125073	13.208790	-299.037060	-66.399100	19.779139	-149.515341	40.203618	20.183585	-6.014653	-25.605797	-65.359058	-92.031265	38.912756	17.132402	30.712434	50.037323	0.646160	-421.515119	-117.967276	
67	263.900803	-90.563513	76.068389	71.325676	-300.916533	92.547313	29.033106	141.401456	70.531938	2.986706	10.364389	-301.428140	-65.371229	17.879639	-154.420171	46.488706	39.605907	-5.817481	-19.469341	-56.892580	-93.177687	33.382936	18.250885	42.290046	43.963164	-1.013752	-416.432853	-109.447677	
68	273.644653	-92.545031	74.061548	69.425369	-290.408863	97.550836	29.791624	138.927844	71.032151	1.695514	16.586528	-299.387134	-63.419784	11.795273	-151.520950	47.316526	32.461812	-4.764792	-21.731155	-58.478321	-91.347749	34.027423	14.597708	40.327586	37.479287	1.740023	-412.282568	-110.690912	
71	269.677745	-91.501666	75.407041	65.887793	-298.963091	93.453292	31.478214	142.916008	70.981052	3.526409	13.928340	-302.608889	-69.069304	13.900683	-155.667784	44.647205	32.609696	-4.002515	-21.944859	-59.920118	-92.654616	34.165638	17.047314	42.556461	40.813878	1.408204	-420.471971	-112.251244	
73	276.488890	-87.400166	76.690736	72.308441	-294.522246	96.102654	30.318255	142.106810	64.529338	2.403318	13.385439	-299.257304	-67.868155	16.701422	-153.781548	45.655964	26.119843	-2.210234	-24.686691	-66.618908	-88.655650	33.302318	17.672269	39.291995	45.984809	1.765017	-418.030573	-115.379394	
75	275.615200	-88.940404	76.107446	72.894185	-288.715371	99.076203	32.182861	146.395551	69.090946	2.192034	17.222068	-300.405037	-64.816840	10.249681	-149.756737	53.999218	27.959919	-6.838297	-24.594173	-67.787774	-92.079750	31.611263	15.010148	36.195722	43.861832	0.094077	-413.857699	-111.926279	
77	267.138431	-87.025559	74.994810	72.828110	-298.410917	92.335555	30.486578	140.268028	72.946371	5.955391	10.198730	-297.430489	-67.192672	16.650447	-151.866175	46.003193	30.260697	-4.574970	-20.403385	-60.185012	-95.568402	33.312168	12.948500	37.762704	42.428323	1.148329	-416.845506	-107.358714	
79	271.598106	-90.468435	77.718987	77.274848	-285.711555	101.718257	30.505512	152.079360	65.526265	0.982310	15.036057	-297.058944	-58.854300	12.689759	-146.999573	50.846704	32.773591	-4.960995	-21.206472	-58.582843	-86.007991	32.325991	16.469191	33.384412	29.214398	0.334298	-415.150893	-108.563792	
80	272.777395	-92.047288	77.823034	76.529803	-286.131004	101.709079	31.453263	140.349108	73.139321	2.800935	11.287924	-296.569656	-56.843069	14.843470	-152.457505	54.810891	29.655641	-4.822346	-22.760490	-61.753426	-87.878774	33.244044	13.992392	32.584969	36.046754	3.380301	-415.796944	-108.721601	
81	275.956109	-93.660520	79.887695	75.222250	-279.933275	98.855699	32.252373	141.427912	68.015517	0.594188	12.709597	-293.722406	-60.889532	12.729723	-144.008744	47.707939	33.650892	-4.920333	-22.787487	-52.652204	-89.874690	33.994675	16.402264	36.145610	31.714279	-0.164074	-416.138017	-107.170588	
85	277.887820	-87.920103	78.367040	73.149012	-274.154391	97.067208	29.725908	144.285085	61.939537	-2.468114	22.742077	-298.131819	-64.562204	13.860625	-145.687331	43.702352	25.217676	-6.272139	-29.709054	-67.446415	-91.464931	35.683198	16.676592	36.085639	42.858403	-3.005810	-419.072556	-116.498147	
86	268.924981	-93.468768	76.828062	69.676345	-299.026888	96.422248	30.278627	140.828632	70.521839	4.962908	13.698464	-303.629702	-66.324715	14.674989	-156.705903	47.886781	34.460907	-3.581780	-21.631636	-57.773628	-89.316441	33.727909	18.074786	39.873122	36.138523	0.053683	-412.069128	-109.537720	
88	268.095709	-92.190910	78.097868	75.722913	-279.523519	96.463846	32.601092	147.618381	68.817538	3.986286	12.236924	-296.399619	-61.511387	14.109854	-145.478026	51.009499	29.306788	-4.011112	-21.132373	-58.251321	-87.805766	32.649525	17.053349	35.144391	33.131467	0.207396	-417.440053	-109.519996	
89	274.746350	-90.152109	77.446335	69.407442	-287.871338	97.162976	30.643599	137.144792	65.905357	3.583349	10.781651	-294.281696	-62.497884	17.797190	-148.220254	46.040948	29.106492	-4.070926	-24.092638	-63.452556	-86.308551	38.660168	16.861794	29.045294	41.299995	2.033654	-416.126034	-115.174438	
90	267.274674	-92.747960	75.790816	69.440605	-303.002220	95.512350	30.165486	137.781770	73.897251	2.971040	13.703424	-302.939800	-62.385878	12.664183	-153.442996	47.933957	39.768964	-4.686044	-20.577685	-59.266290	-88.828056	33.328580	14.812308	41.798792	40.538739	1.013775	-414.788836	-110.719939	
91	274.721465	-88.337225	76.800013	70.008977	-288.186712	98.791434	30.377425	141.271916	69.235179	0.643939	16.414672	-300.334097	-57.349098	13.155445	-147.438216	43.762997	28.254610	-3.003548	-24.446568	-63.498983	-87.244362	36.496257	15.334925	39.426600	40.785467	4.097562	-416.145304	-115.078150	
92	277.305197	-90.186044	77.657691	75.977853	-284.285761	94.636076	29.362201	141.164040	66.125806	1.082922	10.413275	-296.606088	-60.640486	16.250988	-146.072270	40.694543	25.813712	-8.775755	-20.006536	-56.746279	-102.057207	36.060380	18.177054	38.504875	43.104461	-0.539500	-419.787288	-102.508660	
93	277.004117	-92.624474	76.297141	71.956612	-276.705789	100.411660	31.147591	146.646382	70.430362	-0.210684	21.182079	-298.483719	-59.572706	8.387060	-145.511394	53.479172	27.314131	-4.263547	-24.924741	-66.151243	-87.055111	33.453388	13.829429	37.917823	37.210791	1.150386	-415.153932	-113.164756	
97	277.561036	-88.579766	79.940627	75.644379	-277.196248	98.416458	31.915715	144.407195	64.732371	-0.626635	14.049918	-291.731000	-56.534456	11.768438	-143.163295	50.756111	24.768852	-2.586004	-28.099465	-68.027506	-85.678222	34.409664	15.878229	34.399665	42.532667	3.986476	-418.439431	-115.167287	
99	277.246706	-85.268711	74.539757	69.704913	-290.319821	95.122426	25.344545	139.365889	66.249977	2.542950	12.298637	-297.906680	-65.076658	18.195891	-154.967103	38.905113	21.895748	-5.551699	-25.292961	-67.902382	-93.589897	37.572118	17.665716	36.534939	51.538953	3.136013	-423.578661	-121.841434	
