0.121552 0.120205 0.119092 0.117983 0.116374 0.113627 0.109721 0.105046 0.099976 0.094709 0.089324 0.083845 0.078276 0.072611 0.066842 0.060957 0.054940 0.048774 0.042433 0.035883 0.029077 0.021940 0.014357 0.006422 0.002351 0.000860 0.000315 0.000115 0.000042 0.000015 0.000006 0.000002 0.000001 0.000000 0.000000 0.000000 0.000000 0.000000 0.000000 0.000000 0.000000 0.000000 0.000000 0.000000 0.000000 0.000000 0.000000 0.000000 0.000000 0.000000
0.108190 0.111445 0.113475 0.114507 0.114346 0.112576 0.109331 0.105102 0.100324 0.095242 0.089968 0.084547 0.079001 0.073336 0.067550 0.061639 0.055592 0.049392 0.043016 0.036434 0.029597 0.022436 0.014836 0.006794 0.002487 0.000910 0.000333 0.000122 0.000045 0.000016 0.000006 0.000002 0.000001 0.000000 0.000000 0.000000 0.000000 0.000000 0.000000 0.000000 0.000000 0.000000 0.000000 0.000000 0.000000 0.000000 0.000000 0.000000 0.000000 0.000000
0.137069 0.131964 0.128218 0.125252 0.122349 0.118689 0.114102 0.108890 0.103382 0.097751 0.092057 0.086313 0.080512 0.074642 0.068689 0.062639 0.056474 0.050175 0.043716 0.037062 0.030166 0.022958 0.015325 0.007188 0.002631 0.000963 0.000353 0.000129 0.000047 0.000017 0.000006 0.000002 0.000001 0.000000 0.000000 0.000000 0.000000 0.000000 0.000000 0.000000 0.000000 0.000000 0.000000 0.000000 0.000000 0.000000 0.000000 0.000000 0.000000 0.000000
0.108621 0.113276 0.116106 0.117571 0.117699 0.116107 0.112882 0.108527 0.103543 0.098228 0.092719 0.087077 0.081326 0.075474 0.069521 0.063459 0.057278 0.050962 0.044488 0.037824 0.030925 0.023724 0.016114 0.007931 0.002903 0.001063 0.000389 0.000142 0.000052 0.000019 0.000007 0.000003 0.000001 0.000000 0.000000 0.000000 0.000000 0.000000 0.000000 0.000000 0.000000 0.000000 0.000000 0.000000 0.000000 0.000000 0.000000 0.000000 0.000000 0.000000
0.141379 0.135391 0.131045 0.127680 0.124545 0.120765 0.116109 0.110844 0.105293 0.099630 0.093914 0.088157 0.082350 0.076480 0.070535 0.064498 0.058353 0.052082 0.045661 0.039057 0.032230 0.025116 0.017620 0.009575 0.003535 0.001294 0.000474 0.000173 0.000063 0.000023 0.000009 0.000003 0.000001 0.000000 0.000000 0.000000 0.000000 0.000000 0.000000 0.000000 0.000000 0.000000 0.000000 0.000000 0.000000 0.000000 0.000000 0.000000 0.000000 0.000000
0.106897 0.111785 0.114943 0.116775 0.117269 0.116034 0.113164 0.109159 0.104508 0.099501 0.094274 0.088890 0.083374 0.077739 0.071988 0.066118 0.060121 0.053987 0.047697 0.041227 0.034540 0.027586 0.020282 0.012497 0.005058 0.001851 0.000678 0.000248 0.000091 0.000033 0.000012 0.000004 0.000002 0.000001 0.000000 0.000000 0.000000 0.000000 0.000000 0.000000 0.000000 0.000000 0.000000 0.000000 0.000000 0.000000 0.000000 0.000000 0.000000 0.000000
0.136207 0.132719 0.130160 0.128096 0.125939 0.122909 0.118831 0.114019 0.108835 0.103479 0.098031 0.092513 0.086926 0.081263 0.075514 0.069671 0.063720 0.057648 0.051438 0.045066 0.038502 0.031703 0.024607 0.017112 0.009065 0.003330 0.001219 0.000446 0.000163 0.000060 0.000022 0.000008 0.000003 0.000001 0.000000 0.000000 0.000000 0.000000 0.000000 0.000000 0.000000 0.000000 0.000000 0.000000 0.000000 0.000000 0.000000 0.000000 0.000000 0.000000
0.127586 0.128682 0.129223 0.129255 0.128522 0.126453 0.123006 0.118598 0.113670 0.108478 0.103135 0.097685 0.092144 0.086514 0.080793 0.074978 0.069061 0.063031 0.056877 0.050580 0.044117 0.037456 0.030551 0.023331 0.015684 0.007550 0.002763 0.001012 0.000370 0.000136 0.000050 0.000018 0.000007 0.000002 0.000001 0.000000 0.000000 0.000000 0.000000 0.000000 0.000000 0.000000 0.000000 0.000000 0.000000 0.000000 0.000000 0.000000 0.000000 0.000000
0.136207 0.136863 0.137128 0.136954 0.136000 0.133713 0.130107 0.125604 0.120613 0.115365 0.109966 0.104458 0.098860 0.093180 0.087418 0.081574 0.075641 0.069615 0.063484 0.057235 0.050851 0.044306 0.037569 0.030590 0.023297 0.015574 0.007435 0.002721 0.000996 0.000365 0.000133 0.000049 0.000018 0.000007 0.000002 0.000001 0.000000 0.000000 0.000000 0.000000 0.000000 0.000000 0.000000 0.000000 0.000000 0.000000 0.000000 0.000000 0.000000 0.000000
0.156466 0.153918 0.151682 0.149577 0.147209 0.143899 0.139502 0.134351 0.128830 0.123161 0.117435 0.111681 0.105903 0.100097 0.094255 0.088369 0.082430 0.076426 0.070347 0.064180 0.057909 0.051513 0.044967 0.038238 0.031276 0.024011 0.016333 0.008226 0.003011 0.001102 0.000403 0.000148 0.000054 0.000020 0.000007 0.000003 0.000001 0.000000 0.000000 0.000000 0.000000 0.000000 0.000000 0.000000 0.000000 0.000000 0.000000 0.000000 0.000000 0.000000
0.151293 0.150699 0.149988 0.149128 0.147935 0.145791 0.142357 0.137883 0.132831 0.127521 0.122101 0.116624 0.111107 0.105549 0.099947 0.094295 0.088585 0.082810 0.076962 0.071030 0.065003 0.058867 0.052604 0.046190 0.039596 0.032776 0.025667 0.018173 0.010266 0.003883 0.001421 0.000520 0.000190 0.000070 0.000026 0.000009 0.000003 0.000001 0.000000 0.000000 0.000000 0.000000 0.000000 0.000000 0.000000 0.000000 0.000000 0.000000 0.000000 0.000000
0.142672 0.143841 0.144846 0.145591 0.145884 0.145123 0.142942 0.139570 0.135471 0.130983 0.126274 0.121417 0.116443 0.111366 0.106195 0.100931 0.095578 0.090136 0.084601 0.078972 0.073243 0.067407 0.061454 0.055370 0.049136 0.042727 0.036107 0.029224 0.022002 0.014383 0.006649 0.002434 0.000891 0.000326 0.000119 0.000044 0.000016 0.000006 0.000002 0.000001 0.000000 0.000000 0.000000 0.000000 0.000000 0.000000 0.000000 0.000000 0.000000 0.000000
0.147845 0.150555 0.152556 0.153940 0.154647 0.154170 0.152197 0.148990 0.145028 0.140657 0.136055 0.131299 0.126424 0.121449 0.116382 0.111229 0.105992 0.100674 0.095273 0.089788 0.084216 0.078553 0.072793 0.066926 0.060941 0.054824 0.048553 0.042102 0.035430 0.028482 0.021190 0.013617 0.006126 0.002242 0.000821 0.000300 0.000110 0.000040 0.000015 0.000005 0.000002 0.000001 0.000000 0.000000 0.000000 0.000000 0.000000 0.000000 0.000000 0.000000
0.184914 0.182375 0.180348 0.178625 0.176948 0.174696 0.171354 0.167036 0.162155 0.157033 0.151825 0.146585 0.141328 0.136051 0.130749 0.125416 0.120046 0.114634 0.109173 0.103660 0.098089 0.092454 0.086750 0.080968 0.075103 0.069142 0.063073 0.056881 0.050544 0.044035 0.037313 0.030331 0.023038 0.015529 0.007986 0.002928 0.001072 0.000392 0.000144 0.000053 0.000019 0.000007 0.000003 0.000001 0.000000 0.000000 0.000000 0.000000 0.000000 0.000000
0.193966 0.193358 0.192658 0.191856 0.190853 0.189193 0.186340 0.182365 0.177690 0.172680 0.167524 0.162300 0.157033 0.151732 0.146398 0.141029 0.135622 0.130176 0.124687 0.119154 0.113573 0.107940 0.102253 0.096507 0.090697 0.084816 0.078858 0.072812 0.066668 0.060410 0.054019 0.047468 0.040724 0.033746 0.026496 0.019002 0.011484 0.004672 0.001710 0.000626 0.000229 0.000084 0.000031 0.000011 0.000004 0.000002 0.000001 0.000000 0.000000 0.000000
0.197845 0.198991 0.199975 0.200708 0.201086 0.200797 0.199214 0.196239 0.192258 0.187712 0.182871 0.177861 0.172738 0.167528 0.162247 0.156902 0.151502 0.146048 0.140546 0.134996 0.129399 0.123757 0.118067 0.112329 0.106540 0.100697 0.094797 0.088832 0.082798 0.076685 0.070483 0.064178 0.057753 0.051184 0.044442 0.037490 0.030296 0.022831 0.015255 0.007691 0.002815 0.001031 0.000377 0.000138 0.000051 0.000018 0.000007 0.000002 0.000001 0.000000
0.212931 0.215712 0.217480 0.218485 0.218858 0.218545 0.217026 0.214028 0.209849 0.204991 0.199805 0.194463 0.189040 0.183568 0.178060 0.172523 0.166959 0.161371 0.155757 0.150118 0.144453 0.138760 0.133038 0.127285 0.121497 0.115673 0.109808 0.103899 0.097941 0.091928 0.085852 0.079707 0.073481 0.067162 0.060733 0.054174 0.047459 0.040553 0.033420 0.026026 0.018403 0.010764 0.004214 0.001543 0.000565 0.000207 0.000076 0.000028 0.000010 0.000004
0.261207 0.254704 0.249609 0.245520 0.242108 0.239011 0.235511 0.231077 0.225815 0.220124 0.214301 0.208479 0.202701 0.196969 0.191274 0.185607 0.179958 0.174317 0.168678 0.163035 0.157383 0.151717 0.146034 0.140329 0.134601 0.128845 0.123058 0.117237 0.111377 0.105475 0.099525 0.093523 0.087461 0.081331 0.075124 0.068828 0.062428 0.055905 0.049234 0.042384 0.035315 0.027991 0.020381 0.012665 0.005372 0.001966 0.000720 0.000263 0.000096 0.000035
0.235345 0.236742 0.237601 0.238039 0.238101 0.237706 0.236348 0.233655 0.229830 0.225326 0.220481 0.215466 0.210356 0.205181 0.199957 0.194689 0.189383 0.184039 0.178661 0.173248 0.167801 0.162322 0.156809 0.151263 0.145683 0.140068 0.134418 0.128731 0.123004 0.117237 0.111426 0.105568 0.099659 0.093694 0.087667 0.081571 0.075398 0.069136 0.062770 0.056284 0.049653 0.042847 0.035825 0.028542 0.020954 0.013179 0.005700 0.002086 0.000764 0.000280
0.225862 0.229717 0.232809 0.235244 0.237084 0.238309 0.238580 0.237358 0.234700 0.231064 0.226884 0.222405 0.217743 0.212951 0.208054 0.203071 0.198011 0.192884 0.187696 0.182453 0.177160 0.171819 0.166433 0.161006 0.155538 0.150031 0.144485 0.138900 0.133276 0.127613 0.121908 0.116160 0.110367 0.104526 0.098633 0.092683 0.086670 0.080589 0.074428 0.068179 0.061826 0.055352 0.048733 0.041938 0.034923 0.027638 0.020026 0.012187 0.004986 0.001825
0.256897 0.255832 0.255179 0.254732 0.254340 0.253848 0.252919 0.250878 0.247559 0.243312 0.238570 0.233599 0.228519 0.223376 0.218191 0.212970 0.207718 0.202435 0.197124 0.191784 0.186416 0.181021 0.175598 0.170148 0.164670 0.159165 0.153630 0.148067 0.142473 0.136847 0.131189 0.125496 0.119766 0.113996 0.108185 0.102327 0.096420 0.090457 0.084432 0.078338 0.072166 0.065903 0.059536 0.053044 0.046402 0.039576 0.032519 0.025169 0.017464 0.009529
0.272845 0.272812 0.272130 0.271077 0.269801 0.268342 0.266531 0.263753 0.259755 0.254843 0.249474 0.243942 0.238378 0.232827 0.227301 0.221797 0.216311 0.210837 0.205369 0.199903 0.194434 0.188959 0.183475 0.177980 0.172471 0.166946 0.161403 0.155840 0.150257 0.144650 0.139018 0.133359 0.127670 0.121951 0.116197 0.110405 0.104573 0.098696 0.092769 0.086786 0.080741 0.074624 0.068426 0.062134 0.055731 0.049194 0.042496 0.035595 0.028435 0.020940
0.290086 0.283512 0.278876 0.275542 0.273050 0.271032 0.269037 0.266285 0.262469 0.257849 0.252817 0.247621 0.242368 0.237094 0.231809 0.226513 0.221205 0.215883 0.210546 0.205192 0.199820 0.194431 0.189023 0.183597 0.178151 0.172685 0.167198 0.161690 0.156161 0.150608 0.145031 0.139429 0.133800 0.128143 0.122454 0.116733 0.110976 0.105180 0.099340 0.093453 0.087514 0.081515 0.075448 0.069305 0.063073 0.056736 0.050276 0.043665 0.036867 0.029830
0.226724 0.237518 0.245493 0.251361 0.255619 0.258582 0.260283 0.260292 0.258562 0.255536 0.251734 0.247496 0.242993 0.238312 0.233500 0.228587 0.223592 0.218529 0.213408 0.208238 0.203024 0.197773 0.192488 0.187171 0.181826 0.176453 0.171054 0.165629 0.160180 0.154705 0.149205 0.143680 0.138127 0.132546 0.126936 0.121295 0.115620 0.109909 0.104159 0.098366 0.092526 0.086633 0.080681 0.074663 0.068569 0.062386 0.056101 0.049694 0.043139 0.036400
0.284052 0.280544 0.277960 0.276003 0.274443 0.273073 0.271582 0.269266 0.265799 0.261434 0.256596 0.251562 0.246458 0.241329 0.236187 0.231035 0.225871 0.220694 0.215502 0.210295 0.205070 0.199827 0.194566 0.189286 0.183987 0.178668 0.173329 0.167970 0.162589 0.157187 0.151761 0.146312 0.140839 0.135338 0.129811 0.124253 0.118664 0.113041 0.107381 0.101681 0.095936 0.090143 0.084295 0.078387 0.072410 0.066355 0.060208 0.053955 0.047575 0.041041
0.296983 0.290850 0.286095 0.282357 0.279352 0.276826 0.274454 0.271521 0.267596 0.262855 0.257699 0.252407 0.247101 0.241821 0.236572 0.231350 0.226147 0.220957 0.215774 0.210591 0.205405 0.200213 0.195012 0.189798 0.184571 0.179329 0.174070 0.168793 0.163496 0.158179 0.152840 0.147478 0.142091 0.136678 0.131238 0.125768 0.120267 0.114732 0.109161 0.103550 0.097895 0.092194 0.086439 0.080627 0.074749 0.068796 0.062758 0.056622 0.050368 0.043975
0.236638 0.244288 0.249857 0.253898 0.256794 0.258783 0.259930 0.259839 0.258147 0.255101 0.251225 0.246920 0.242397 0.237749 0.233022 0.228235 0.223400 0.218524 0.213612 0.208668 0.203693 0.198689 0.193658 0.188600 0.183516 0.178406 0.173271 0.168110 0.162923 0.157710 0.152471 0.147204 0.141909 0.136585 0.131230 0.125844 0.120423 0.114968 0.109473 0.103938 0.098359 0.092731 0.087049 0.081309 0.075504 0.069624 0.063661 0.057600 0.051425 0.045114
0.259483 0.257479 0.256603 0.256397 0.256540 0.256786 0.256851 0.256080 0.254011 0.250827 0.246976 0.242791 0.238436 0.233979 0.229446 0.224851 0.220199 0.215496 0.210745 0.205949 0.201110 0.196233 0.191317 0.186366 0.181381 0.176363 0.171314 0.166232 0.161121 0.155978 0.150805 0.145601 0.140366 0.135099 0.129799 0.124464 0.119093 0.113685 0.108236 0.102744 0.097206 0.091618 0.085974 0.080270 0.074497 0.068648 0.062712 0.056675 0.050521 0.044226
0.249138 0.252298 0.254430 0.255853 0.256757 0.257221 0.257118 0.255882 0.253313 0.249738 0.245605 0.241202 0.236663 0.232046 0.227375 0.222659 0.217905 0.213115 0.208291 0.203435 0.198547 0.193629 0.188681 0.183705 0.178700 0.173666 0.168605 0.163516 0.158398 0.153252 0.148077 0.142872 0.137637 0.132371 0.127071 0.121738 0.116368 0.110959 0.105509 0.100015 0.094473 0.088878 0.083225 0.077508 0.071719 0.065848 0.059883 0.053809 0.047605 0.041245
0.271552 0.268154 0.265687 0.263833 0.262358 0.261062 0.259643 0.257413 0.254050 0.249811 0.245112 0.240226 0.235276 0.230307 0.225333 0.220355 0.215373 0.210383 0.205385 0.200374 0.195351 0.190312 0.185257 0.180185 0.175093 0.169983 0.164851 0.159698 0.154522 0.149322 0.144096 0.138845 0.133565 0.128256 0.122915 0.117541 0.112130 0.106681 0.101189 0.095652 0.090063 0.084418 0.078711 0.072933 0.067075 0.061125 0.055067 0.048882 0.042543 0.036016
0.248276 0.250311 0.251603 0.252373 0.252750 0.252785 0.252392 0.251045 0.248339 0.244500 0.240007 0.235216 0.230300 0.225332 0.220338 0.215329 0.210305 0.205269 0.200220 0.195156 0.190078 0.184984 0.179873 0.174745 0.169598 0.164432 0.159246 0.154039 0.148810 0.143557 0.138279 0.132974 0.127641 0.122278 0.116883 0.111452 0.105982 0.100471 0.094914 0.089305 0.083640 0.077910 0.072108 0.066223 0.060242 0.054148 0.047920 0.041529 0.034936 0.028090
0.243966 0.243234 0.242943 0.242883 0.242902 0.242861 0.242550 0.241360 0.238851 0.235228 0.230952 0.226362 0.221624 0.216809 0.211941 0.207034 0.202092 0.197119 0.192115 0.187084 0.182026 0.176942 0.171832 0.166699 0.161541 0.156358 0.151151 0.145918 0.140660 0.135374 0.130060 0.124716 0.119339 0.113928 0.108480 0.102991 0.097457 0.091874 0.086236 0.080536 0.074766 0.068916 0.062974 0.056924 0.050746 0.044414 0.037895 0.031146 0.024120 0.016783
0.223276 0.226094 0.228206 0.229750 0.230816 0.231429 0.231447 0.230295 0.227751 0.224142 0.219928 0.215409 0.210730 0.205956 0.201117 0.196226 0.191292 0.186322 0.181319 0.176286 0.171224 0.166135 0.161021 0.155880 0.150713 0.145521 0.140301 0.135054 0.129778 0.124471 0.119131 0.113755 0.108342 0.102887 0.097386 0.091834 0.086226 0.080555 0.074811 0.068985 0.063064 0.057032 0.050868 0.044547 0.038038 0.031307 0.024322 0.017094 0.009817 0.003776
0.228448 0.227660 0.226798 0.225902 0.224975 0.223967 0.222676 0.220474 0.217084 0.212792 0.208028 0.203070 0.198046 0.193003 0.187955 0.182908 0.177858 0.172804 0.167742 0.162669 0.157584 0.152483 0.147364 0.142224 0.137061 0.131873 0.126658 0.121412 0.116132 0.110816 0.105460 0.100060 0.094611 0.089107 0.083542 0.077908 0.072195 0.066392 0.060484 0.054453 0.048278 0.041933 0.035391 0.028631 0.021631 0.014560 0.007502 0.002751 0.001007 0.000369
0.220259 0.215475 0.211983 0.209406 0.207456 0.205886 0.204395 0.202290 0.199071 0.194908 0.190236 0.185367 0.180447 0.175523 0.170606 0.165694 0.160781 0.155861 0.150928 0.145977 0.141006 0.136009 0.130984 0.125928 0.120839 0.115712 0.110545 0.105335 0.100077 0.094767 0.089400 0.083969 0.078467 0.072884 0.067210 0.061431 0.055529 0.049485 0.043274 0.036874 0.030270 0.023441 0.016547 0.009702 0.003807 0.001393 0.000510 0.000187 0.000068 0.000025
0.150000 0.157041 0.162522 0.166804 0.170131 0.172639 0.174257 0.174444 0.173004 0.170315 0.166888 0.163061 0.159004 0.154794 0.150468 0.146047 0.141544 0.136967 0.132322 0.127613 0.122844 0.118017 0.113131 0.108188 0.103186 0.098123 0.092997 0.087803 0.082538 0.077193 0.071762 0.066233 0.060594 0.054827 0.048913 0.042827 0.036548 0.030063 0.023358 0.016612 0.009925 0.003978 0.001456 0.000533 0.000195 0.000071 0.000026 0.000010 0.000004 0.000001
0.153448 0.155079 0.156730 0.158269 0.159593 0.160564 0.160725 0.159516 0.157032 0.153718 0.149957 0.145952 0.141794 0.137525 0.133164 0.128722 0.124206 0.119620 0.114967 0.110249 0.105467 0.100620 0.095707 0.090726 0.085673 0.080544 0.075334 0.070033 0.064632 0.059117 0.053472 0.047675 0.041701 0.035525 0.029130 0.022511 0.015856 0.009252 0.003612 0.001322 0.000484 0.000177 0.000065 0.000024 0.000009 0.000003 0.000001 0.000000 0.000000 0.000000
0.166810 0.164834 0.162999 0.161329 0.159769 0.158085 0.155608 0.152061 0.147725 0.143012 0.138174 0.133317 0.128471 0.123639 0.118813 0.113984 0.109143 0.104280 0.099387 0.094456 0.089480 0.084451 0.079362 0.074203 0.068964 0.063634 0.058199 0.052641 0.046937 0.041059 0.034975 0.028660 0.022096 0.015454 0.008844 0.003393 0.001242 0.000455 0.000166 0.000061 0.000022 0.000008 0.000003 0.000001 0.000000 0.000000 0.000000 0.000000 0.000000 0.000000
0.154310 0.150610 0.148014 0.146120 0.144578 0.142825 0.140125 0.136420 0.132079 0.127457 0.122736 0.117986 0.113224 0.108449 0.103655 0.098835 0.093980 0.089084 0.084138 0.079136 0.074067 0.068923 0.063692 0.058363 0.052917 0.047334 0.041588 0.035642 0.029457 0.022997 0.016337 0.009664 0.003825 0.001400 0.000512 0.000188 0.000069 0.000025 0.000009 0.000003 0.000001 0.000000 0.000000 0.000000 0.000000 0.000000 0.000000 0.000000 0.000000 0.000000
0.092241 0.101263 0.107956 0.112866 0.116247 0.117793 0.117394 0.115486 0.112639 0.109241 0.105500 0.101521 0.097360 0.093050 0.088611 0.084056 0.079392 0.074623 0.069748 0.064764 0.059665 0.054441 0.049078 0.043556 0.037847 0.031912 0.025701 0.019166 0.012435 0.005730 0.002097 0.000768 0.000281 0.000103 0.000038 0.000014 0.000005 0.000002 0.000001 0.000000 0.000000 0.000000 0.000000 0.000000 0.000000 0.000000 0.000000 0.000000 0.000000 0.000000
0.131466 0.126896 0.123822 0.121658 0.119702 0.117063 0.113544 0.109442 0.105084 0.100636 0.096152 0.091638 0.087083 0.082474 0.077798 0.073046 0.068205 0.063265 0.058215 0.053041 0.047726 0.042250 0.036583 0.030685 0.024501 0.017960 0.011122 0.004650 0.001702 0.000623 0.000228 0.000083 0.000031 0.000011 0.000004 0.000001 0.000001 0.000000 0.000000 0.000000 0.000000 0.000000 0.000000 0.000000 0.000000 0.000000 0.000000 0.000000 0.000000 0.000000
0.111207 0.112555 0.113316 0.113435 0.112366 0.109934 0.106491 0.102482 0.098188 0.093736 0.089179 0.084535 0.079809 0.074999 0.070101 0.065107 0.060008 0.054793 0.049446 0.043947 0.038270 0.032378 0.026221 0.019727 0.012840 0.005849 0.002141 0.000784 0.000287 0.000105 0.000038 0.000014 0.000005 0.000002 0.000001 0.000000 0.000000 0.000000 0.000000 0.000000 0.000000 0.000000 0.000000 0.000000 0.000000 0.000000 0.000000 0.000000 0.000000 0.000000
0.105172 0.107323 0.108753 0.109180 0.108066 0.105501 0.101960 0.097873 0.093480 0.088892 0.084158 0.079301 0.074332 0.069254 0.064066 0.058761 0.053331 0.047759 0.042026 0.036101 0.029942 0.023488 0.016666 0.009506 0.003621 0.001326 0.000485 0.000178 0.000065 0.000024 0.000009 0.000003 0.000001 0.000000 0.000000 0.000000 0.000000 0.000000 0.000000 0.000000 0.000000 0.000000 0.000000 0.000000 0.000000 0.000000 0.000000 0.000000 0.000000 0.000000
0.121983 0.119435 0.117152 0.114405 0.110651 0.106031 0.100939 0.095659 0.090313 0.084939 0.079541 0.074109 0.068629 0.063086 0.057462 0.051739 0.045891 0.039889 0.033691 0.027245 0.020490 0.013399 0.006222 0.002277 0.000834 0.000305 0.000112 0.000041 0.000015 0.000005 0.000002 0.000001 0.000000 0.000000 0.000000 0.000000 0.000000 0.000000 0.000000 0.000000 0.000000 0.000000 0.000000 0.000000 0.000000 0.000000 0.000000 0.000000 0.000000 0.000000
0.108190 0.107799 0.106694 0.104325 0.100648 0.096078 0.091047 0.085806 0.080465 0.075062 0.069607 0.064095 0.058513 0.052846 0.047069 0.041156 0.035066 0.028748 0.022141 0.015224 0.008170 0.003022 0.001106 0.000405 0.000148 0.000054 0.000020 0.000007 0.000003 0.000001 0.000000 0.000000 0.000000 0.000000 0.000000 0.000000 0.000000 0.000000 0.000000 0.000000 0.000000 0.000000 0.000000 0.000000 0.000000 0.000000 0.000000 0.000000 0.000000 0.000000
0.092241 0.091050 0.089547 0.087006 0.083398 0.079108 0.074487 0.069711 0.064841 0.059888 0.054842 0.049687 0.044401 0.038956 0.033319 0.027442 0.021258 0.014701 0.007921 0.002932 0.001073 0.000393 0.000144 0.000053 0.000019 0.000007 0.000003 0.000001 0.000000 0.000000 0.000000 0.000000 0.000000 0.000000 0.000000 0.000000 0.000000 0.000000 0.000000 0.000000 0.000000 0.000000 0.000000 0.000000 0.000000 0.000000 0.000000 0.000000 0.000000 0.000000
0.064224 0.066198 0.066903 0.066054 0.063963 0.061088 0.057733 0.054046 0.050092 0.045899 0.041473 0.036812 0.031901 0.026715 0.021209 0.015313 0.008909 0.003408 0.001248 0.000457 0.000167 0.000061 0.000022 0.000008 0.000003 0.000001 0.000000 0.000000 0.000000 0.000000 0.000000 0.000000 0.000000 0.000000 0.000000 0.000000 0.000000 0.000000 0.000000 0.000000 0.000000 0.000000 0.000000 0.000000 0.000000 0.000000 0.000000 0.000000 0.000000 0.000000
0.064655 0.066420 0.066557 0.065088 0.062478 0.059187 0.055480 0.051484 0.047250 0.042799 0.038134 0.033243 0.028106 0.022683 0.016913 0.010695 0.004469 0.001636 0.000599 0.000219 0.000080 0.000029 0.000011 0.000004 0.000001 0.000001 0.000000 0.000000 0.000000 0.000000 0.000000 0.000000 0.000000 0.000000 0.000000 0.000000 0.000000 0.000000 0.000000 0.000000 0.000000 0.000000 0.000000 0.000000 0.000000 0.000000 0.000000 0.000000 0.000000 0.000000
0.094397 0.090638 0.086253 0.081209 0.075824 0.070361 0.064928 0.059539 0.054171 0.048790 0.043355 0.037826 0.032158 0.026297 0.020170 0.013673 0.006672 0.002442 0.000894 0.000327 0.000120 0.000044 0.000016 0.000006 0.000002 0.000001 0.000000 0.000000 0.000000 0.000000 0.000000 0.000000 0.000000 0.000000 0.000000 0.000000 0.000000 0.000000 0.000000 0.000000 0.000000 0.000000 0.000000 0.000000 0.000000 0.000000 0.000000 0.000000 0.000000 0.000000
0.091379 0.089720 0.086931 0.083121 0.078697 0.073970 0.069084 0.064089 0.058995 0.053795 0.048476 0.043017 0.037395 0.031573 0.025503 0.019112 0.012282 0.005319 0.001947 0.000713 0.000261 0.000095 0.000035 0.000013 0.000005 0.000002 0.000001 0.000000 0.000000 0.000000 0.000000 0.000000 0.000000 0.000000 0.000000 0.000000 0.000000 0.000000 0.000000 0.000000 0.000000 0.000000 0.000000 0.000000 0.000000 0.000000 0.000000 0.000000 0.000000 0.000000
0.081034 0.083681 0.083900 0.082297 0.079520 0.076002 0.071988 0.067615 0.062961 0.058074 0.052980 0.047690 0.042205 0.036510 0.030578 0.024361 0.017780 0.010708 0.004233 0.001549 0.000567 0.000208 0.000076 0.000028 0.000010 0.000004 0.000001 0.000000 0.000000 0.000000 0.000000 0.000000 0.000000 0.000000 0.000000 0.000000 0.000000 0.000000 0.000000 0.000000 0.000000 0.000000 0.000000 0.000000 0.000000 0.000000 0.000000 0.000000 0.000000 0.000000
0.118534 0.112251 0.105854 0.099310 0.092845 0.086593 0.080564 0.074713 0.068984 0.063322 0.057680 0.052015 0.046286 0.040454 0.034473 0.028289 0.021829 0.014985 0.007605 0.002784 0.001019 0.000373 0.000137 0.000050 0.000018 0.000007 0.000002 0.000001 0.000000 0.000000 0.000000 0.000000 0.000000 0.000000 0.000000 0.000000 0.000000 0.000000 0.000000 0.000000 0.000000 0.000000 0.000000 0.000000 0.000000 0.000000 0.000000 0.000000 0.000000 0.000000
0.097414 0.096157 0.093521 0.089881 0.085685 0.081209 0.076576 0.071833 0.066993 0.062056 0.057013 0.051853 0.046558 0.041107 0.035472 0.029612 0.023473 0.016969 0.009958 0.003825 0.001400 0.000513 0.000188 0.000069 0.000025 0.000009 0.000003 0.000001 0.000000 0.000000 0.000000 0.000000 0.000000 0.000000 0.000000 0.000000 0.000000 0.000000 0.000000 0.000000 0.000000 0.000000 0.000000 0.000000 0.000000 0.000000 0.000000 0.000000 0.000000 0.000000
0.078448 0.081250 0.081837 0.080789 0.078689 0.075905 0.072637 0.068996 0.065048 0.060835 0.056383 0.051710 0.046820 0.041711 0.036371 0.030775 0.024883 0.018626 0.011892 0.005048 0.001848 0.000676 0.000248 0.000091 0.000033 0.000012 0.000004 0.000002 0.000001 0.000000 0.000000 0.000000 0.000000 0.000000 0.000000 0.000000 0.000000 0.000000 0.000000 0.000000 0.000000 0.000000 0.000000 0.000000 0.000000 0.000000 0.000000 0.000000 0.000000 0.000000
0.109914 0.105879 0.101276 0.096326 0.091279 0.086242 0.081235 0.076238 0.071225 0.066169 0.061046 0.055835 0.050514 0.045059 0.039444 0.033633 0.027581 0.021219 0.014444 0.007101 0.002599 0.000951 0.000348 0.000127 0.000047 0.000017 0.000006 0.000002 0.000001 0.000000 0.000000 0.000000 0.000000 0.000000 0.000000 0.000000 0.000000 0.000000 0.000000 0.000000 0.000000 0.000000 0.000000 0.000000 0.000000 0.000000 0.000000 0.000000 0.000000 0.000000
0.114224 0.111213 0.107022 0.102093 0.096823 0.091424 0.085981 0.080519 0.075041 0.069539 0.063999 0.058406 0.052738 0.046974 0.041083 0.035030 0.028765 0.022218 0.015283 0.007790 0.002851 0.001044 0.000382 0.000140 0.000051 0.000019 0.000007 0.000003 0.000001 0.000000 0.000000 0.000000 0.000000 0.000000 0.000000 0.000000 0.000000 0.000000 0.000000 0.000000 0.000000 0.000000 0.000000 0.000000 0.000000 0.000000 0.000000 0.000000 0.000000 0.000000
0.105172 0.103536 0.100394 0.096264 0.091610 0.086694 0.081634 0.076481 0.071253 0.065955 0.060581 0.055121 0.049560 0.043877 0.038044 0.032022 0.025758 0.019171 0.012135 0.005126 0.001876 0.000687 0.000251 0.000092 0.000034 0.000012 0.000005 0.000002 0.000001 0.000000 0.000000 0.000000 0.000000 0.000000 0.000000 0.000000 0.000000 0.000000 0.000000 0.000000 0.000000 0.000000 0.000000 0.000000 0.000000 0.000000 0.000000 0.000000 0.000000 0.000000
0.098276 0.094699 0.090498 0.085937 0.081262 0.076574 0.071885 0.067176 0.062420 0.057592 0.052669 0.047629 0.042447 0.037097 0.031545 0.025743 0.019626 0.013086 0.006106 0.002235 0.000818 0.000299 0.000110 0.000040 0.000015 0.000005 0.000002 0.000001 0.000000 0.000000 0.000000 0.000000 0.000000 0.000000 0.000000 0.000000 0.000000 0.000000 0.000000 0.000000 0.000000 0.000000 0.000000 0.000000 0.000000 0.000000 0.000000 0.000000 0.000000 0.000000
0.071121 0.072433 0.071971 0.070367 0.068014 0.065134 0.061855 0.058257 0.054386 0.050272 0.045932 0.041371 0.036583 0.031554 0.026254 0.020637 0.014625 0.008085 0.002999 0.001098 0.000402 0.000147 0.000054 0.000020 0.000007 0.000003 0.000001 0.000000 0.000000 0.000000 0.000000 0.000000 0.000000 0.000000 0.000000 0.000000 0.000000 0.000000 0.000000 0.000000 0.000000 0.000000 0.000000 0.000000 0.000000 0.000000 0.000000 0.000000 0.000000 0.000000
0.092672 0.088040 0.083322 0.078663 0.074107 0.069630 0.065185 0.060727 0.056218 0.051627 0.046925 0.042088 0.037088 0.031893 0.026464 0.020744 0.014648 0.008037 0.002974 0.001088 0.000398 0.000146 0.000053 0.000020 0.000007 0.000003 0.000001 0.000000 0.000000 0.000000 0.000000 0.000000 0.000000 0.000000 0.000000 0.000000 0.000000 0.000000 0.000000 0.000000 0.000000 0.000000 0.000000 0.000000 0.000000 0.000000 0.000000 0.000000 0.000000 0.000000
0.091379 0.090115 0.087398 0.083848 0.079840 0.075560 0.071098 0.066497 0.061775 0.056938 0.051984 0.046901 0.041676 0.036284 0.030692 0.024853 0.018698 0.012112 0.005301 0.001940 0.000710 0.000260 0.000095 0.000035 0.000013 0.000005 0.000002 0.000001 0.000000 0.000000 0.000000 0.000000 0.000000 0.000000 0.000000 0.000000 0.000000 0.000000 0.000000 0.000000 0.000000 0.000000 0.000000 0.000000 0.000000 0.000000 0.000000 0.000000 0.000000 0.000000
0.106897 0.102426 0.097569 0.092572 0.087552 0.082540 0.077529 0.072506 0.067451 0.062347 0.057176 0.051921 0.046559 0.041066 0.035411 0.029553 0.023433 0.016967 0.010016 0.003879 0.001420 0.000520 0.000190 0.000070 0.000025 0.000009 0.000003 0.000001 0.000000 0.000000 0.000000 0.000000 0.000000 0.000000 0.000000 0.000000 0.000000 0.000000 0.000000 0.000000 0.000000 0.000000 0.000000 0.000000 0.000000 0.000000 0.000000 0.000000 0.000000 0.000000
0.103017 0.100265 0.096569 0.092377 0.087941 0.083373 0.078714 0.073980 0.069170 0.064280 0.059300 0.054217 0.049018 0.043682 0.038184 0.032492 0.026559 0.020316 0.013658 0.006499 0.002379 0.000871 0.000319 0.000117 0.000043 0.000016 0.000006 0.000002 0.000001 0.000000 0.000000 0.000000 0.000000 0.000000 0.000000 0.000000 0.000000 0.000000 0.000000 0.000000 0.000000 0.000000 0.000000 0.000000 0.000000 0.000000 0.000000 0.000000 0.000000 0.000000
0.098276 0.096154 0.093093 0.089491 0.085611 0.081569 0.077401 0.073116 0.068713 0.064189 0.059537 0.054751 0.049821 0.044733 0.039469 0.034003 0.028297 0.022296 0.015914 0.009007 0.003379 0.001237 0.000453 0.000166 0.000061 0.000022 0.000008 0.000003 0.000001 0.000000 0.000000 0.000000 0.000000 0.000000 0.000000 0.000000 0.000000 0.000000 0.000000 0.000000 0.000000 0.000000 0.000000 0.000000 0.000000 0.000000 0.000000 0.000000 0.000000 0.000000
0.093534 0.093345 0.091611 0.088931 0.085675 0.082041 0.078137 0.074024 0.069737 0.065297 0.060714 0.055991 0.051126 0.046108 0.040924 0.035551 0.029957 0.024091 0.017883 0.011209 0.004628 0.001694 0.000620 0.000227 0.000083 0.000030 0.000011 0.000004 0.000001 0.000001 0.000000 0.000000 0.000000 0.000000 0.000000 0.000000 0.000000 0.000000 0.000000 0.000000 0.000000 0.000000 0.000000 0.000000 0.000000 0.000000 0.000000 0.000000 0.000000 0.000000
0.116379 0.110280 0.104259 0.098474 0.092973 0.087715 0.082637 0.077674 0.072776 0.067897 0.063005 0.058069 0.053064 0.047965 0.042747 0.037379 0.031827 0.026041 0.019956 0.013467 0.006462 0.002365 0.000866 0.000317 0.000116 0.000042 0.000016 0.000006 0.000002 0.000001 0.000000 0.000000 0.000000 0.000000 0.000000 0.000000 0.000000 0.000000 0.000000 0.000000 0.000000 0.000000 0.000000 0.000000 0.000000 0.000000 0.000000 0.000000 0.000000 0.000000
0.096552 0.095779 0.093760 0.090979 0.087712 0.084113 0.080269 0.076232 0.072035 0.067698 0.063231 0.058638 0.053917 0.049062 0.044062 0.038897 0.033542 0.027961 0.022099 0.015874 0.009148 0.003469 0.001270 0.000465 0.000170 0.000062 0.000023 0.000008 0.000003 0.000001 0.000000 0.000000 0.000000 0.000000 0.000000 0.000000 0.000000 0.000000 0.000000 0.000000 0.000000 0.000000 0.000000 0.000000 0.000000 0.000000 0.000000 0.000000 0.000000 0.000000
0.101724 0.099579 0.096583 0.093134 0.089447 0.085615 0.081672 0.077629 0.073490 0.069253 0.064913 0.060465 0.055901 0.051212 0.046383 0.041400 0.036239 0.030869 0.025247 0.019309 0.012954 0.006123 0.002241 0.000820 0.000300 0.000110 0.000040 0.000015 0.000005 0.000002 0.000001 0.000000 0.000000 0.000000 0.000000 0.000000 0.000000 0.000000 0.000000 0.000000 0.000000 0.000000 0.000000 0.000000 0.000000 0.000000 0.000000 0.000000 0.000000 0.000000
0.111207 0.107296 0.103044 0.098693 0.094381 0.090134 0.085929 0.081734 0.077518 0.073256 0.068929 0.064520 0.060017 0.055406 0.050673 0.045802 0.040775 0.035566 0.030143 0.024457 0.018441 0.011981 0.005300 0.001940 0.000710 0.000260 0.000095 0.000035 0.000013 0.000005 0.000002 0.000001 0.000000 0.000000 0.000000 0.000000 0.000000 0.000000 0.000000 0.000000 0.000000 0.000000 0.000000 0.000000 0.000000 0.000000 0.000000 0.000000 0.000000 0.000000
0.098707 0.100735 0.100593 0.099075 0.096699 0.093762 0.090435 0.086820 0.082982 0.078963 0.074791 0.070482 0.066045 0.061485 0.056799 0.051984 0.047027 0.041914 0.036622 0.031121 0.025364 0.019281 0.012770 0.005941 0.002174 0.000796 0.000291 0.000107 0.000039 0.000014 0.000005 0.000002 0.000001 0.000000 0.000000 0.000000 0.000000 0.000000 0.000000 0.000000 0.000000 0.000000 0.000000 0.000000 0.000000 0.000000 0.000000 0.000000 0.000000 0.000000
0.135776 0.129288 0.123102 0.117285 0.111833 0.106679 0.101741 0.096947 0.092239 0.087575 0.082922 0.078257 0.073558 0.068811 0.063999 0.059109 0.054125 0.049031 0.043807 0.038427 0.032858 0.027054 0.020950 0.014450 0.007557 0.002774 0.001015 0.000372 0.000136 0.000050 0.000018 0.000007 0.000002 0.000001 0.000000 0.000000 0.000000 0.000000 0.000000 0.000000 0.000000 0.000000 0.000000 0.000000 0.000000 0.000000 0.000000 0.000000 0.000000 0.000000
0.122414 0.121854 0.119798 0.116860 0.113402 0.109623 0.105634 0.101500 0.097258 0.092930 0.088529 0.084061 0.079525 0.074922 0.070246 0.065490 0.060647 0.055706 0.050652 0.045469 0.040135 0.034619 0.028880 0.022861 0.016475 0.009682 0.003769 0.001380 0.000505 0.000185 0.000068 0.000025 0.000009 0.000003 0.000001 0.000000 0.000000 0.000000 0.000000 0.000000 0.000000 0.000000 0.000000 0.000000 0.000000 0.000000 0.000000 0.000000 0.000000 0.000000
0.134052 0.130454 0.126454 0.122309 0.118168 0.114066 0.109992 0.105923 0.101837 0.097717 0.093550 0.089325 0.085036 0.080675 0.076236 0.071713 0.067101 0.062390 0.057573 0.052637 0.047567 0.042346 0.036947 0.031336 0.025463 0.019256 0.012645 0.005852 0.002142 0.000784 0.000287 0.000105 0.000038 0.000014 0.000005 0.000002 0.000001 0.000000 0.000000 0.000000 0.000000 0.000000 0.000000 0.000000 0.000000 0.000000 0.000000 0.000000 0.000000 0.000000
0.127155 0.127311 0.125978 0.123755 0.121023 0.117978 0.114711 0.111271 0.107686 0.103971 0.100139 0.096196 0.092148 0.088000 0.083752 0.079407 0.074963 0.070417 0.065767 0.061006 0.056127 0.051118 0.045963 0.040644 0.035131 0.029384 0.023347 0.016944 0.010213 0.004102 0.001501 0.000550 0.000201 0.000074 0.000027 0.000010 0.000004 0.000001 0.000000 0.000000 0.000000 0.000000 0.000000 0.000000 0.000000 0.000000 0.000000 0.000000 0.000000 0.000000
0.145259 0.143144 0.140346 0.137161 0.133757 0.130207 0.126538 0.122762 0.118887 0.114920 0.110865 0.106728 0.102512 0.098221 0.093854 0.089414 0.084899 0.080307 0.075635 0.070879 0.066032 0.061088 0.056034 0.050858 0.045542 0.040062 0.034386 0.028469 0.022251 0.015673 0.008863 0.003361 0.001230 0.000450 0.000165 0.000060 0.000022 0.000008 0.000003 0.000001 0.000000 0.000000 0.000000 0.000000 0.000000 0.000000 0.000000 0.000000 0.000000 0.000000
0.164224 0.162164 0.158801 0.154748 0.150370 0.145848 0.141268 0.136671 0.132072 0.127479 0.122890 0.118302 0.113709 0.109106 0.104484 0.099839 0.095163 0.090451 0.085694 0.080886 0.076021 0.071088 0.066080 0.060984 0.055789 0.050477 0.045029 0.039417 0.033607 0.027548 0.021181 0.014466 0.007563 0.002778 0.001017 0.000372 0.000136 0.000050 0.000018 0.000007 0.000002 0.000001 0.000000 0.000000 0.000000 0.000000 0.000000 0.000000 0.000000 0.000000
0.187500 0.179861 0.172750 0.166206 0.160208 0.154664 0.149466 0.144517 0.139742 0.135084 0.130501 0.125963 0.121446 0.116932 0.112408 0.107864 0.103291 0.098681 0.094029 0.089329 0.084574 0.079758 0.074875 0.069916 0.064874 0.059737 0.054491 0.049122 0.043607 0.037918 0.032015 0.025848 0.019351 0.012511 0.005650 0.002068 0.000757 0.000277 0.000101 0.000037 0.000014 0.000005 0.000002 0.000001 0.000000 0.000000 0.000000 0.000000 0.000000 0.000000
0.144828 0.148873 0.150613 0.150793 0.149889 0.148206 0.145949 0.143257 0.140229 0.136938 0.133435 0.129757 0.125932 0.121981 0.117921 0.113762 0.109512 0.105179 0.100767 0.096278 0.091713 0.087072 0.082355 0.077558 0.072678 0.067708 0.062642 0.057469 0.052176 0.046746 0.041157 0.035377 0.029363 0.023054 0.016378 0.009380 0.003585 0.001312 0.000480 0.000176 0.000064 0.000024 0.000009 0.000003 0.000001 0.000000 0.000000 0.000000 0.000000 0.000000
0.179310 0.175394 0.171375 0.167405 0.163545 0.159775 0.156049 0.152324 0.148568 0.144763 0.140895 0.136959 0.132952 0.128874 0.124725 0.120507 0.116222 0.111870 0.107453 0.102972 0.098425 0.093813 0.089135 0.084387 0.079566 0.074670 0.069691 0.064622 0.059455 0.054177 0.048774 0.043224 0.037500 0.031564 0.025362 0.018820 0.011871 0.005064 0.001853 0.000678 0.000248 0.000091 0.000033 0.000012 0.000004 0.000002 0.000001 0.000000 0.000000 0.000000
0.189655 0.187611 0.184337 0.180409 0.176166 0.171782 0.167339 0.162878 0.158415 0.153957 0.149504 0.145052 0.140596 0.136133 0.131657 0.127162 0.122645 0.118101 0.113527 0.108919 0.104272 0.099585 0.094852 0.090069 0.085233 0.080338 0.075379 0.070349 0.065239 0.060040 0.054740 0.049324 0.043771 0.038055 0.032140 0.025975 0.019485 0.012570 0.005544 0.002029 0.000743 0.000272 0.000100 0.000036 0.000013 0.000005 0.000002 0.000001 0.000000 0.000000
0.203448 0.198364 0.192942 0.187481 0.182168 0.177050 0.172109 0.167308 0.162611 0.157989 0.153418 0.148879 0.144358 0.139845 0.135329 0.130804 0.126264 0.121705 0.117121 0.112510 0.107866 0.103187 0.098469 0.093709 0.088902 0.084043 0.079128 0.074151 0.069105 0.063981 0.058771 0.053460 0.048035 0.042474 0.036752 0.030831 0.024659 0.018156 0.011204 0.004568 0.001672 0.000612 0.000224 0.000082 0.000030 0.000011 0.000004 0.000001 0.000001 0.000000
0.178448 0.178360 0.177018 0.174896 0.172273 0.169302 0.166072 0.162639 0.159040 0.155305 0.151455 0.147507 0.143474 0.139365 0.135189 0.130951 0.126656 0.122307 0.117907 0.113456 0.108956 0.104406 0.099807 0.095156 0.090453 0.085693 0.080875 0.075994 0.071044 0.066020 0.060913 0.055713 0.050408 0.044982 0.039414 0.033675 0.027725 0.021505 0.014923 0.007841 0.002877 0.001053 0.000385 0.000141 0.000052 0.000019 0.000007 0.000003 0.000001 0.000000
0.178017 0.177605 0.175980 0.173637 0.170861 0.167800 0.164533 0.161107 0.157550 0.153883 0.150122 0.146277 0.142355 0.138365 0.134310 0.130193 0.126019 0.121789 0.117505 0.113167 0.108776 0.104333 0.099836 0.095285 0.090678 0.086014 0.081289 0.076500 0.071643 0.066712 0.061701 0.056601 0.051401 0.046089 0.040646 0.035048 0.029265 0.023250 0.016931 0.010194 0.004019 0.001471 0.000538 0.000197 0.000072 0.000026 0.000010 0.000004 0.000001 0.000000
0.199138 0.193289 0.187533 0.182055 0.176917 0.172086 0.167499 0.163092 0.158811 0.154612 0.150462 0.146337 0.142218 0.138091 0.133946 0.129776 0.125574 0.121336 0.117059 0.112741 0.108379 0.103970 0.099514 0.095008 0.090449 0.085836 0.081164 0.076431 0.071633 0.066763 0.061817 0.056786 0.051661 0.046430 0.041078 0.035587 0.029929 0.024068 0.017954 0.011501 0.004969 0.001819 0.000666 0.000244 0.000089 0.000033 0.000012 0.000004 0.000002 0.000001
0.176724 0.176550 0.175062 0.172776 0.170019 0.166960 0.163687 0.160251 0.156683 0.153005 0.149235 0.145384 0.141462 0.137475 0.133430 0.129331 0.125180 0.120979 0.116730 0.112433 0.108089 0.103698 0.099258 0.094769 0.090228 0.085635 0.080985 0.076277 0.071505 0.066666 0.061754 0.056761 0.051680 0.046500 0.041209 0.035791 0.030226 0.024490 0.018551 0.012368 0.005930 0.002170 0.000794 0.000291 0.000106 0.000039 0.000014 0.000005 0.000002 0.000001
0.174138 0.175316 0.174680 0.172901 0.170428 0.167509 0.164286 0.160843 0.157237 0.153504 0.149670 0.145754 0.141769 0.137725 0.133627 0.129480 0.125287 0.121051 0.116771 0.112449 0.108084 0.103676 0.099224 0.094725 0.090179 0.085583 0.080934 0.076229 0.071464 0.066635 0.061736 0.056760 0.051702 0.046551 0.041298 0.035930 0.030435 0.024802 0.019024 0.013127 0.007252 0.002756 0.001009 0.000369 0.000135 0.000049 0.000018 0.000007 0.000002 0.000001
0.207328 0.199880 0.192820 0.186266 0.180252 0.174717 0.169565 0.164704 0.160055 0.155558 0.151166 0.146842 0.142560 0.138300 0.134046 0.129787 0.125514 0.121220 0.116899 0.112548 0.108163 0.103741 0.099279 0.094774 0.090224 0.085626 0.080976 0.076272 0.071509 0.066683 0.061789 0.056821 0.051773 0.046637 0.041404 0.036067 0.030620 0.025062 0.019420 0.013804 0.008666 0.004651 0.001891 0.000692 0.000253 0.000093 0.000034 0.000012 0.000005 0.000002
0.176293 0.175863 0.174280 0.172001 0.169300 0.166318 0.163128 0.159773 0.156283 0.152676 0.148970 0.145177 0.141304 0.137361 0.133353 0.129285 0.125159 0.120979 0.116747 0.112463 0.108130 0.103746 0.099313 0.094828 0.090292 0.085703 0.081058 0.076356 0.071592 0.066764 0.061866 0.056894 0.051842 0.046703 0.041470 0.036138 0.030702 0.025174 0.019599 0.014160 0.009481 0.006028 0.003530 0.001543 0.000565 0.000207 0.000076 0.000028 0.000010 0.000004
0.164224 0.167388 0.168368 0.167921 0.166528 0.164478 0.161952 0.159069 0.155913 0.152544 0.149003 0.145323 0.141528 0.137634 0.133655 0.129600 0.125477 0.121292 0.117049 0.112749 0.108396 0.103991 0.099533 0.095024 0.090461 0.085844 0.081172 0.076441 0.071648 0.066791 0.061863 0.056861 0.051779 0.046608 0.041343 0.035976 0.030505 0.024939 0.019324 0.013845 0.009134 0.005649 0.003136 0.001270 0.000465 0.000170 0.000062 0.000023 0.000008 0.000003
0.213793 0.204600 0.196384 0.189081 0.182581 0.176727 0.171359 0.166345 0.161582 0.156993 0.152520 0.148121 0.143765 0.139431 0.135102 0.130766 0.126414 0.122039 0.117637 0.113203 0.108734 0.104227 0.099680 0.095089 0.090453 0.085769 0.081033 0.076243 0.071393 0.066480 0.061499 0.056442 0.051304 0.046076 0.040748 0.035313 0.029763 0.024097 0.018346 0.012635 0.007479 0.003536 0.001301 0.000476 0.000174 0.000064 0.000023 0.000009 0.000003 0.000001
0.179310 0.179871 0.178756 0.176604 0.173803 0.170578 0.167063 0.163345 0.159478 0.155502 0.151439 0.147309 0.143122 0.138885 0.134605 0.130283 0.125922 0.121524 0.117087 0.112612 0.108098 0.103544 0.098948 0.094309 0.089624 0.084890 0.080106 0.075266 0.070366 0.065402 0.060368 0.055256 0.050058 0.044764 0.039363 0.033841 0.028186 0.022386 0.016443 0.010416 0.004712 0.001725 0.000631 0.000231 0.000085 0.000031 0.000011 0.000004 0.000002 0.000001
0.180603 0.179625 0.177527 0.174776 0.171641 0.168255 0.164689 0.160982 0.157160 0.153242 0.149240 0.145167 0.141031 0.136837 0.132590 0.128295 0.123953 0.119567 0.115137 0.110664 0.106148 0.101588 0.096983 0.092332 0.087632 0.082880 0.078074 0.073210 0.068282 0.063285 0.058213 0.053057 0.047808 0.042453 0.036978 0.031365 0.025592 0.019636 0.013470 0.007113 0.002622 0.000960 0.000351 0.000129 0.000047 0.000017 0.000006 0.000002 0.000001 0.000000
0.196552 0.190392 0.184491 0.178942 0.173754 0.168868 0.164206 0.159703 0.155305 0.150973 0.146677 0.142398 0.138119 0.133830 0.129523 0.125191 0.120831 0.116437 0.112009 0.107542 0.103034 0.098483 0.093887 0.089243 0.084547 0.079797 0.074989 0.070117 0.065177 0.060161 0.055063 0.049871 0.044576 0.039161 0.033609 0.027896 0.021989 0.015848 0.009421 0.003715 0.001360 0.000498 0.000182 0.000067 0.000024 0.000009 0.000003 0.000001 0.000000 0.000000
0.165517 0.167339 0.166989 0.165309 0.162819 0.159820 0.156489 0.152930 0.149212 0.145377 0.141451 0.137451 0.133390 0.129272 0.125104 0.120886 0.116620 0.112307 0.107946 0.103536 0.099077 0.094566 0.090003 0.085385 0.080709 0.075971 0.071168 0.066295 0.061345 0.056312 0.051186 0.045955 0.040607 0.035122 0.029477 0.023640 0.017566 0.011189 0.004844 0.001773 0.000649 0.000238 0.000087 0.000032 0.000012 0.000004 0.000002 0.000001 0.000000 0.000000
0.183621 0.177179 0.171370 0.166127 0.161362 0.156952 0.152776 0.148741 0.144777 0.140839 0.136895 0.132925 0.128916 0.124861 0.120755 0.116596 0.112382 0.108114 0.103790 0.099410 0.094973 0.090479 0.085925 0.081311 0.076632 0.071886 0.067068 0.062174 0.057195 0.052124 0.046950 0.041660 0.036236 0.030655 0.024886 0.018886 0.012589 0.006003 0.002197 0.000804 0.000294 0.000108 0.000039 0.000014 0.000005 0.000002 0.000001 0.000000 0.000000 0.000000
0.147845 0.151725 0.153105 0.152845 0.151496 0.149395 0.146760 0.143734 0.140418 0.136882 0.133175 0.129333 0.125380 0.121336 0.117213 0.113020 0.108764 0.104448 0.100075 0.095646 0.091161 0.086620 0.082020 0.077360 0.072637 0.067844 0.062979 0.058033 0.052998 0.047864 0.042619 0.037244 0.031719 0.026014 0.020088 0.013877 0.007318 0.002690 0.000985 0.000360 0.000132 0.000048 0.000018 0.000006 0.000002 0.000001 0.000000 0.000000 0.000000 0.000000
0.184914 0.178691 0.172523 0.166613 0.161023 0.155731 0.150687 0.145836 0.141131 0.136535 0.132015 0.127548 0.123112 0.118693 0.114278 0.109856 0.105419 0.100960 0.096472 0.091949 0.087388 0.082782 0.078126 0.073416 0.068645 0.063808 0.058896 0.053901 0.048813 0.043619 0.038302 0.032842 0.027211 0.021370 0.015264 0.008808 0.003368 0.001233 0.000451 0.000165 0.000060 0.000022 0.000008 0.000003 0.000001 0.000000 0.000000 0.000000 0.000000 0.000000
0.178448 0.171394 0.164887 0.158949 0.153521 0.148498 0.143772 0.139255 0.134877 0.130587 0.126347 0.122131 0.117918 0.113694 0.109449 0.105175 0.100865 0.096515 0.092121 0.087679 0.083184 0.078634 0.074024 0.069350 0.064606 0.059786 0.054882 0.049886 0.044784 0.039564 0.034205 0.028684 0.022967 0.017003 0.010715 0.004518 0.001654 0.000605 0.000222 0.000081 0.000030 0.000011 0.000004 0.000001 0.000001 0.000000 0.000000 0.000000 0.000000 0.000000
0.116379 0.124111 0.128551 0.130724 0.131316 0.130773 0.129394 0.127387 0.124903 0.122051 0.118911 0.115542 0.111988 0.108282 0.104447 0.100502 0.096458 0.092325 0.088110 0.083816 0.079445 0.074999 0.070476 0.065873 0.061188 0.056414 0.051545 0.046572 0.041482 0.036259 0.030883 0.025325 0.019544 0.013480 0.007034 0.002579 0.000944 0.000345 0.000126 0.000046 0.000017 0.000006 0.000002 0.000001 0.000000 0.000000 0.000000 0.000000 0.000000 0.000000
0.169397 0.163036 0.156911 0.151160 0.145838 0.140898 0.136261 0.131847 0.127586 0.123427 0.119329 0.115261 0.111201 0.107130 0.103037 0.098910 0.094743 0.090528 0.086262 0.081939 0.077555 0.073106 0.068586 0.063992 0.059316 0.054553 0.049693 0.044725 0.039636 0.034409 0.029021 0.023440 0.017621 0.011496 0.005159 0.001888 0.000691 0.000253 0.000093 0.000034 0.000012 0.000005 0.000002 0.000001 0.000000 0.000000 0.000000 0.000000 0.000000 0.000000
