0.122631 0.123264 0.124024 0.124891 0.125854 0.126906 0.128046 0.129276 0.130599 0.132024 0.133561 0.135222 0.137025 0.138989 0.141142 0.143516 0.146153 0.149107 0.152449 0.156268 0.160659 0.165544 0.170673 0.175928 0.181265 0.186668 0.192134 0.197660 0.203248 0.208899 0.214614 0.220393 0.226236 0.232141 0.238109 0.244138 0.250228 0.256377 0.262585 0.268852 0.275175 0.281555 0.287990 0.294480 0.301023 0.307619 0.314268 0.320967 0.327717 0.334517
0.120030 0.121729 0.123293 0.124780 0.126233 0.127684 0.129161 0.130683 0.132270 0.133942 0.135719 0.137622 0.139677 0.141913 0.144366 0.147081 0.150117 0.153546 0.157438 0.161823 0.166535 0.171414 0.176407 0.181492 0.186661 0.191908 0.197233 0.202632 0.208106 0.213654 0.219273 0.224963 0.230723 0.236551 0.242445 0.248406 0.254431 0.260519 0.266671 0.272883 0.279156 0.285488 0.291878 0.298325 0.304829 0.311388 0.318001 0.324668 0.331387 0.338157
0.124489 0.125410 0.126513 0.127755 0.129107 0.130557 0.132101 0.133742 0.135492 0.137364 0.139378 0.141561 0.143945 0.146568 0.149483 0.152755 0.156465 0.160647 0.165118 0.169730 0.174447 0.179256 0.184152 0.189134 0.194200 0.199349 0.204578 0.209886 0.215273 0.220736 0.226275 0.231887 0.237573 0.243330 0.249157 0.255054 0.261019 0.267050 0.273147 0.279308 0.285533 0.291820 0.298167 0.304575 0.311042 0.317566 0.324147 0.330784 0.337475 0.344220
0.126719 0.128078 0.129404 0.130747 0.132140 0.133611 0.135179 0.136868 0.138697 0.140692 0.142880 0.145292 0.147969 0.150959 0.154329 0.158166 0.162414 0.166872 0.171463 0.176155 0.180936 0.185801 0.190745 0.195769 0.200872 0.206052 0.211310 0.216643 0.222052 0.227535 0.233092 0.238722 0.244423 0.250195 0.256037 0.261948 0.267927 0.273972 0.280083 0.286259 0.292498 0.298800 0.305163 0.311587 0.318070 0.324611 0.331210 0.337865 0.344575 0.351339
0.125232 0.126652 0.128168 0.129764 0.131437 0.133194 0.135049 0.137020 0.139132 0.141410 0.143882 0.146580 0.149543 0.152823 0.156492 0.160634 0.165141 0.169836 0.174643 0.179538 0.184509 0.189555 0.194673 0.199865 0.205129 0.210466 0.215875 0.221356 0.226908 0.232531 0.238224 0.243986 0.249817 0.255715 0.261680 0.267711 0.273807 0.279967 0.286190 0.292475 0.298822 0.305228 0.311693 0.318217 0.324798 0.331436 0.338128 0.344875 0.351676 0.358529
0.125232 0.126839 0.128459 0.130110 0.131813 0.133591 0.135469 0.137465 0.139598 0.141888 0.144361 0.147047 0.149982 0.153215 0.156806 0.160840 0.165374 0.170213 0.175214 0.180323 0.185522 0.190802 0.196159 0.201591 0.207098 0.212677 0.218329 0.224050 0.229842 0.235701 0.241627 0.247620 0.253677 0.259798 0.265981 0.272226 0.278532 0.284897 0.291320 0.297801 0.304339 0.310933 0.317581 0.324283 0.331038 0.337845 0.344703 0.351612 0.358571 0.365578
0.125232 0.127074 0.128833 0.130553 0.132278 0.134049 0.135895 0.137840 0.139905 0.142115 0.144492 0.147065 0.149867 0.152937 0.156327 0.160104 0.164357 0.169156 0.174331 0.179703 0.185201 0.190797 0.196478 0.202236 0.208069 0.213973 0.219945 0.225984 0.232087 0.238254 0.244482 0.250770 0.257116 0.263521 0.269981 0.276497 0.283068 0.289692 0.296368 0.303095 0.309874 0.316702 0.323579 0.330505 0.337478 0.344498 0.351564 0.358676 0.365832 0.373033
0.128205 0.129035 0.130058 0.131258 0.132629 0.134166 0.135866 0.137727 0.139753 0.141951 0.144334 0.146920 0.149734 0.152808 0.156184 0.159918 0.164087 0.168793 0.174114 0.179830 0.185735 0.191749 0.197839 0.203993 0.210206 0.216477 0.222802 0.229182 0.235616 0.242103 0.248641 0.255231 0.261871 0.268561 0.275300 0.282087 0.288922 0.295804 0.302732 0.309707 0.316726 0.323789 0.330897 0.338048 0.345242 0.352477 0.359755 0.367073 0.374432 0.381831
0.121888 0.124085 0.126255 0.128420 0.130609 0.132844 0.135145 0.137529 0.140018 0.142632 0.145396 0.148337 0.151491 0.154896 0.158604 0.162681 0.167208 0.172289 0.177977 0.184035 0.190261 0.196577 0.202955 0.209386 0.215865 0.222394 0.228970 0.235595 0.242269 0.248990 0.255760 0.262576 0.269440 0.276351 0.283307 0.290309 0.297356 0.304448 0.311583 0.318762 0.325983 0.333246 0.340551 0.347897 0.355283 0.362709 0.370174 0.377678 0.385220 0.392800
0.124861 0.127592 0.130127 0.132553 0.134946 0.137356 0.139826 0.142388 0.145073 0.147912 0.150938 0.154188 0.157706 0.161546 0.165777 0.170479 0.175718 0.181468 0.187489 0.193655 0.199920 0.206266 0.212683 0.219167 0.225715 0.232325 0.238996 0.245726 0.252513 0.259356 0.266254 0.273205 0.280208 0.287262 0.294367 0.301519 0.308720 0.315968 0.323261 0.330599 0.337981 0.345407 0.352875 0.360384 0.367934 0.375524 0.383154 0.390822 0.398529 0.406273
0.138610 0.139261 0.140283 0.141632 0.143280 0.145207 0.147398 0.149848 0.152563 0.155558 0.158858 0.162502 0.166547 0.171068 0.176130 0.181692 0.187511 0.193477 0.199558 0.205742 0.212019 0.218385 0.224835 0.231365 0.237973 0.244655 0.251408 0.258230 0.265118 0.272070 0.279084 0.286157 0.293288 0.300476 0.307718 0.315012 0.322358 0.329754 0.337199 0.344691 0.352230 0.359813 0.367441 0.375111 0.382824 0.390578 0.398372 0.406206 0.414078 0.421988
0.133408 0.136004 0.138618 0.141292 0.144067 0.146974 0.150044 0.153311 0.156812 0.160595 0.164718 0.169257 0.174312 0.179905 0.185799 0.191855 0.198025 0.204292 0.210646 0.217083 0.223601 0.230197 0.236869 0.243615 0.250433 0.257322 0.264278 0.271300 0.278386 0.285534 0.292743 0.300010 0.307335 0.314714 0.322148 0.329634 0.337172 0.344759 0.352394 0.360077 0.367806 0.375580 0.383397 0.391258 0.399161 0.407105 0.415089 0.423112 0.431174 0.439274
0.130806 0.134416 0.137872 0.141279 0.144718 0.148252 0.151940 0.155836 0.160001 0.164504 0.169434 0.174906 0.180914 0.187206 0.193650 0.200196 0.206822 0.213521 0.220288 0.227121 0.234019 0.240980 0.248003 0.255088 0.262232 0.269436 0.276697 0.284015 0.291389 0.298817 0.306300 0.313834 0.321421 0.329057 0.336743 0.344478 0.352260 0.360088 0.367962 0.375881 0.383844 0.391849 0.399896 0.407985 0.416113 0.424282 0.432489 0.440734 0.449017 0.457337
0.137867 0.139920 0.142350 0.145125 0.148235 0.151675 0.155456 0.159603 0.164161 0.169200 0.174820 0.181072 0.187694 0.194493 0.201393 0.208363 0.215395 0.222485 0.229630 0.236829 0.244083 0.251392 0.258754 0.266168 0.273636 0.281156 0.288727 0.296349 0.304021 0.311743 0.319514 0.327333 0.335199 0.343113 0.351072 0.359076 0.367125 0.375217 0.383353 0.391530 0.399750 0.408010 0.416310 0.424649 0.433027 0.441444 0.449897 0.458387 0.466914 0.475476
0.137495 0.140932 0.144461 0.148135 0.152008 0.156126 0.160540 0.165311 0.170521 0.176281 0.182656 0.189400 0.196320 0.203346 0.210449 0.217620 0.224855 0.232153 0.239513 0.246933 0.254414 0.261954 0.269551 0.277206 0.284918 0.292684 0.300505 0.308379 0.316305 0.324282 0.332309 0.340386 0.348510 0.356682 0.364900 0.373163 0.381471 0.389822 0.398216 0.406652 0.415129 0.423647 0.432204 0.440800 0.449434 0.458105 0.466813 0.475557 0.484336 0.493150
0.143069 0.147092 0.151100 0.155173 0.159389 0.163820 0.168543 0.173650 0.179257 0.185448 0.192007 0.198771 0.205679 0.212701 0.219826 0.227047 0.234357 0.241753 0.249231 0.256789 0.264422 0.272127 0.279904 0.287748 0.295657 0.303630 0.311665 0.319758 0.327909 0.336116 0.344378 0.352692 0.361057 0.369472 0.377935 0.386446 0.395002 0.403604 0.412250 0.420938 0.429668 0.438438 0.447249 0.456099 0.464986 0.473911 0.482873 0.491870 0.500903 0.509970
0.153103 0.156114 0.159291 0.162697 0.166398 0.170451 0.174922 0.179892 0.185475 0.191743 0.198436 0.205367 0.212459 0.219678 0.227008 0.234440 0.241968 0.249587 0.257291 0.265078 0.272944 0.280886 0.288900 0.296984 0.305135 0.313352 0.321631 0.329970 0.338368 0.346823 0.355333 0.363896 0.372511 0.381177 0.389891 0.398652 0.407460 0.416313 0.425210 0.434149 0.443130 0.452152 0.461214 0.470314 0.479452 0.488627 0.497838 0.507084 0.516365 0.525680
0.156819 0.158773 0.161313 0.164365 0.167902 0.171925 0.176458 0.181556 0.187314 0.193870 0.201030 0.208481 0.216087 0.223795 0.231587 0.239452 0.247389 0.255394 0.263467 0.271606 0.279809 0.288076 0.296405 0.304794 0.313243 0.321750 0.330313 0.338931 0.347604 0.356329 0.365105 0.373931 0.382807 0.391730 0.400699 0.409714 0.418774 0.427877 0.437022 0.446208 0.455435 0.464702 0.474006 0.483349 0.492728 0.502144 0.511594 0.521080 0.530598 0.540150
0.144184 0.149899 0.155252 0.160430 0.165596 0.170889 0.176436 0.182371 0.188858 0.196061 0.203755 0.211670 0.219695 0.227794 0.235952 0.244167 0.252437 0.260763 0.269146 0.277585 0.286080 0.294631 0.303237 0.311898 0.320612 0.329380 0.338199 0.347070 0.355991 0.364962 0.373981 0.383048 0.392161 0.401320 0.410524 0.419771 0.429061 0.438393 0.447766 0.457179 0.466632 0.476122 0.485651 0.495216 0.504817 0.514453 0.524124 0.533828 0.543566 0.553335
0.158677 0.161435 0.164698 0.168416 0.172581 0.177218 0.182380 0.188158 0.194699 0.201956 0.209597 0.217453 0.225450 0.233557 0.241758 0.250043 0.258406 0.266843 0.275352 0.283928 0.292570 0.301275 0.310042 0.318869 0.327754 0.336695 0.345692 0.354743 0.363847 0.373002 0.382207 0.391460 0.400762 0.410110 0.419503 0.428941 0.438423 0.447946 0.457512 0.467117 0.476762 0.486446 0.496167 0.505926 0.515720 0.525549 0.535413 0.545311 0.555241 0.565204
0.158677 0.162806 0.167003 0.171372 0.176012 0.181035 0.186567 0.192764 0.199771 0.207329 0.215150 0.223119 0.231194 0.239362 0.247615 0.255953 0.264372 0.272871 0.281447 0.290099 0.298824 0.307620 0.316486 0.325417 0.334414 0.343473 0.352593 0.361772 0.371008 0.380300 0.389645 0.399043 0.408491 0.417989 0.427535 0.437127 0.446765 0.456447 0.466171 0.475938 0.485745 0.495593 0.505478 0.515402 0.525362 0.535358 0.545389 0.555455 0.565553 0.575684
0.165366 0.168265 0.171629 0.175474 0.179844 0.184811 0.190495 0.197044 0.204265 0.211843 0.219641 0.227595 0.235679 0.243876 0.252178 0.260578 0.269071 0.277652 0.286317 0.295064 0.303890 0.312791 0.321765 0.330809 0.339921 0.349099 0.358341 0.367644 0.377007 0.386428 0.395905 0.405435 0.415019 0.424653 0.434337 0.444069 0.453848 0.463672 0.473540 0.483451 0.493403 0.503396 0.513429 0.523500 0.533608 0.543752 0.553933 0.564147 0.574395 0.584677
0.156076 0.160571 0.165400 0.170589 0.176198 0.182329 0.189143 0.196662 0.204547 0.212614 0.220796 0.229069 0.237428 0.245869 0.254393 0.262998 0.271684 0.280448 0.289289 0.298206 0.307196 0.316257 0.325388 0.334586 0.343850 0.353177 0.362567 0.372016 0.381523 0.391087 0.400706 0.410379 0.420103 0.429878 0.439702 0.449573 0.459490 0.469453 0.479460 0.489509 0.499599 0.509730 0.519901 0.530109 0.540355 0.550637 0.560955 0.571307 0.581693 0.592111
0.150502 0.156473 0.162367 0.168353 0.174593 0.181257 0.188537 0.196308 0.204342 0.212542 0.220867 0.229301 0.237833 0.246456 0.255166 0.263958 0.272829 0.281777 0.290800 0.299893 0.309056 0.318287 0.327583 0.336943 0.346365 0.355847 0.365388 0.374986 0.384640 0.394348 0.404109 0.413922 0.423785 0.433696 0.443655 0.453661 0.463712 0.473807 0.483945 0.494124 0.504345 0.514605 0.524904 0.535241 0.545615 0.556025 0.566470 0.576949 0.587461 0.598006
0.159049 0.162213 0.166060 0.170541 0.175659 0.181466 0.188084 0.195598 0.203662 0.211999 0.220494 0.229100 0.237798 0.246579 0.255439 0.264377 0.273390 0.282474 0.291630 0.300853 0.310144 0.319500 0.328919 0.338401 0.347944 0.357546 0.367206 0.376922 0.386693 0.396518 0.406396 0.416325 0.426303 0.436331 0.446405 0.456526 0.466692 0.476902 0.487155 0.497449 0.507784 0.518159 0.528573 0.539024 0.549512 0.560036 0.570595 0.581188 0.591814 0.602473
0.154961 0.159604 0.164435 0.169552 0.175062 0.181086 0.187790 0.195368 0.203583 0.212078 0.220706 0.229416 0.238195 0.247039 0.255949 0.264928 0.273976 0.283096 0.292288 0.301553 0.310889 0.320294 0.329768 0.339308 0.348913 0.358581 0.368310 0.378100 0.387948 0.397852 0.407811 0.417824 0.427888 0.438003 0.448167 0.458379 0.468637 0.478940 0.489287 0.499676 0.510107 0.520578 0.531089 0.541638 0.552224 0.562846 0.573504 0.584196 0.594922 0.605680
0.159420 0.163511 0.167914 0.172704 0.177973 0.183840 0.190473 0.197856 0.205670 0.213746 0.222008 0.230421 0.238967 0.247633 0.256410 0.265291 0.274271 0.283344 0.292507 0.301756 0.311090 0.320506 0.330000 0.339569 0.349211 0.358922 0.368700 0.378543 0.388449 0.398414 0.408438 0.418518 0.428652 0.438839 0.449077 0.459364 0.469698 0.480080 0.490506 0.500976 0.511488 0.522041 0.532634 0.543267 0.553936 0.564643 0.575385 0.586162 0.596973 0.607817
0.157191 0.160864 0.165091 0.169868 0.175228 0.181255 0.188089 0.195655 0.203626 0.211838 0.220223 0.228751 0.237404 0.246173 0.255049 0.264027 0.273100 0.282264 0.291515 0.300849 0.310262 0.319755 0.329324 0.338967 0.348682 0.358466 0.368316 0.378231 0.388207 0.398244 0.408338 0.418489 0.428693 0.438951 0.449259 0.459617 0.470022 0.480474 0.490971 0.501512 0.512095 0.522720 0.533385 0.544088 0.554830 0.565608 0.576422 0.587271 0.598154 0.609070
0.144184 0.149919 0.155701 0.161658 0.167915 0.174614 0.181935 0.190021 0.198572 0.207337 0.216218 0.225178 0.234206 0.243300 0.252459 0.261683 0.270972 0.280327 0.289747 0.299233 0.308783 0.318396 0.328074 0.337817 0.347625 0.357495 0.367427 0.377419 0.387469 0.397576 0.407739 0.417956 0.428225 0.438546 0.448916 0.459335 0.469801 0.480312 0.490868 0.501468 0.512109 0.522792 0.533514 0.544275 0.555074 0.565910 0.576781 0.587687 0.598627 0.609600
0.147157 0.151681 0.156570 0.161851 0.167576 0.173837 0.180773 0.188571 0.197024 0.205775 0.214673 0.223662 0.232724 0.241853 0.251047 0.260308 0.269634 0.279027 0.288486 0.298010 0.307599 0.317252 0.326968 0.336747 0.346590 0.356497 0.366465 0.376493 0.386579 0.396723 0.406923 0.417177 0.427483 0.437841 0.448249 0.458705 0.469208 0.479758 0.490352 0.500989 0.511669 0.522389 0.533150 0.543950 0.554787 0.565661 0.576572 0.587517 0.598496 0.609509
0.154589 0.158227 0.162246 0.166717 0.171717 0.177348 0.183755 0.191067 0.198981 0.207224 0.215679 0.224294 0.233045 0.241917 0.250900 0.259987 0.269172 0.278449 0.287814 0.297263 0.306792 0.316397 0.326076 0.335826 0.345645 0.355534 0.365489 0.375508 0.385591 0.395733 0.405935 0.416192 0.426505 0.436871 0.447288 0.457755 0.468270 0.478832 0.489440 0.500093 0.510788 0.521525 0.532303 0.543121 0.553976 0.564870 0.575800 0.586765 0.597765 0.608798
0.152360 0.155915 0.160011 0.164647 0.169859 0.175728 0.182390 0.189892 0.197890 0.206164 0.214623 0.223229 0.231963 0.240814 0.249776 0.258840 0.268003 0.277258 0.286603 0.296032 0.305543 0.315131 0.324794 0.334528 0.344332 0.354204 0.364143 0.374148 0.384216 0.394346 0.404536 0.414783 0.425086 0.435443 0.445852 0.456313 0.466822 0.477380 0.487984 0.498633 0.509326 0.520062 0.530840 0.541657 0.552514 0.563410 0.574342 0.585311 0.596315 0.607353
0.139353 0.145087 0.150892 0.156881 0.163173 0.169907 0.177265 0.185334 0.193805 0.202477 0.211271 0.220157 0.229122 0.238164 0.247280 0.256468 0.265729 0.275061 0.284464 0.293936 0.303478 0.313086 0.322761 0.332501 0.342305 0.352171 0.362099 0.372089 0.382140 0.392252 0.402422 0.412650 0.422933 0.433270 0.443660 0.454101 0.464593 0.475132 0.485719 0.496352 0.507030 0.517751 0.528515 0.539320 0.550165 0.561050 0.571972 0.582932 0.593928 0.604960
0.139353 0.144511 0.149849 0.155453 0.161419 0.167865 0.174957 0.182866 0.191322 0.200018 0.208835 0.217730 0.226691 0.235716 0.244807 0.253964 0.263188 0.272481 0.281843 0.291273 0.300771 0.310336 0.319968 0.329666 0.339428 0.349253 0.359140 0.369088 0.379098 0.389168 0.399298 0.409487 0.419734 0.430036 0.440392 0.450801 0.461261 0.471772 0.482331 0.492938 0.503591 0.514289 0.525030 0.535814 0.546640 0.557506 0.568411 0.579355 0.590336 0.601354
0.150873 0.153369 0.156576 0.160463 0.165040 0.170358 0.176530 0.183643 0.191360 0.199408 0.207671 0.216096 0.224660 0.233346 0.242147 0.251055 0.260064 0.269170 0.278367 0.287653 0.297023 0.306475 0.316005 0.325611 0.335291 0.345041 0.354860 0.364746 0.374697 0.384710 0.394787 0.404925 0.415125 0.425383 0.435698 0.446069 0.456493 0.466970 0.477498 0.488075 0.498701 0.509373 0.520090 0.530852 0.541656 0.552502 0.563389 0.574316 0.585281 0.596284
0.139725 0.144170 0.148811 0.153747 0.159082 0.164942 0.171493 0.178790 0.186529 0.194527 0.202709 0.211040 0.219506 0.228096 0.236803 0.245622 0.254546 0.263571 0.272694 0.281909 0.291213 0.300604 0.310077 0.319630 0.329259 0.338963 0.348739 0.358584 0.368496 0.378474 0.388514 0.398617 0.408780 0.419005 0.429288 0.439629 0.450025 0.460476 0.470978 0.481532 0.492136 0.502787 0.513485 0.524229 0.535016 0.545847 0.556719 0.567632 0.578585 0.589576
0.127834 0.132636 0.137653 0.142945 0.148593 0.154702 0.161421 0.168904 0.176918 0.185195 0.193627 0.202172 0.210815 0.219551 0.228375 0.237288 0.246286 0.255369 0.264535 0.273783 0.283110 0.292516 0.301997 0.311554 0.321183 0.330883 0.340653 0.350490 0.360393 0.370360 0.380389 0.390479 0.400629 0.410836 0.421101 0.431423 0.441801 0.452234 0.462720 0.473258 0.483846 0.494483 0.505167 0.515898 0.526674 0.537493 0.548355 0.559258 0.570202 0.581185
0.122259 0.126243 0.130553 0.135241 0.140368 0.146013 0.152293 0.159378 0.167229 0.175474 0.183919 0.192492 0.201163 0.209922 0.218767 0.227693 0.236702 0.245790 0.254959 0.264205 0.273528 0.282927 0.292400 0.301946 0.311564 0.321251 0.331007 0.340830 0.350718 0.360670 0.370685 0.380760 0.390896 0.401089 0.411339 0.421644 0.432004 0.442417 0.452884 0.463403 0.473974 0.484595 0.495264 0.505980 0.516742 0.527548 0.538398 0.549291 0.560224 0.571197
0.117800 0.120972 0.124680 0.128897 0.133631 0.138926 0.144868 0.151603 0.159102 0.167020 0.175174 0.183489 0.191935 0.200497 0.209166 0.217939 0.226809 0.235775 0.244833 0.253980 0.263213 0.272531 0.281930 0.291408 0.300963 0.310592 0.320295 0.330068 0.339911 0.349820 0.359795 0.369833 0.379934 0.390094 0.400313 0.410590 0.420922 0.431308 0.441747 0.452238 0.462780 0.473372 0.484014 0.494704 0.505442 0.516226 0.527054 0.537926 0.548840 0.559795
0.103679 0.108971 0.114099 0.119239 0.124541 0.130144 0.136196 0.142878 0.150214 0.157924 0.165858 0.173958 0.182197 0.190564 0.199051 0.207654 0.216368 0.225188 0.234110 0.243132 0.252249 0.261458 0.270755 0.280139 0.289606 0.299153 0.308778 0.318479 0.328253 0.338097 0.348010 0.357991 0.368035 0.378144 0.388313 0.398541 0.408828 0.419171 0.429569 0.440019 0.450522 0.461076 0.471678 0.482329 0.493028 0.503772 0.514561 0.525396 0.536275 0.547196
0.105165 0.107237 0.110043 0.113482 0.117507 0.122113 0.127337 0.133268 0.140032 0.147440 0.155192 0.163159 0.171287 0.179551 0.187941 0.196448 0.205067 0.213794 0.222625 0.231556 0.240584 0.249705 0.258916 0.268215 0.277598 0.287064 0.296609 0.306231 0.315928 0.325697 0.335537 0.345446 0.355421 0.365461 0.375564 0.385728 0.395951 0.406232 0.416570 0.426962 0.437408 0.447905 0.458454 0.469051 0.479696 0.490388 0.501126 0.511909 0.522735 0.533603
0.088443 0.092809 0.097140 0.101562 0.106180 0.111091 0.116396 0.122212 0.128696 0.135942 0.143652 0.151608 0.159723 0.167962 0.176313 0.184770 0.193328 0.201987 0.210742 0.219593 0.228536 0.237570 0.246692 0.255899 0.265191 0.274564 0.284016 0.293545 0.303150 0.312828 0.322577 0.332395 0.342280 0.352232 0.362247 0.372325 0.382463 0.392660 0.402915 0.413225 0.423591 0.434009 0.444479 0.455000 0.465570 0.476188 0.486852 0.497563 0.508318 0.519116
0.083984 0.087154 0.090636 0.094429 0.098551 0.103035 0.107936 0.113332 0.119339 0.126106 0.133488 0.141192 0.149091 0.157134 0.165300 0.173580 0.181970 0.190465 0.199062 0.207759 0.216552 0.225440 0.234419 0.243488 0.252642 0.261881 0.271202 0.280603 0.290080 0.299633 0.309259 0.318956 0.328723 0.338556 0.348456 0.358418 0.368443 0.378529 0.388673 0.398874 0.409132 0.419444 0.429808 0.440225 0.450692 0.461208 0.471773 0.482384 0.493041 0.503742
0.079153 0.081956 0.085057 0.088461 0.092185 0.096261 0.100734 0.105669 0.111158 0.117340 0.124230 0.131532 0.139082 0.146811 0.154688 0.162700 0.170838 0.179096 0.187469 0.195952 0.204541 0.213232 0.222023 0.230909 0.239887 0.248954 0.258108 0.267345 0.276664 0.286060 0.295533 0.305079 0.314697 0.324384 0.334139 0.343959 0.353843 0.363789 0.373796 0.383861 0.393983 0.404161 0.414393 0.424678 0.435014 0.445402 0.455838 0.466322 0.476854 0.487431
0.069491 0.073008 0.076521 0.080116 0.083868 0.087846 0.092116 0.096754 0.101848 0.107515 0.113901 0.120882 0.128186 0.135698 0.143367 0.151175 0.159111 0.167168 0.175342 0.183629 0.192024 0.200524 0.209126 0.217826 0.226620 0.235506 0.244481 0.253541 0.262685 0.271908 0.281210 0.290586 0.300036 0.309557 0.319146 0.328802 0.338524 0.348308 0.358154 0.368061 0.378025 0.388046 0.398123 0.408254 0.418437 0.428672 0.438957 0.449291 0.459672 0.470101
0.066890 0.068653 0.070870 0.073486 0.076470 0.079816 0.083534 0.087653 0.092223 0.097317 0.103050 0.109530 0.116538 0.123830 0.131308 0.138930 0.146680 0.154551 0.162537 0.170634 0.178839 0.187149 0.195561 0.204070 0.212675 0.221372 0.230157 0.239029 0.247984 0.257020 0.266135 0.275326 0.284592 0.293929 0.303337 0.312813 0.322356 0.331963 0.341633 0.351365 0.361156 0.371005 0.380910 0.390871 0.400885 0.410951 0.421069 0.431235 0.441451 0.451713
0.054627 0.057665 0.060708 0.063830 0.067089 0.070537 0.074223 0.078198 0.082519 0.087258 0.092508 0.098399 0.104956 0.111905 0.119087 0.126438 0.133931 0.141553 0.149297 0.157157 0.165130 0.173211 0.181396 0.189682 0.198065 0.206541 0.215109 0.223764 0.232505 0.241330 0.250237 0.259224 0.268288 0.277427 0.286640 0.295924 0.305276 0.314696 0.324180 0.333728 0.343336 0.353003 0.362728 0.372509 0.382343 0.392230 0.402168 0.412156 0.422191 0.432273
0.047938 0.050371 0.052998 0.055809 0.058807 0.062009 0.065436 0.069119 0.073100 0.077428 0.082173 0.087425 0.093306 0.099782 0.106590 0.113610 0.120793 0.128117 0.135571 0.143148 0.150842 0.158649 0.166563 0.174581 0.182700 0.190917 0.199231 0.207639 0.216141 0.224734 0.233416 0.242183 0.251033 0.259961 0.268967 0.278045 0.287195 0.296413 0.305698 0.315046 0.324456 0.333925 0.343452 0.353035 0.362671 0.372360 0.382098 0.391885 0.401719 0.411599
0.041249 0.043668 0.046140 0.048709 0.051413 0.054280 0.057337 0.060613 0.064139 0.067951 0.072095 0.076632 0.081639 0.087219 0.093422 0.100032 0.106859 0.113850 0.120981 0.128240 0.135616 0.143106 0.150706 0.158415 0.166236 0.174165 0.182199 0.190333 0.198566 0.206892 0.215310 0.223816 0.232406 0.241079 0.249829 0.258655 0.267554 0.276522 0.285558 0.294658 0.303821 0.313044 0.322324 0.331660 0.341049 0.350490 0.359980 0.369518 0.379101 0.388728
0.038276 0.039606 0.041269 0.043203 0.045370 0.047749 0.050331 0.053118 0.056119 0.059352 0.062841 0.066621 0.070735 0.075244 0.080224 0.085746 0.091846 0.098367 0.105088 0.111939 0.118915 0.126018 0.133244 0.140590 0.148050 0.155621 0.163299 0.171084 0.178971 0.186957 0.195039 0.203210 0.211468 0.219809 0.228228 0.236722 0.245289 0.253926 0.262630 0.271399 0.280231 0.289122 0.298071 0.307074 0.316129 0.325234 0.334386 0.343581 0.352819 0.362096
0.028614 0.031490 0.034117 0.036598 0.039006 0.041402 0.043828 0.046322 0.048916 0.051638 0.054514 0.057574 0.060849 0.064374 0.068192 0.072356 0.076924 0.081954 0.087468 0.093482 0.099939 0.106605 0.113377 0.120239 0.127202 0.134285 0.141499 0.148835 0.156282 0.163827 0.171462 0.179182 0.186981 0.194857 0.202809 0.210835 0.218935 0.227107 0.235349 0.243657 0.252026 0.260454 0.268934 0.277464 0.286040 0.294657 0.303314 0.312006 0.320731 0.329486
0.031958 0.032630 0.033582 0.034756 0.036114 0.037629 0.039286 0.041075 0.042994 0.045042 0.047225 0.049549 0.052027 0.054672 0.057502 0.060540 0.063814 0.067357 0.071206 0.075400 0.079977 0.084952 0.090320 0.096085 0.102255 0.108815 0.115566 0.122381 0.129231 0.136119 0.143057 0.150059 0.157136 0.164297 0.171553 0.178910 0.186363 0.193898 0.201501 0.209159 0.216863 0.224606 0.232382 0.240187 0.248019 0.255873 0.263749 0.271644 0.279557 0.287486
0.026384 0.027641 0.028917 0.030220 0.031560 0.032943 0.034375 0.035862 0.037410 0.039025 0.040711 0.042475 0.044324 0.046265 0.048306 0.050457 0.052729 0.055137 0.057695 0.060422 0.063340 0.066470 0.069834 0.073459 0.077371 0.081591 0.086124 0.090952 0.096049 0.101394 0.106972 0.112774 0.118798 0.125047 0.131530 0.138199 0.144901 0.151573 0.158207 0.164809 0.171389 0.177958 0.184522 0.191086 0.197655 0.204231 0.210816 0.217410 0.224016 0.230632
0.023783 0.024912 0.025999 0.027072 0.028149 0.029241 0.030355 0.031496 0.032666 0.033868 0.035102 0.036369 0.037672 0.039010 0.040387 0.041803 0.043261 0.044765 0.046317 0.047923 0.049588 0.051319 0.053124 0.055020 0.057025 0.059153 0.061420 0.063836 0.066409 0.069142 0.072037 0.075096 0.078320 0.081710 0.085271 0.089004 0.092899 0.096931 0.101077 0.105317 0.109636 0.114020 0.118463 0.122955 0.127493 0.132071 0.136686 0.141337 0.146020 0.150734
0.019324 0.020354 0.021427 0.022512 0.023591 0.024654 0.025694 0.026710 0.027699 0.028662 0.029598 0.030509 0.031394 0.032252 0.033084 0.033888 0.034663 0.035409 0.036124 0.036806 0.037455 0.038069 0.038649 0.039202 0.039739 0.040271 0.040805 0.041352 0.041921 0.042522 0.043163 0.043854 0.044606 0.045435 0.046354 0.047377 0.048513 0.049770 0.051150 0.052653 0.054278 0.056021 0.057879 0.059848 0.061922 0.064099 0.066372 0.068739 0.071194 0.073734
0.018952 0.019868 0.020681 0.021420 0.022102 0.022737 0.023331 0.023884 0.024396 0.024866 0.025290 0.025665 0.025986 0.026248 0.026447 0.026577 0.026632 0.026607 0.026497 0.026297 0.026003 0.025612 0.025121 0.024537 0.023877 0.023154 0.022381 0.021567 0.020723 0.019856 0.018975 0.018104 0.017303 0.016600 0.016002 0.015508 0.015119 0.014832 0.014648 0.014566 0.014585 0.014705 0.014925 0.015242 0.015656 0.016164 0.016764 0.017452 0.018227 0.019086
0.019695 0.019866 0.020043 0.020217 0.020378 0.020516 0.020623 0.020690 0.020711 0.020676 0.020577 0.020407 0.020156 0.019816 0.019379 0.018839 0.018188 0.017421 0.016538 0.015541 0.014430 0.013207 0.011875 0.010494 0.009120 0.007767 0.006437 0.005125 0.003828 0.002543 0.001267 0.000464 0.000170 0.000062 0.000023 0.000008 0.000003 0.000001 0.000000 0.000000 0.000000 0.000000 0.000000 0.000000 0.000000 0.000000 0.000000 0.000000 0.000000 0.000000
0.017094 0.016802 0.016596 0.016430 0.016273 0.016098 0.015886 0.015620 0.015286 0.014870 0.014360 0.013747 0.013019 0.012173 0.011208 0.010121 0.008913 0.007626 0.006302 0.004951 0.003569 0.002151 0.000863 0.000316 0.000116 0.000042 0.000015 0.000006 0.000002 0.000001 0.000000 0.000000 0.000000 0.000000 0.000000 0.000000 0.000000 0.000000 0.000000 0.000000 0.000000 0.000000 0.000000 0.000000 0.000000 0.000000 0.000000 0.000000 0.000000 0.000000
0.007804 0.008653 0.009221 0.009562 0.009712 0.009694 0.009520 0.009199 0.008731 0.008115 0.007349 0.006433 0.005393 0.004281 0.003117 0.001901 0.000770 0.000282 0.000103 0.000038 0.000014 0.000005 0.000002 0.000001 0.000000 0.000000 0.000000 0.000000 0.000000 0.000000 0.000000 0.000000 0.000000 0.000000 0.000000 0.000000 0.000000 0.000000 0.000000 0.000000 0.000000 0.000000 0.000000 0.000000 0.000000 0.000000 0.000000 0.000000 0.000000 0.000000
0.007432 0.007261 0.007078 0.006843 0.006529 0.006116 0.005588 0.004930 0.004132 0.003182 0.002107 0.000977 0.000358 0.000131 0.000048 0.000018 0.000006 0.000002 0.000001 0.000000 0.000000 0.000000 0.000000 0.000000 0.000000 0.000000 0.000000 0.000000 0.000000 0.000000 0.000000 0.000000 0.000000 0.000000 0.000000 0.000000 0.000000 0.000000 0.000000 0.000000 0.000000 0.000000 0.000000 0.000000 0.000000 0.000000 0.000000 0.000000 0.000000 0.000000
0.008919 0.008336 0.007703 0.007012 0.006254 0.005414 0.004476 0.003426 0.002247 0.000995 0.000364 0.000133 0.000049 0.000018 0.000007 0.000002 0.000001 0.000000 0.000000 0.000000 0.000000 0.000000 0.000000 0.000000 0.000000 0.000000 0.000000 0.000000 0.000000 0.000000 0.000000 0.000000 0.000000 0.000000 0.000000 0.000000 0.000000 0.000000 0.000000 0.000000 0.000000 0.000000 0.000000 0.000000 0.000000 0.000000 0.000000 0.000000 0.000000 0.000000
0.006689 0.006485 0.006165 0.005714 0.005123 0.004381 0.003482 0.002417 0.001185 0.000434 0.000159 0.000058 0.000021 0.000008 0.000003 0.000001 0.000000 0.000000 0.000000 0.000000 0.000000 0.000000 0.000000 0.000000 0.000000 0.000000 0.000000 0.000000 0.000000 0.000000 0.000000 0.000000 0.000000 0.000000 0.000000 0.000000 0.000000 0.000000 0.000000 0.000000 0.000000 0.000000 0.000000 0.000000 0.000000 0.000000 0.000000 0.000000 0.000000 0.000000
0.007804 0.007624 0.007236 0.006667 0.005933 0.005041 0.003989 0.002774 0.001388 0.000508 0.000186 0.000068 0.000025 0.000009 0.000003 0.000001 0.000000 0.000000 0.000000 0.000000 0.000000 0.000000 0.000000 0.000000 0.000000 0.000000 0.000000 0.000000 0.000000 0.000000 0.000000 0.000000 0.000000 0.000000 0.000000 0.000000 0.000000 0.000000 0.000000 0.000000 0.000000 0.000000 0.000000 0.000000 0.000000 0.000000 0.000000 0.000000 0.000000 0.000000
0.011520 0.010348 0.009253 0.008172 0.007062 0.005886 0.004615 0.003226 0.001696 0.000622 0.000228 0.000083 0.000031 0.000011 0.000004 0.000001 0.000001 0.000000 0.000000 0.000000 0.000000 0.000000 0.000000 0.000000 0.000000 0.000000 0.000000 0.000000 0.000000 0.000000 0.000000 0.000000 0.000000 0.000000 0.000000 0.000000 0.000000 0.000000 0.000000 0.000000 0.000000 0.000000 0.000000 0.000000 0.000000 0.000000 0.000000 0.000000 0.000000 0.000000
0.008175 0.007917 0.007448 0.006796 0.005979 0.005004 0.003869 0.002571 0.001159 0.000424 0.000155 0.000057 0.000021 0.000008 0.000003 0.000001 0.000000 0.000000 0.000000 0.000000 0.000000 0.000000 0.000000 0.000000 0.000000 0.000000 0.000000 0.000000 0.000000 0.000000 0.000000 0.000000 0.000000 0.000000 0.000000 0.000000 0.000000 0.000000 0.000000 0.000000 0.000000 0.000000 0.000000 0.000000 0.000000 0.000000 0.000000 0.000000 0.000000 0.000000
0.008175 0.007465 0.006721 0.005912 0.005013 0.004005 0.002871 0.001596 0.000593 0.000217 0.000079 0.000029 0.000011 0.000004 0.000001 0.000001 0.000000 0.000000 0.000000 0.000000 0.000000 0.000000 0.000000 0.000000 0.000000 0.000000 0.000000 0.000000 0.000000 0.000000 0.000000 0.000000 0.000000 0.000000 0.000000 0.000000 0.000000 0.000000 0.000000 0.000000 0.000000 0.000000 0.000000 0.000000 0.000000 0.000000 0.000000 0.000000 0.000000 0.000000
0.005203 0.005016 0.004671 0.004177 0.003535 0.002744 0.001800 0.000775 0.000284 0.000104 0.000038 0.000014 0.000005 0.000002 0.000001 0.000000 0.000000 0.000000 0.000000 0.000000 0.000000 0.000000 0.000000 0.000000 0.000000 0.000000 0.000000 0.000000 0.000000 0.000000 0.000000 0.000000 0.000000 0.000000 0.000000 0.000000 0.000000 0.000000 0.000000 0.000000 0.000000 0.000000 0.000000 0.000000 0.000000 0.000000 0.000000 0.000000 0.000000 0.000000
0.007061 0.006617 0.006094 0.005480 0.004763 0.003932 0.002977 0.001885 0.000785 0.000287 0.000105 0.000039 0.000014 0.000005 0.000002 0.000001 0.000000 0.000000 0.000000 0.000000 0.000000 0.000000 0.000000 0.000000 0.000000 0.000000 0.000000 0.000000 0.000000 0.000000 0.000000 0.000000 0.000000 0.000000 0.000000 0.000000 0.000000 0.000000 0.000000 0.000000 0.000000 0.000000 0.000000 0.000000 0.000000 0.000000 0.000000 0.000000 0.000000 0.000000
0.010405 0.009699 0.008970 0.008196 0.007357 0.006436 0.005418 0.004288 0.003035 0.001689 0.000633 0.000232 0.000085 0.000031 0.000011 0.000004 0.000002 0.000001 0.000000 0.000000 0.000000 0.000000 0.000000 0.000000 0.000000 0.000000 0.000000 0.000000 0.000000 0.000000 0.000000 0.000000 0.000000 0.000000 0.000000 0.000000 0.000000 0.000000 0.000000 0.000000 0.000000 0.000000 0.000000 0.000000 0.000000 0.000000 0.000000 0.000000 0.000000 0.000000
0.009662 0.009434 0.009056 0.008545 0.007913 0.007162 0.006292 0.005300 0.004178 0.002920 0.001531 0.000562 0.000206 0.000075 0.000028 0.000010 0.000004 0.000001 0.000000 0.000000 0.000000 0.000000 0.000000 0.000000 0.000000 0.000000 0.000000 0.000000 0.000000 0.000000 0.000000 0.000000 0.000000 0.000000 0.000000 0.000000 0.000000 0.000000 0.000000 0.000000 0.000000 0.000000 0.000000 0.000000 0.000000 0.000000 0.000000 0.000000 0.000000 0.000000
0.008919 0.008419 0.007931 0.007422 0.006865 0.006240 0.005532 0.004727 0.003811 0.002775 0.001606 0.000608 0.000223 0.000081 0.000030 0.000011 0.000004 0.000001 0.000001 0.000000 0.000000 0.000000 0.000000 0.000000 0.000000 0.000000 0.000000 0.000000 0.000000 0.000000 0.000000 0.000000 0.000000 0.000000 0.000000 0.000000 0.000000 0.000000 0.000000 0.000000 0.000000 0.000000 0.000000 0.000000 0.000000 0.000000 0.000000 0.000000 0.000000 0.000000
0.006317 0.006482 0.006485 0.006352 0.006099 0.005733 0.005259 0.004678 0.003985 0.003178 0.002249 0.001200 0.000441 0.000161 0.000059 0.000022 0.000008 0.000003 0.000001 0.000000 0.000000 0.000000 0.000000 0.000000 0.000000 0.000000 0.000000 0.000000 0.000000 0.000000 0.000000 0.000000 0.000000 0.000000 0.000000 0.000000 0.000000 0.000000 0.000000 0.000000 0.000000 0.000000 0.000000 0.000000 0.000000 0.000000 0.000000 0.000000 0.000000 0.000000
0.010033 0.009585 0.009165 0.008749 0.008317 0.007854 0.007348 0.006788 0.006164 0.005467 0.004689 0.003821 0.002869 0.001882 0.000890 0.000326 0.000119 0.000044 0.000016 0.000006 0.000002 0.000001 0.000000 0.000000 0.000000 0.000000 0.000000 0.000000 0.000000 0.000000 0.000000 0.000000 0.000000 0.000000 0.000000 0.000000 0.000000 0.000000 0.000000 0.000000 0.000000 0.000000 0.000000 0.000000 0.000000 0.000000 0.000000 0.000000 0.000000 0.000000
0.010405 0.010271 0.010113 0.009927 0.009708 0.009452 0.009155 0.008811 0.008417 0.007967 0.007459 0.006888 0.006249 0.005543 0.004772 0.003957 0.003141 0.002343 0.001563 0.000800 0.000293 0.000107 0.000039 0.000014 0.000005 0.000002 0.000001 0.000000 0.000000 0.000000 0.000000 0.000000 0.000000 0.000000 0.000000 0.000000 0.000000 0.000000 0.000000 0.000000 0.000000 0.000000 0.000000 0.000000 0.000000 0.000000 0.000000 0.000000 0.000000 0.000011
0.007804 0.008285 0.008675 0.008981 0.009210 0.009368 0.009462 0.009497 0.009479 0.009413 0.009302 0.009148 0.008953 0.008717 0.008440 0.008122 0.007767 0.007381 0.006968 0.006532 0.006084 0.005658 0.005272 0.004927 0.004624 0.004363 0.004143 0.003965 0.003832 0.003748 0.003716 0.003743 0.003836 0.004004 0.004257 0.004607 0.005065 0.005643 0.006354 0.007208 0.008217 0.009393 0.010742 0.012269 0.013973 0.015853 0.017904 0.020120 0.022496 0.025024
0.008175 0.008610 0.008968 0.009271 0.009534 0.009767 0.009979 0.010178 0.010370 0.010561 0.010754 0.010949 0.011145 0.011342 0.011540 0.011737 0.011936 0.012137 0.012341 0.012552 0.012772 0.013007 0.013265 0.013556 0.013889 0.014273 0.014719 0.015238 0.015842 0.016546 0.017368 0.018326 0.019442 0.020743 0.022252 0.023993 0.025983 0.028237 0.030772 0.033602 0.036742 0.040194 0.043937 0.047944 0.052189 0.056654 0.061321 0.066181 0.071223 0.076441
0.010033 0.009800 0.009740 0.009803 0.009956 0.010179 0.010462 0.010798 0.011180 0.011604 0.012065 0.012563 0.013098 0.013669 0.014278 0.014928 0.015621 0.016362 0.017154 0.018004 0.018918 0.019903 0.020969 0.022126 0.023390 0.024774 0.026298 0.027985 0.029862 0.031962 0.034326 0.036996 0.040016 0.043427 0.047239 0.051439 0.056014 0.060956 0.066270 0.071971 0.078055 0.084329 0.090664 0.097029 0.103426 0.109867 0.116366 0.122932 0.129574 0.136297
0.004459 0.005852 0.007002 0.007982 0.008852 0.009654 0.010420 0.011169 0.011919 0.012681 0.013468 0.014286 0.015146 0.016055 0.017022 0.018054 0.019161 0.020353 0.021639 0.023033 0.024547 0.026196 0.027999 0.029977 0.032154 0.034561 0.037237 0.040230 0.043600 0.047420 0.051755 0.056632 0.062078 0.067994 0.074122 0.080355 0.086676 0.093091 0.099619 0.106279 0.113088 0.120052 0.127162 0.134400 0.141752 0.149208 0.156758 0.164395 0.172116 0.179916
0.009290 0.009510 0.009882 0.010356 0.010910 0.011533 0.012214 0.012951 0.013741 0.014585 0.015488 0.016455 0.017491 0.018606 0.019809 0.021109 0.022519 0.024053 0.025725 0.027553 0.029558 0.031764 0.034199 0.036899 0.039907 0.043277 0.047084 0.051421 0.056385 0.062020 0.068100 0.074408 0.080886 0.087530 0.094339 0.101301 0.108405 0.115640 0.122999 0.130478 0.138074 0.145787 0.153615 0.161556 0.169606 0.177760 0.186014 0.194362 0.202801 0.211325
0.007804 0.009022 0.010027 0.010906 0.011726 0.012529 0.013345 0.014193 0.015088 0.016041 0.017063 0.018164 0.019355 0.020646 0.022049 0.023577 0.025245 0.027071 0.029074 0.031278 0.033710 0.036406 0.039405 0.042761 0.046542 0.050838 0.055769 0.061423 0.067589 0.074044 0.080716 0.087574 0.094600 0.101785 0.109121 0.116604 0.124229 0.131991 0.139883 0.147900 0.156037 0.164289 0.172652 0.181122 0.189695 0.198368 0.207137 0.215999 0.224949 0.233984
0.012263 0.012061 0.012138 0.012427 0.012887 0.013488 0.014211 0.015040 0.015970 0.016999 0.018127 0.019360 0.020705 0.022172 0.023772 0.025522 0.027438 0.029540 0.031855 0.034411 0.037245 0.040402 0.043939 0.047930 0.052476 0.057710 0.063656 0.070039 0.076698 0.083569 0.090625 0.097853 0.105244 0.112792 0.120491 0.128336 0.136320 0.144440 0.152689 0.161064 0.169559 0.178169 0.186890 0.195717 0.204647 0.213676 0.222799 0.232013 0.241315 0.250701
0.006689 0.008162 0.009437 0.010599 0.011706 0.012797 0.013901 0.015040 0.016231 0.017490 0.018830 0.020268 0.021817 0.023494 0.025316 0.027302 0.029476 0.031863 0.034495 0.037408 0.040651 0.044281 0.048377 0.053042 0.058413 0.064471 0.070938 0.077674 0.084622 0.091757 0.099067 0.106543 0.114178 0.121968 0.129906 0.137987 0.146206 0.154558 0.163038 0.171641 0.180363 0.189199 0.198145 0.207197 0.216351 0.225602 0.234948 0.244384 0.253908 0.263515
0.006689 0.007837 0.008972 0.010114 0.011278 0.012477 0.013723 0.015025 0.016395 0.017844 0.019386 0.021035 0.022807 0.024718 0.026790 0.029044 0.031507 0.034212 0.037195 0.040504 0.044199 0.048357 0.053084 0.058515 0.064604 0.071082 0.077821 0.084768 0.091900 0.099207 0.106680 0.114314 0.122103 0.130041 0.138124 0.146347 0.154705 0.163192 0.171805 0.180540 0.189390 0.198354 0.207425 0.216602 0.225879 0.235253 0.244720 0.254278 0.263923 0.273652
0.008547 0.009333 0.010206 0.011171 0.012231 0.013387 0.014636 0.015982 0.017428 0.018981 0.020651 0.022448 0.024389 0.026491 0.028775 0.031265 0.033994 0.036996 0.040318 0.044018 0.048172 0.052882 0.058283 0.064322 0.070737 0.077406 0.084281 0.091340 0.098572 0.105971 0.113531 0.121247 0.129113 0.137125 0.145278 0.153568 0.161990 0.170539 0.179211 0.188002 0.196909 0.205926 0.215050 0.224278 0.233606 0.243030 0.252547 0.262154 0.271848 0.281627
0.009290 0.010455 0.011598 0.012756 0.013953 0.015206 0.016530 0.017936 0.019437 0.021047 0.022781 0.024654 0.026685 0.028895 0.031309 0.033956 0.036870 0.040095 0.043686 0.047711 0.052267 0.057484 0.063350 0.069607 0.076127 0.082858 0.089778 0.096874 0.104139 0.111568 0.119156 0.126896 0.134784 0.142816 0.150987 0.159292 0.167727 0.176287 0.184970 0.193769 0.202683 0.211706 0.220836 0.230068 0.239400 0.248828 0.258349 0.267961 0.277659 0.287443
0.010033 0.011303 0.012528 0.013748 0.014996 0.016292 0.017655 0.019101 0.020645 0.022304 0.024095 0.026035 0.028145 0.030448 0.032971 0.035745 0.038809 0.042211 0.046012 0.050291 0.055161 0.060720 0.066764 0.073108 0.079678 0.086441 0.093384 0.100497 0.107774 0.115210 0.122801 0.130541 0.138426 0.146451 0.154613 0.162907 0.171329 0.179876 0.188542 0.197326 0.206222 0.215228 0.224340 0.233555 0.242870 0.252281 0.261786 0.271383 0.281067 0.290837
0.010777 0.011594 0.012490 0.013484 0.014589 0.015808 0.017145 0.018604 0.020191 0.021913 0.023782 0.025811 0.028018 0.030424 0.033053 0.035937 0.039114 0.042634 0.046558 0.050970 0.055987 0.061670 0.067786 0.074173 0.080768 0.087546 0.094493 0.101603 0.108872 0.116295 0.123869 0.131590 0.139453 0.147455 0.155593 0.163862 0.172259 0.180781 0.189424 0.198184 0.207059 0.216044 0.225137 0.234335 0.243634 0.253032 0.262525 0.272112 0.281788 0.291552
0.007804 0.008987 0.010233 0.011547 0.012933 0.014395 0.015938 0.017567 0.019293 0.021127 0.023083 0.025176 0.027426 0.029855 0.032488 0.035357 0.038501 0.041965 0.045810 0.050113 0.054983 0.060519 0.066527 0.072825 0.079340 0.086042 0.092918 0.099962 0.107168 0.114534 0.122055 0.129728 0.137549 0.145514 0.153619 0.161861 0.170236 0.178740 0.187369 0.196121 0.204991 0.213975 0.223071 0.232276 0.241585 0.250995 0.260505 0.270110 0.279808 0.289596
0.007061 0.008795 0.010372 0.011863 0.013318 0.014772 0.016253 0.017784 0.019383 0.021070 0.022862 0.024777 0.026836 0.029058 0.031470 0.034098 0.036976 0.040144 0.043653 0.047567 0.051973 0.056987 0.062653 0.068727 0.075073 0.081641 0.088406 0.095359 0.102492 0.109800 0.117277 0.124919 0.132721 0.140678 0.148785 0.157037 0.165431 0.173961 0.182622 0.191412 0.200325 0.209358 0.218507 0.227767 0.237135 0.246608 0.256182 0.265854 0.275621 0.285479
0.009662 0.010335 0.011114 0.011997 0.012981 0.014062 0.015238 0.016507 0.017874 0.019344 0.020926 0.022630 0.024469 0.026460 0.028620 0.030973 0.033545 0.036368 0.039480 0.042931 0.046784 0.051120 0.056050 0.061671 0.067853 0.074365 0.081124 0.088097 0.095267 0.102626 0.110165 0.117878 0.125759 0.133801 0.141999 0.150347 0.158841 0.167474 0.176242 0.185140 0.194163 0.203308 0.212568 0.221942 0.231424 0.241010 0.250698 0.260483 0.270363 0.280333
0.005946 0.007024 0.008088 0.009165 0.010273 0.011424 0.012627 0.013891 0.015224 0.016635 0.018135 0.019735 0.021449 0.023291 0.025279 0.027431 0.029770 0.032324 0.035124 0.038209 0.041625 0.045435 0.049715 0.054571 0.060124 0.066426 0.073223 0.080327 0.087661 0.095191 0.102902 0.110785 0.118832 0.127037 0.135394 0.143898 0.152545 0.161328 0.170243 0.179285 0.188449 0.197732 0.207129 0.216636 0.226250 0.235965 0.245780 0.255689 0.265692 0.275783
0.007061 0.007994 0.008896 0.009805 0.010744 0.011728 0.012768 0.013872 0.015048 0.016306 0.017654 0.019104 0.020665 0.022353 0.024181 0.026168 0.028333 0.030700 0.033297 0.036158 0.039325 0.042847 0.046790 0.051241 0.056316 0.062172 0.068825 0.075955 0.083376 0.091014 0.098837 0.106830 0.114985 0.123295 0.131755 0.140360 0.149104 0.157983 0.166992 0.176127 0.185382 0.194755 0.204240 0.213833 0.223532 0.233332 0.243229 0.253220 0.263303 0.273473
0.008175 0.009005 0.009866 0.010768 0.011718 0.012720 0.013778 0.014899 0.016088 0.017355 0.018709 0.020162 0.021724 0.023412 0.025241 0.027228 0.029397 0.031771 0.034379 0.037258 0.040450 0.044009 0.048004 0.052528 0.057703 0.063671 0.070337 0.077411 0.084760 0.092324 0.100081 0.108016 0.116121 0.124389 0.132813 0.141388 0.150107 0.158966 0.167960 0.177083 0.186330 0.195697 0.205180 0.214774 0.224475 0.234279 0.244182 0.254181 0.264273 0.274454
0.007432 0.008721 0.009903 0.011041 0.012176 0.013334 0.014533 0.015787 0.017109 0.018510 0.020002 0.021597 0.023311 0.025158 0.027158 0.029330 0.031699 0.034296 0.037154 0.040317 0.043838 0.047789 0.052258 0.057363 0.063201 0.069622 0.076395 0.083427 0.090679 0.098133 0.105778 0.113604 0.121605 0.129774 0.138105 0.146592 0.155228 0.164009 0.172928 0.181980 0.191160 0.200464 0.209886 0.219422 0.229067 0.238819 0.248672 0.258623 0.268668 0.278804
0.009290 0.009928 0.010722 0.011650 0.012694 0.013843 0.015089 0.016430 0.017868 0.019409 0.021061 0.022837 0.024752 0.026823 0.029072 0.031524 0.034211 0.037168 0.040443 0.044094 0.048197 0.052854 0.058174 0.064159 0.070549 0.077213 0.084101 0.091192 0.098476 0.105944 0.113590 0.121409 0.129395 0.137542 0.145845 0.154299 0.162898 0.171637 0.180511 0.189515 0.198645 0.207895 0.217263 0.226742 0.236330 0.246023 0.255816 0.265707 0.275691 0.285765
0.006317 0.007952 0.009433 0.010840 0.012225 0.013624 0.015066 0.016574 0.018168 0.019865 0.021686 0.023650 0.025778 0.028094 0.030627 0.033410 0.036483 0.039897 0.043717 0.048029 0.052939 0.058543 0.064685 0.071145 0.077842 0.084742 0.091828 0.099092 0.106527 0.114129 0.121892 0.129811 0.137882 0.146100 0.154460 0.162959 0.171591 0.180352 0.189239 0.198247 0.207372 0.216610 0.225958 0.235413 0.244969 0.254625 0.264377 0.274222 0.284157 0.294179
0.006689 0.007777 0.008935 0.010173 0.011502 0.012927 0.014454 0.016094 0.017856 0.019756 0.021810 0.024039 0.026468 0.029124 0.032045 0.035273 0.038864 0.042889 0.047441 0.052629 0.058489 0.064780 0.071341 0.078110 0.085062 0.092185 0.099472 0.106917 0.114516 0.122265 0.130159 0.138195 0.146368 0.154674 0.163110 0.171672 0.180356 0.189158 0.198075 0.207104 0.216242 0.225484 0.234829 0.244273 0.253812 0.263445 0.273168 0.282980 0.292876 0.302855
0.007061 0.008144 0.009321 0.010606 0.012010 0.013537 0.015195 0.016992 0.018941 0.021056 0.023359 0.025873 0.028628 0.031662 0.035020 0.038762 0.042966 0.047733 0.053155 0.059133 0.065430 0.071954 0.078668 0.085555 0.092607 0.099818 0.107184 0.114700 0.122363 0.130168 0.138112 0.146189 0.154398 0.162733 0.171192 0.179770 0.188465 0.197273 0.206190 0.215214 0.224342 0.233570 0.242896 0.252316 0.261829 0.271432 0.281122 0.290896 0.300752 0.310689
0.007061 0.008849 0.010565 0.012268 0.014001 0.015800 0.017693 0.019707 0.021869 0.024206 0.026749 0.029531 0.032594 0.035987 0.039773 0.044035 0.048883 0.054341 0.060180 0.066271 0.072570 0.079057 0.085723 0.092560 0.099563 0.106727 0.114048 0.121522 0.129143 0.136907 0.144812 0.152851 0.161022 0.169320 0.177742 0.186284 0.194942 0.203713 0.212594 0.221581 0.230672 0.239862 0.249150 0.258532 0.268006 0.277568 0.287218 0.296951 0.306765 0.316660
0.010777 0.012032 0.013391 0.014869 0.016479 0.018229 0.020129 0.022194 0.024443 0.026897 0.029587 0.032547 0.035822 0.039471 0.043568 0.048219 0.053440 0.059021 0.064856 0.070900 0.077136 0.083555 0.090150 0.096917 0.103852 0.110950 0.118208 0.125620 0.133183 0.140892 0.148743 0.156732 0.164855 0.173107 0.181485 0.189985 0.198604 0.207337 0.216181 0.225132 0.234188 0.243346 0.252601 0.261952 0.271395 0.280928 0.290547 0.300252 0.310038 0.319904
