0.078803 0.078092 0.077545 0.077067 0.076501 0.075664 0.074548 0.073256 0.071887 0.070494 0.069101 0.067716 0.066341 0.064981 0.063636 0.062310 0.061007 0.059732 0.058490 0.057291 0.056148 0.055079 0.054113 0.053302 0.052666 0.052119 0.051605 0.051102 0.050599 0.050094 0.049585 0.049073 0.048557 0.048038 0.047516 0.046990 0.046462 0.045932 0.045398 0.044863 0.044325 0.043785 0.043244 0.042700 0.042155 0.041608 0.041059 0.040509 0.039958 0.039405
0.069111 0.070901 0.072059 0.072751 0.072996 0.072733 0.072031 0.071045 0.069908 0.068697 0.067448 0.066181 0.064907 0.063632 0.062362 0.061103 0.059859 0.058637 0.057444 0.056290 0.055187 0.054153 0.053219 0.052435 0.051826 0.051309 0.050824 0.050348 0.049871 0.049390 0.048903 0.048412 0.047915 0.047413 0.046907 0.046396 0.045882 0.045364 0.044842 0.044317 0.043790 0.043259 0.042725 0.042189 0.041651 0.041110 0.040567 0.040022 0.039476 0.038927
0.079225 0.076585 0.074833 0.073636 0.072683 0.071677 0.070525 0.069277 0.067999 0.066726 0.065468 0.064223 0.062990 0.061768 0.060556 0.059356 0.058171 0.057006 0.055868 0.054764 0.053708 0.052718 0.051822 0.051070 0.050493 0.050009 0.049558 0.049114 0.048667 0.048213 0.047753 0.047285 0.046811 0.046330 0.045843 0.045350 0.044852 0.044348 0.043840 0.043328 0.042811 0.042291 0.041766 0.041238 0.040707 0.040173 0.039635 0.039095 0.038552 0.038007
0.056890 0.060908 0.063709 0.065633 0.066838 0.067329 0.067206 0.066658 0.065860 0.064920 0.063894 0.062816 0.061704 0.060572 0.059428 0.058282 0.057141 0.056012 0.054903 0.053825 0.052790 0.051815 0.050929 0.050180 0.049606 0.049132 0.048693 0.048261 0.047826 0.047384 0.046934 0.046475 0.046009 0.045535 0.045054 0.044566 0.044072 0.043572 0.043067 0.042556 0.042041 0.041520 0.040996 0.040467 0.039934 0.039397 0.038857 0.038314 0.037767 0.037218
0.080910 0.077856 0.075751 0.074257 0.073066 0.071872 0.070565 0.069185 0.067800 0.066440 0.065112 0.063813 0.062538 0.061284 0.060048 0.058830 0.057631 0.056454 0.055305 0.054189 0.053118 0.052106 0.051178 0.050376 0.049751 0.049244 0.048780 0.048328 0.047875 0.047415 0.046947 0.046471 0.045987 0.045496 0.044998 0.044494 0.043983 0.043466 0.042944 0.042416 0.041883 0.041346 0.040805 0.040259 0.039709 0.039156 0.038599 0.038039 0.037476 0.036910
0.068689 0.070291 0.071316 0.071930 0.072162 0.071926 0.071261 0.070308 0.069201 0.068021 0.066804 0.065569 0.064325 0.063077 0.061831 0.060589 0.059356 0.058137 0.056939 0.055768 0.054635 0.053554 0.052546 0.051644 0.050907 0.050318 0.049794 0.049289 0.048788 0.048281 0.047769 0.047249 0.046723 0.046190 0.045652 0.045107 0.044558 0.044003 0.043444 0.042880 0.042312 0.041740 0.041165 0.040587 0.040005 0.039420 0.038833 0.038243 0.037651 0.037056
0.075432 0.075339 0.075407 0.075506 0.075480 0.075130 0.074423 0.073460 0.072351 0.071164 0.069929 0.068662 0.067374 0.066070 0.064757 0.063440 0.062125 0.060818 0.059525 0.058254 0.057014 0.055818 0.054683 0.053634 0.052717 0.051978 0.051349 0.050763 0.050189 0.049616 0.049039 0.048458 0.047873 0.047283 0.046688 0.046090 0.045488 0.044883 0.044275 0.043664 0.043051 0.042435 0.041816 0.041196 0.040574 0.039950 0.039324 0.038697 0.038068 0.037439
0.080067 0.080999 0.081516 0.081717 0.081594 0.081036 0.080062 0.078805 0.077400 0.075926 0.074420 0.072901 0.071377 0.069855 0.068339 0.066832 0.065339 0.063862 0.062407 0.060980 0.059586 0.058235 0.056939 0.055716 0.054595 0.053625 0.052834 0.052140 0.051484 0.050840 0.050199 0.049557 0.048914 0.048269 0.047622 0.046973 0.046322 0.045669 0.045016 0.044361 0.043704 0.043047 0.042389 0.041730 0.041070 0.040409 0.039748 0.039086 0.038424 0.037762
0.096502 0.094051 0.092080 0.090424 0.088884 0.087232 0.085419 0.083515 0.081601 0.079716 0.077873 0.076072 0.074308 0.072578 0.070879 0.069211 0.067571 0.065960 0.064379 0.062832 0.061321 0.059853 0.058435 0.057078 0.055802 0.054633 0.053623 0.052794 0.052062 0.051367 0.050687 0.050010 0.049335 0.048658 0.047981 0.047303 0.046624 0.045944 0.045263 0.044582 0.043900 0.043217 0.042534 0.041851 0.041167 0.040483 0.039799 0.039115 0.038431 0.037747
0.085967 0.086226 0.086243 0.086059 0.085636 0.084842 0.083676 0.082254 0.080701 0.079090 0.077458 0.075821 0.074185 0.072556 0.070936 0.069329 0.067735 0.066158 0.064600 0.063064 0.061554 0.060074 0.058631 0.057234 0.055894 0.054628 0.053467 0.052455 0.051625 0.050896 0.050207 0.049530 0.048857 0.048183 0.047508 0.046831 0.046151 0.045470 0.044788 0.044104 0.043419 0.042733 0.042045 0.041358 0.040669 0.039980 0.039290 0.038600 0.037910 0.037219
0.080067 0.080657 0.081043 0.081255 0.081272 0.080951 0.080221 0.079164 0.077917 0.076574 0.075182 0.073763 0.072325 0.070875 0.069416 0.067952 0.066484 0.065017 0.063553 0.062097 0.060651 0.059221 0.057813 0.056432 0.055087 0.053791 0.052560 0.051419 0.050411 0.049580 0.048867 0.048199 0.047545 0.046894 0.046241 0.045584 0.044925 0.044262 0.043596 0.042928 0.042257 0.041584 0.040908 0.040232 0.039553 0.038873 0.038192 0.037510 0.036827 0.036143
0.081753 0.080728 0.080092 0.079684 0.079355 0.078878 0.078112 0.077088 0.075910 0.074656 0.073361 0.072041 0.070699 0.069340 0.067965 0.066577 0.065178 0.063771 0.062359 0.060947 0.059536 0.058132 0.056739 0.055362 0.054007 0.052683 0.051399 0.050170 0.049016 0.047972 0.047081 0.046351 0.045691 0.045053 0.044421 0.043789 0.043153 0.042513 0.041870 0.041223 0.040573 0.039920 0.039264 0.038605 0.037945 0.037282 0.036617 0.035950 0.035282 0.034612
0.070796 0.073384 0.075212 0.076465 0.077241 0.077489 0.077186 0.076448 0.075437 0.074268 0.073007 0.071685 0.070323 0.068931 0.067519 0.066091 0.064652 0.063208 0.061760 0.060312 0.058867 0.057428 0.055998 0.054581 0.053181 0.051802 0.050451 0.049136 0.047866 0.046658 0.045534 0.044528 0.043677 0.042977 0.042338 0.041715 0.041096 0.040476 0.039853 0.039227 0.038597 0.037964 0.037327 0.036688 0.036045 0.035401 0.034753 0.034104 0.033452 0.032798
0.090181 0.088114 0.086454 0.085078 0.083869 0.082627 0.081188 0.079566 0.077857 0.076138 0.074442 0.072776 0.071141 0.069531 0.067942 0.066372 0.064816 0.063274 0.061744 0.060226 0.058718 0.057222 0.055738 0.054267 0.052812 0.051374 0.049957 0.048564 0.047202 0.045876 0.044599 0.043383 0.042251 0.041231 0.040356 0.039642 0.039008 0.038394 0.037783 0.037172 0.036559 0.035942 0.035322 0.034698 0.034071 0.033441 0.032808 0.032172 0.031534 0.030893
0.087653 0.085947 0.084579 0.083457 0.082484 0.081487 0.080285 0.078870 0.077335 0.075762 0.074190 0.072630 0.071085 0.069551 0.068026 0.066507 0.064992 0.063481 0.061972 0.060466 0.058963 0.057464 0.055969 0.054480 0.052999 0.051527 0.050066 0.048620 0.047191 0.045784 0.044405 0.043059 0.041757 0.040512 0.039342 0.038274 0.037335 0.036556 0.035900 0.035282 0.034672 0.034061 0.033449 0.032833 0.032214 0.031591 0.030965 0.030335 0.029702 0.029066
0.067425 0.070264 0.072475 0.074176 0.075441 0.076266 0.076542 0.076289 0.075643 0.074752 0.073706 0.072555 0.071327 0.070039 0.068703 0.067327 0.065918 0.064483 0.063027 0.061553 0.060065 0.058567 0.057061 0.055551 0.054038 0.052526 0.051017 0.049513 0.048018 0.046534 0.045066 0.043617 0.042192 0.040799 0.039445 0.038143 0.036908 0.035763 0.034735 0.033853 0.033130 0.032482 0.031853 0.031228 0.030601 0.029972 0.029340 0.028705 0.028066 0.027425
0.080067 0.080906 0.081552 0.082021 0.082319 0.082414 0.082158 0.081475 0.080445 0.079205 0.077851 0.076432 0.074971 0.073478 0.071960 0.070422 0.068867 0.067298 0.065717 0.064126 0.062527 0.060922 0.059314 0.057703 0.056092 0.054482 0.052875 0.051273 0.049678 0.048092 0.046517 0.044956 0.043412 0.041889 0.040391 0.038925 0.037497 0.036117 0.034801 0.033566 0.032439 0.031449 0.030628 0.029923 0.029257 0.028600 0.027946 0.027291 0.026634 0.025975
0.103666 0.100841 0.098486 0.096503 0.094800 0.093270 0.091708 0.089961 0.088047 0.086062 0.084079 0.082126 0.080210 0.078325 0.076468 0.074633 0.072815 0.071010 0.069217 0.067434 0.065658 0.063891 0.062130 0.060376 0.058629 0.056890 0.055158 0.053436 0.051723 0.050020 0.048330 0.046654 0.044993 0.043350 0.041727 0.040127 0.038555 0.037016 0.035515 0.034063 0.032671 0.031358 0.030146 0.029069 0.028159 0.027393 0.026683 0.025992 0.025306 0.024622
0.099031 0.097943 0.097032 0.096214 0.095426 0.094600 0.093572 0.092224 0.090601 0.088819 0.086964 0.085081 0.083187 0.081290 0.079394 0.077501 0.075612 0.073726 0.071846 0.069971 0.068102 0.066240 0.064385 0.062537 0.060697 0.058865 0.057043 0.055231 0.053429 0.051638 0.049860 0.048095 0.046345 0.044611 0.042895 0.041198 0.039524 0.037875 0.036255 0.034668 0.033121 0.031623 0.030185 0.028824 0.027563 0.026435 0.025478 0.024674 0.023935 0.023219
0.084703 0.087949 0.090106 0.091478 0.092271 0.092610 0.092494 0.091845 0.090721 0.089276 0.087651 0.085924 0.084139 0.082315 0.080467 0.078602 0.076726 0.074843 0.072956 0.071067 0.069180 0.067295 0.065414 0.063538 0.061667 0.059804 0.057948 0.056100 0.054262 0.052434 0.050616 0.048810 0.047017 0.045238 0.043474 0.041726 0.039997 0.038288 0.036601 0.034941 0.033310 0.031713 0.030156 0.028649 0.027202 0.025833 0.024566 0.023438 0.022488 0.021683
0.111252 0.106494 0.103017 0.100412 0.098391 0.096743 0.095261 0.093681 0.091904 0.089985 0.088012 0.086037 0.084078 0.082138 0.080215 0.078305 0.076407 0.074517 0.072636 0.070760 0.068891 0.067027 0.065168 0.063314 0.061466 0.059623 0.057787 0.055957 0.054133 0.052317 0.050509 0.048710 0.046921 0.045141 0.043374 0.041619 0.039878 0.038153 0.036446 0.034758 0.033092 0.031452 0.029842 0.028266 0.026732 0.025248 0.023827 0.022489 0.021262 0.020186
0.085124 0.087887 0.089480 0.090302 0.090611 0.090565 0.090219 0.089474 0.088307 0.086831 0.085189 0.083474 0.081728 0.079971 0.078209 0.076445 0.074679 0.072913 0.071145 0.069375 0.067604 0.065831 0.064058 0.062283 0.060507 0.058732 0.056957 0.055183 0.053411 0.051641 0.049875 0.048112 0.046355 0.044605 0.042861 0.041126 0.039400 0.037685 0.035984 0.034297 0.032626 0.030975 0.029346 0.027743 0.026171 0.024635 0.023143 0.021706 0.020339 0.019066
0.096502 0.092882 0.090511 0.088955 0.087916 0.087180 0.086549 0.085765 0.084715 0.083449 0.082062 0.080613 0.079127 0.077614 0.076076 0.074514 0.072931 0.071326 0.069702 0.068060 0.066403 0.064731 0.063047 0.061352 0.059648 0.057937 0.056219 0.054496 0.052769 0.051040 0.049311 0.047581 0.045853 0.044127 0.042405 0.040688 0.038978 0.037275 0.035582 0.033900 0.032231 0.030577 0.028941 0.027326 0.025734 0.024171 0.022642 0.021154 0.019717 0.018344
0.066582 0.071925 0.075832 0.078681 0.080738 0.082177 0.083077 0.083368 0.083075 0.082343 0.081331 0.080145 0.078842 0.077454 0.076000 0.074494 0.072946 0.071363 0.069750 0.068114 0.066457 0.064783 0.063095 0.061396 0.059687 0.057970 0.056247 0.054519 0.052789 0.051056 0.049322 0.047589 0.045857 0.044128 0.042402 0.040682 0.038967 0.037259 0.035560 0.033872 0.032194 0.030531 0.028882 0.027252 0.025643 0.024058 0.022501 0.020979 0.019497 0.018066
0.100295 0.098462 0.096949 0.095660 0.094525 0.093481 0.092440 0.091208 0.089696 0.087970 0.086139 0.084277 0.082414 0.080562 0.078720 0.076889 0.075066 0.073251 0.071441 0.069636 0.067835 0.066037 0.064242 0.062450 0.060660 0.058873 0.057088 0.055307 0.053528 0.051753 0.049982 0.048215 0.046454 0.044697 0.042947 0.041203 0.039467 0.037740 0.036022 0.034314 0.032619 0.030937 0.029270 0.027621 0.025991 0.024384 0.022802 0.021251 0.019736 0.018265
0.116730 0.111690 0.107679 0.104441 0.101782 0.099543 0.097570 0.095622 0.093546 0.091360 0.089149 0.086972 0.084848 0.082777 0.080752 0.078767 0.076813 0.074885 0.072979 0.071090 0.069216 0.067353 0.065501 0.063658 0.061823 0.059995 0.058173 0.056358 0.054549 0.052745 0.050947 0.049156 0.047371 0.045593 0.043822 0.042058 0.040303 0.038558 0.036822 0.035098 0.033386 0.031687 0.030003 0.028336 0.026688 0.025062 0.023461 0.021888 0.020348 0.018849
0.080067 0.083729 0.086269 0.087995 0.089120 0.089789 0.090075 0.089913 0.089237 0.088135 0.086764 0.085243 0.083639 0.081982 0.080290 0.078572 0.076834 0.075080 0.073315 0.071540 0.069758 0.067969 0.066176 0.064380 0.062582 0.060783 0.058983 0.057184 0.055387 0.053591 0.051798 0.050008 0.048223 0.046443 0.044668 0.042900 0.041140 0.039387 0.037644 0.035912 0.034190 0.032482 0.030789 0.029112 0.027453 0.025816 0.024202 0.022616 0.021063 0.019549
0.088496 0.088213 0.088270 0.088482 0.088731 0.088935 0.089015 0.088797 0.088161 0.087166 0.085940 0.084577 0.083130 0.081623 0.080067 0.078472 0.076842 0.075184 0.073501 0.071796 0.070074 0.068337 0.066588 0.064828 0.063059 0.061285 0.059505 0.057722 0.055937 0.054151 0.052365 0.050581 0.048799 0.047020 0.045246 0.043477 0.041715 0.039960 0.038214 0.036478 0.034754 0.033042 0.031344 0.029663 0.028000 0.026359 0.024742 0.023154 0.021598 0.020082
0.093974 0.094571 0.094754 0.094672 0.094411 0.094014 0.093459 0.092599 0.091386 0.089908 0.088285 0.086595 0.084873 0.083133 0.081383 0.079623 0.077856 0.076082 0.074301 0.072516 0.070725 0.068930 0.067132 0.065331 0.063528 0.061723 0.059918 0.058113 0.056309 0.054507 0.052706 0.050909 0.049116 0.047328 0.045545 0.043769 0.042000 0.040240 0.038489 0.036749 0.035021 0.033307 0.031608 0.029927 0.028266 0.026628 0.025016 0.023434 0.021889 0.020387
0.110830 0.107468 0.104824 0.102684 0.100894 0.099336 0.097885 0.096324 0.094543 0.092594 0.090576 0.088552 0.086547 0.084568 0.082612 0.080677 0.078760 0.076856 0.074965 0.073083 0.071209 0.069342 0.067482 0.065627 0.063777 0.061932 0.060092 0.058257 0.056426 0.054601 0.052781 0.050967 0.049160 0.047359 0.045566 0.043782 0.042007 0.040242 0.038488 0.036747 0.035019 0.033308 0.031614 0.029940 0.028288 0.026663 0.025068 0.023508 0.021991 0.020526
0.092710 0.094145 0.094914 0.095228 0.095225 0.094987 0.094536 0.093764 0.092585 0.091075 0.089372 0.087578 0.085746 0.083897 0.082042 0.080184 0.078325 0.076466 0.074608 0.072751 0.070895 0.069042 0.067190 0.065341 0.063495 0.061652 0.059813 0.057978 0.056147 0.054321 0.052501 0.050687 0.048881 0.047081 0.045291 0.043509 0.041738 0.039979 0.038233 0.036501 0.034785 0.033087 0.031410 0.029756 0.028129 0.026535 0.024977 0.023465 0.022009 0.020623
0.096081 0.094603 0.093663 0.093042 0.092591 0.092205 0.091784 0.091139 0.090138 0.088828 0.087328 0.085729 0.084076 0.082388 0.080674 0.078940 0.077188 0.075421 0.073641 0.071851 0.070053 0.068248 0.066438 0.064624 0.062808 0.060992 0.059175 0.057360 0.055548 0.053739 0.051934 0.050135 0.048343 0.046558 0.044782 0.043017 0.041263 0.039522 0.037796 0.036087 0.034397 0.032730 0.031088 0.029476 0.027899 0.026365 0.024884 0.023468 0.022136 0.020917
0.084281 0.086904 0.088646 0.089756 0.090406 0.090700 0.090669 0.090208 0.089290 0.088028 0.086561 0.084982 0.083336 0.081649 0.079932 0.078192 0.076435 0.074664 0.072882 0.071091 0.069294 0.067491 0.065685 0.063877 0.062069 0.060260 0.058453 0.056648 0.054847 0.053051 0.051261 0.049477 0.047702 0.045936 0.044181 0.042438 0.040710 0.038999 0.037307 0.035636 0.033992 0.032378 0.030799 0.029264 0.027783 0.026369 0.025041 0.023824 0.022747 0.021838
0.107038 0.103764 0.101193 0.099124 0.097408 0.095929 0.094560 0.093080 0.091379 0.089509 0.087568 0.085616 0.083677 0.081758 0.079857 0.077972 0.076099 0.074237 0.072383 0.070536 0.068694 0.066859 0.065028 0.063203 0.061383 0.059568 0.057759 0.055957 0.054162 0.052376 0.050598 0.048831 0.047076 0.045334 0.043608 0.041899 0.040211 0.038546 0.036908 0.035304 0.033738 0.032221 0.030763 0.029380 0.028092 0.026922 0.025896 0.025026 0.024233 0.023461
0.096502 0.095803 0.095077 0.094346 0.093613 0.092868 0.092066 0.091047 0.089694 0.088066 0.086289 0.084453 0.082600 0.080746 0.078895 0.077050 0.075210 0.073374 0.071542 0.069714 0.067890 0.066070 0.064254 0.062444 0.060639 0.058840 0.057049 0.055266 0.053492 0.051730 0.049980 0.048245 0.046526 0.044826 0.043148 0.041497 0.039877 0.038294 0.036757 0.035277 0.033867 0.032545 0.031333 0.030251 0.029322 0.028495 0.027697 0.026903 0.026111 0.025318
0.083017 0.084638 0.085864 0.086756 0.087358 0.087699 0.087760 0.087398 0.086567 0.085374 0.083964 0.082430 0.080825 0.079171 0.077482 0.075768 0.074034 0.072285 0.070524 0.068756 0.066982 0.065206 0.063430 0.061656 0.059885 0.058120 0.056363 0.054615 0.052880 0.051160 0.049456 0.047774 0.046116 0.044488 0.042897 0.041350 0.039858 0.038436 0.037100 0.035872 0.034769 0.033814 0.032963 0.032139 0.031318 0.030496 0.029674 0.028852 0.028029 0.027204
0.090603 0.090719 0.090708 0.090583 0.090348 0.089986 0.089388 0.088414 0.087097 0.085563 0.083916 0.082214 0.080481 0.078730 0.076968 0.075197 0.073421 0.071642 0.069862 0.068082 0.066305 0.064531 0.062764 0.061004 0.059254 0.057515 0.055791 0.054083 0.052396 0.050732 0.049098 0.047499 0.045943 0.044443 0.043011 0.041666 0.040429 0.039318 0.038353 0.037484 0.036636 0.035789 0.034941 0.034093 0.033244 0.032394 0.031543 0.030692 0.029839 0.028986
0.103245 0.100843 0.098774 0.096971 0.095367 0.093857 0.092234 0.090401 0.088421 0.086392 0.084372 0.082384 0.080431 0.078510 0.076616 0.074746 0.072896 0.071064 0.069247 0.067446 0.065659 0.063888 0.062132 0.060393 0.058673 0.056975 0.055301 0.053655 0.052045 0.050476 0.048960 0.047512 0.046149 0.044894 0.043768 0.042789 0.041900 0.041032 0.040164 0.039296 0.038427 0.037558 0.036687 0.035815 0.034941 0.034066 0.033191 0.032314 0.031437 0.030559
0.093974 0.092958 0.092131 0.091403 0.090695 0.089872 0.088749 0.087322 0.085702 0.083991 0.082245 0.080486 0.078724 0.076963 0.075203 0.073447 0.071696 0.069950 0.068212 0.066483 0.064765 0.063061 0.061373 0.059705 0.058061 0.056447 0.054870 0.053339 0.051868 0.050474 0.049183 0.048019 0.047004 0.046092 0.045208 0.044326 0.043445 0.042563 0.041680 0.040794 0.039907 0.039017 0.038127 0.037234 0.036341 0.035446 0.034550 0.033654 0.032757 0.031859
0.077118 0.080174 0.082314 0.083762 0.084642 0.084911 0.084572 0.083764 0.082659 0.081375 0.079976 0.078499 0.076967 0.075394 0.073791 0.072167 0.070528 0.068882 0.067233 0.065587 0.063948 0.062323 0.060717 0.059137 0.057592 0.056093 0.054656 0.053303 0.052064 0.050969 0.050012 0.049110 0.048218 0.047328 0.046438 0.045546 0.044652 0.043755 0.042855 0.041953 0.041049 0.040144 0.039237 0.038328 0.037418 0.036507 0.035595 0.034682 0.033768 0.032854
0.098609 0.095887 0.093857 0.092264 0.090858 0.089358 0.087687 0.085909 0.084103 0.082305 0.080527 0.078768 0.077024 0.075293 0.073574 0.071865 0.070167 0.068483 0.066814 0.065164 0.063537 0.061939 0.060379 0.058866 0.057417 0.056053 0.054809 0.053720 0.052760 0.051845 0.050944 0.050045 0.049146 0.048245 0.047340 0.046433 0.045524 0.044611 0.043697 0.042781 0.041863 0.040943 0.040021 0.039098 0.038174 0.037249 0.036323 0.035396 0.034468 0.033540
0.092710 0.092852 0.092600 0.092031 0.091063 0.089691 0.088039 0.086247 0.084399 0.082537 0.080681 0.078837 0.077009 0.075200 0.073411 0.071643 0.069898 0.068179 0.066488 0.064832 0.063215 0.061647 0.060141 0.058717 0.057406 0.056249 0.055244 0.054307 0.053392 0.052484 0.051577 0.050667 0.049755 0.048840 0.047922 0.047001 0.046078 0.045153 0.044225 0.043296 0.042365 0.041432 0.040498 0.039562 0.038625 0.037688 0.036749 0.035809 0.034869 0.033928
0.094817 0.093626 0.092579 0.091503 0.090190 0.088619 0.086889 0.085091 0.083276 0.081463 0.079658 0.077864 0.076083 0.074316 0.072565 0.070833 0.069125 0.067444 0.065797 0.064192 0.062642 0.061162 0.059778 0.058528 0.057448 0.056481 0.055557 0.054645 0.053736 0.052824 0.051909 0.050990 0.050067 0.049141 0.048212 0.047279 0.046345 0.045407 0.044468 0.043527 0.042584 0.041639 0.040693 0.039746 0.038797 0.037848 0.036897 0.035946 0.034995 0.034043
0.088074 0.088214 0.088164 0.087781 0.086964 0.085791 0.084396 0.082881 0.081298 0.079674 0.078023 0.076356 0.074680 0.073004 0.071333 0.069676 0.068040 0.066435 0.064872 0.063367 0.061942 0.060629 0.059467 0.058459 0.057521 0.056605 0.055693 0.054779 0.053861 0.052937 0.052009 0.051076 0.050140 0.049201 0.048258 0.047312 0.046364 0.045414 0.044462 0.043508 0.042553 0.041596 0.040638 0.039680 0.038720 0.037759 0.036799 0.035837 0.034875 0.033913
0.088496 0.088884 0.088813 0.088212 0.087127 0.085715 0.084121 0.082437 0.080709 0.078963 0.077213 0.075469 0.073737 0.072026 0.070342 0.068692 0.067088 0.065541 0.064072 0.062708 0.061482 0.060419 0.059446 0.058502 0.057566 0.056631 0.055693 0.054752 0.053807 0.052859 0.051909 0.050956 0.050000 0.049043 0.048083 0.047122 0.046160 0.045196 0.044231 0.043266 0.042299 0.041332 0.040364 0.039395 0.038426 0.037457 0.036488 0.035519 0.034549 0.033580
0.100295 0.097067 0.094340 0.091770 0.089244 0.086791 0.084451 0.082234 0.080127 0.078116 0.076185 0.074326 0.072530 0.070797 0.069127 0.067529 0.066014 0.064607 0.063340 0.062235 0.061222 0.060241 0.059271 0.058305 0.057341 0.056377 0.055413 0.054449 0.053484 0.052518 0.051551 0.050584 0.049616 0.048648 0.047679 0.046709 0.045739 0.044768 0.043797 0.042825 0.041854 0.040882 0.039909 0.038937 0.037965 0.036992 0.036020 0.035048 0.034076 0.033104
0.081332 0.082319 0.082596 0.082216 0.081356 0.080203 0.078883 0.077466 0.075992 0.074488 0.072971 0.071456 0.069957 0.068488 0.067067 0.065714 0.064466 0.063366 0.062368 0.061405 0.060455 0.059509 0.058562 0.057614 0.056664 0.055713 0.054760 0.053806 0.052850 0.051893 0.050935 0.049976 0.049015 0.048054 0.047092 0.046128 0.045164 0.044200 0.043234 0.042268 0.041302 0.040335 0.039367 0.038399 0.037431 0.036463 0.035495 0.034526 0.033557 0.032588
0.080067 0.080128 0.079843 0.079173 0.078221 0.077100 0.075881 0.074599 0.073275 0.071926 0.070563 0.069199 0.067849 0.066528 0.065257 0.064065 0.063000 0.062054 0.061158 0.060276 0.059394 0.058507 0.057614 0.056715 0.055809 0.054899 0.053983 0.053062 0.052138 0.051210 0.050278 0.049343 0.048405 0.047464 0.046521 0.045576 0.044629 0.043679 0.042728 0.041775 0.040821 0.039866 0.038909 0.037951 0.036992 0.036032 0.035071 0.034110 0.033148 0.032185
0.085124 0.084335 0.083165 0.081694 0.080066 0.078388 0.076715 0.075069 0.073457 0.071881 0.070343 0.068845 0.067392 0.065992 0.064659 0.063416 0.062303 0.061345 0.060468 0.059618 0.058773 0.057923 0.057067 0.056203 0.055331 0.054452 0.053566 0.052674 0.051775 0.050871 0.049962 0.049048 0.048130 0.047207 0.046280 0.045350 0.044417 0.043480 0.042541 0.041599 0.040654 0.039708 0.038759 0.037809 0.036856 0.035903 0.034948 0.033991 0.033034 0.032075
0.090603 0.088217 0.086013 0.083882 0.081839 0.079902 0.078062 0.076304 0.074610 0.072968 0.071371 0.069815 0.068301 0.066834 0.065425 0.064088 0.062854 0.061771 0.060836 0.059967 0.059118 0.058271 0.057418 0.056558 0.055690 0.054814 0.053931 0.053041 0.052145 0.051242 0.050334 0.049421 0.048502 0.047580 0.046653 0.045722 0.044788 0.043850 0.042910 0.041966 0.041020 0.040072 0.039121 0.038168 0.037214 0.036257 0.035299 0.034340 0.033380 0.032418
0.077539 0.079805 0.080895 0.081121 0.080763 0.080016 0.079006 0.077813 0.076493 0.075086 0.073623 0.072128 0.070622 0.069121 0.067645 0.066213 0.064851 0.063597 0.062505 0.061545 0.060638 0.059747 0.058857 0.057962 0.057061 0.056153 0.055240 0.054321 0.053397 0.052469 0.051536 0.050599 0.049658 0.048714 0.047767 0.046817 0.045864 0.044909 0.043951 0.042991 0.042029 0.041066 0.040100 0.039134 0.038165 0.037196 0.036225 0.035253 0.034281 0.033307
0.101138 0.098694 0.096220 0.093727 0.091286 0.088939 0.086692 0.084537 0.082462 0.080456 0.078512 0.076623 0.074789 0.073011 0.071291 0.069640 0.068071 0.066607 0.065291 0.064160 0.063137 0.062157 0.061192 0.060231 0.059271 0.058308 0.057344 0.056378 0.055409 0.054439 0.053467 0.052493 0.051517 0.050540 0.049561 0.048581 0.047599 0.046617 0.045633 0.044648 0.043662 0.042675 0.041688 0.040699 0.039710 0.038720 0.037730 0.036739 0.035748 0.034756
0.109145 0.105400 0.102022 0.098908 0.096036 0.093380 0.090904 0.088574 0.086359 0.084237 0.082194 0.080219 0.078305 0.076451 0.074659 0.072933 0.071284 0.069733 0.068311 0.067069 0.065967 0.064927 0.063912 0.062906 0.061903 0.060902 0.059901 0.058899 0.057897 0.056894 0.055891 0.054886 0.053882 0.052876 0.051870 0.050863 0.049856 0.048848 0.047839 0.046830 0.045821 0.044811 0.043801 0.042790 0.041779 0.040768 0.039757 0.038745 0.037734 0.036722
0.085967 0.089296 0.090996 0.091558 0.091365 0.090673 0.089646 0.088390 0.086976 0.085455 0.083864 0.082230 0.080573 0.078912 0.077262 0.075638 0.074059 0.072547 0.071134 0.069873 0.068763 0.067725 0.066713 0.065709 0.064706 0.063702 0.062695 0.061686 0.060674 0.059660 0.058645 0.057627 0.056608 0.055588 0.054566 0.053543 0.052519 0.051493 0.050467 0.049440 0.048413 0.047384 0.046355 0.045326 0.044296 0.043266 0.042236 0.041206 0.040175 0.039144
0.114201 0.109575 0.105798 0.102610 0.099858 0.097424 0.095214 0.093157 0.091206 0.089326 0.087496 0.085704 0.083944 0.082215 0.080519 0.078863 0.077257 0.075717 0.074271 0.072963 0.071829 0.070791 0.069788 0.068795 0.067801 0.066803 0.065800 0.064792 0.063779 0.062763 0.061742 0.060718 0.059691 0.058661 0.057629 0.056594 0.055557 0.054519 0.053478 0.052437 0.051394 0.050350 0.049304 0.048258 0.047212 0.046164 0.045116 0.044068 0.043019 0.041970
0.101138 0.102572 0.102834 0.102312 0.101296 0.099974 0.098456 0.096815 0.095097 0.093333 0.091545 0.089750 0.087961 0.086189 0.084443 0.082736 0.081081 0.079495 0.078005 0.076658 0.075493 0.074436 0.073418 0.072411 0.071404 0.070392 0.069376 0.068354 0.067327 0.066296 0.065260 0.064221 0.063178 0.062132 0.061084 0.060033 0.058979 0.057924 0.056866 0.055807 0.054746 0.053684 0.052620 0.051556 0.050490 0.049424 0.048357 0.047289 0.046221 0.045152
0.120101 0.117463 0.114827 0.112225 0.109708 0.107292 0.104972 0.102738 0.100576 0.098478 0.096436 0.094447 0.092509 0.090623 0.088791 0.087020 0.085321 0.083712 0.082222 0.080904 0.079746 0.078664 0.077609 0.076563 0.075518 0.074470 0.073419 0.072365 0.071308 0.070247 0.069184 0.068118 0.067049 0.065978 0.064905 0.063830 0.062752 0.061673 0.060592 0.059510 0.058427 0.057342 0.056256 0.055169 0.054081 0.052992 0.051903 0.050813 0.049722 0.048631
0.123051 0.120158 0.117423 0.114834 0.112401 0.110106 0.107926 0.105836 0.103815 0.101850 0.099933 0.098058 0.096226 0.094437 0.092697 0.091016 0.089410 0.087903 0.086541 0.085340 0.084220 0.083132 0.082053 0.080976 0.079899 0.078818 0.077736 0.076650 0.075562 0.074471 0.073378 0.072283 0.071186 0.070087 0.068986 0.067883 0.066778 0.065672 0.064565 0.063456 0.062346 0.061236 0.060124 0.059011 0.057898 0.056783 0.055669 0.054553 0.053437 0.052321
0.107038 0.109331 0.110389 0.110608 0.110257 0.109509 0.108480 0.107253 0.105886 0.104420 0.102888 0.101316 0.099724 0.098131 0.096555 0.095016 0.093541 0.092168 0.090940 0.089808 0.088711 0.087624 0.086536 0.085444 0.084348 0.083247 0.082142 0.081033 0.079921 0.078805 0.077687 0.076565 0.075442 0.074316 0.073187 0.072057 0.070925 0.069792 0.068657 0.067520 0.066383 0.065244 0.064105 0.062964 0.061823 0.060681 0.059539 0.058396 0.057252 0.056109
0.134008 0.129809 0.126294 0.123284 0.120643 0.118268 0.116078 0.114019 0.112052 0.110153 0.108307 0.106504 0.104742 0.103022 0.101352 0.099741 0.098211 0.096795 0.095534 0.094374 0.093251 0.092140 0.091029 0.089914 0.088794 0.087670 0.086541 0.085407 0.084269 0.083128 0.081983 0.080835 0.079683 0.078529 0.077373 0.076214 0.075054 0.073891 0.072727 0.071562 0.070395 0.069226 0.068057 0.066887 0.065716 0.064545 0.063373 0.062200 0.061028 0.059855
0.128529 0.128540 0.127713 0.126394 0.124796 0.123044 0.121207 0.119329 0.117434 0.115540 0.113655 0.111790 0.109951 0.108145 0.106383 0.104674 0.103038 0.101502 0.100113 0.098873 0.097703 0.096556 0.095414 0.094269 0.093120 0.091966 0.090807 0.089643 0.088475 0.087302 0.086126 0.084946 0.083763 0.082577 0.081389 0.080198 0.079005 0.077810 0.076614 0.075417 0.074218 0.073018 0.071817 0.070615 0.069413 0.068210 0.067007 0.065804 0.064601 0.063397
0.141593 0.138445 0.135692 0.133217 0.130936 0.128785 0.126716 0.124700 0.122717 0.120758 0.118818 0.116896 0.114995 0.113120 0.111278 0.109480 0.107739 0.106078 0.104532 0.103153 0.101901 0.100700 0.099515 0.098330 0.097142 0.095950 0.094752 0.093549 0.092342 0.091131 0.089917 0.088700 0.087480 0.086257 0.085033 0.083807 0.082579 0.081350 0.080119 0.078888 0.077656 0.076423 0.075190 0.073957 0.072723 0.071489 0.070255 0.069021 0.067788 0.066554
0.135272 0.136292 0.136248 0.135514 0.134336 0.132866 0.131200 0.129405 0.127525 0.125590 0.123625 0.121646 0.119667 0.117700 0.115758 0.113851 0.111995 0.110208 0.108518 0.106972 0.105596 0.104310 0.103058 0.101816 0.100576 0.099334 0.098089 0.096842 0.095592 0.094340 0.093087 0.091831 0.090575 0.089317 0.088058 0.086798 0.085537 0.084276 0.083015 0.081753 0.080491 0.079229 0.077967 0.076706 0.075444 0.074183 0.072922 0.071662 0.070402 0.069143
0.159713 0.154893 0.150681 0.146948 0.143601 0.140553 0.137733 0.135084 0.132567 0.130151 0.127817 0.125552 0.123346 0.121197 0.119102 0.117066 0.115094 0.113198 0.111399 0.109731 0.108242 0.106880 0.105572 0.104286 0.103007 0.101730 0.100453 0.099176 0.097898 0.096620 0.095341 0.094061 0.092780 0.091500 0.090218 0.088937 0.087655 0.086373 0.085091 0.083809 0.082527 0.081245 0.079963 0.078682 0.077401 0.076121 0.074841 0.073561 0.072283 0.071005
0.144964 0.144612 0.143558 0.142075 0.140339 0.138450 0.136471 0.134439 0.132377 0.130304 0.128229 0.126163 0.124111 0.122080 0.120078 0.118111 0.116191 0.114329 0.112546 0.110871 0.109356 0.107988 0.106688 0.105412 0.104144 0.102876 0.101606 0.100334 0.099059 0.097783 0.096504 0.095223 0.093941 0.092658 0.091373 0.090087 0.088800 0.087512 0.086223 0.084934 0.083645 0.082355 0.081065 0.079775 0.078485 0.077196 0.075906 0.074617 0.073328 0.072039
0.144543 0.143034 0.141415 0.139736 0.138022 0.136279 0.134507 0.132705 0.130876 0.129024 0.127153 0.125270 0.123381 0.121493 0.119613 0.117752 0.115918 0.114127 0.112395 0.110750 0.109238 0.107884 0.106614 0.105372 0.104136 0.102898 0.101655 0.100406 0.099152 0.097893 0.096630 0.095362 0.094091 0.092817 0.091540 0.090261 0.088979 0.087695 0.086410 0.085123 0.083835 0.082545 0.081255 0.079964 0.078672 0.077380 0.076087 0.074794 0.073501 0.072207
0.143700 0.142590 0.141163 0.139551 0.137829 0.136036 0.134195 0.132323 0.130429 0.128520 0.126604 0.124686 0.122770 0.120864 0.118971 0.117100 0.115258 0.113456 0.111709 0.110039 0.108481 0.107083 0.105800 0.104561 0.103334 0.102107 0.100876 0.099639 0.098396 0.097147 0.095893 0.094634 0.093371 0.092104 0.090834 0.089560 0.088283 0.087003 0.085721 0.084436 0.083150 0.081862 0.080572 0.079280 0.077988 0.076694 0.075400 0.074105 0.072809 0.071513
0.148757 0.146441 0.144031 0.141622 0.139260 0.136955 0.134707 0.132509 0.130356 0.128239 0.126157 0.124104 0.122080 0.120083 0.118116 0.116179 0.114279 0.112421 0.110616 0.108880 0.107238 0.105733 0.104384 0.103113 0.101871 0.100635 0.099398 0.098157 0.096911 0.095660 0.094403 0.093143 0.091877 0.090608 0.089335 0.088059 0.086779 0.085497 0.084212 0.082924 0.081634 0.080342 0.079048 0.077753 0.076456 0.075158 0.073859 0.072559 0.071258 0.069956
0.145386 0.143147 0.140907 0.138703 0.136554 0.134455 0.132396 0.130364 0.128350 0.126349 0.124358 0.122376 0.120402 0.118439 0.116490 0.114557 0.112647 0.110765 0.108922 0.107129 0.105404 0.103777 0.102294 0.100955 0.099681 0.098427 0.097178 0.095926 0.094670 0.093408 0.092141 0.090870 0.089594 0.088314 0.087030 0.085743 0.084453 0.083160 0.081864 0.080566 0.079266 0.077964 0.076660 0.075355 0.074049 0.072741 0.071432 0.070123 0.068813 0.067502
0.132743 0.133604 0.133568 0.132938 0.131915 0.130624 0.129143 0.127525 0.125804 0.124009 0.122158 0.120267 0.118347 0.116409 0.114461 0.112512 0.110568 0.108638 0.106732 0.104858 0.103032 0.101273 0.099609 0.098085 0.096712 0.095408 0.094128 0.092852 0.091575 0.090293 0.089007 0.087717 0.086422 0.085124 0.083822 0.082517 0.081210 0.079900 0.078588 0.077274 0.075959 0.074643 0.073325 0.072006 0.070687 0.069366 0.068046 0.066725 0.065404 0.064082
0.146650 0.143282 0.140216 0.137395 0.134770 0.132293 0.129920 0.127620 0.125369 0.123153 0.120962 0.118789 0.116632 0.114490 0.112362 0.110250 0.108157 0.106086 0.104042 0.102032 0.100063 0.098148 0.096303 0.094553 0.092940 0.091492 0.090135 0.088812 0.087499 0.086188 0.084876 0.083561 0.082243 0.080923 0.079601 0.078277 0.076952 0.075625 0.074297 0.072969 0.071639 0.070309 0.068979 0.067648 0.066318 0.064987 0.063656 0.062326 0.060996 0.059667
0.139486 0.138248 0.136494 0.134444 0.132231 0.129933 0.127591 0.125234 0.122875 0.120524 0.118187 0.115867 0.113566 0.111285 0.109027 0.106791 0.104580 0.102396 0.100242 0.098121 0.096039 0.094002 0.092021 0.090109 0.088290 0.086599 0.085075 0.083672 0.082317 0.080980 0.079649 0.078319 0.076988 0.075657 0.074325 0.072993 0.071659 0.070326 0.068992 0.067658 0.066324 0.064990 0.063657 0.062323 0.060990 0.059658 0.058326 0.056995 0.055664 0.054335
0.138643 0.135669 0.132781 0.129997 0.127324 0.124747 0.122249 0.119810 0.117418 0.115062 0.112736 0.110434 0.108153 0.105892 0.103650 0.101427 0.099222 0.097039 0.094877 0.092741 0.090634 0.088560 0.086527 0.084543 0.082620 0.080778 0.079046 0.077466 0.076039 0.074683 0.073352 0.072030 0.070712 0.069393 0.068074 0.066754 0.065434 0.064113 0.062792 0.061471 0.060149 0.058828 0.057507 0.056186 0.054865 0.053545 0.052225 0.050906 0.049587 0.048269
0.121787 0.121060 0.119841 0.118323 0.116629 0.114826 0.112950 0.111018 0.109046 0.107040 0.105009 0.102957 0.100889 0.098809 0.096721 0.094628 0.092534 0.090442 0.088355 0.086278 0.084215 0.082170 0.080147 0.078155 0.076201 0.074297 0.072457 0.070706 0.069077 0.067608 0.066261 0.064958 0.063670 0.062387 0.061104 0.059819 0.058533 0.057245 0.055956 0.054665 0.053373 0.052081 0.050788 0.049494 0.048200 0.046905 0.045610 0.044316 0.043021 0.041727
0.114201 0.113080 0.111740 0.110256 0.108673 0.107011 0.105283 0.103497 0.101660 0.099778 0.097859 0.095908 0.093931 0.091932 0.089916 0.087888 0.085851 0.083808 0.081764 0.079723 0.077686 0.075659 0.073646 0.071652 0.069681 0.067742 0.065843 0.063997 0.062220 0.060540 0.058991 0.057603 0.056316 0.055064 0.053821 0.052581 0.051338 0.050093 0.048846 0.047596 0.046343 0.045089 0.043832 0.042574 0.041315 0.040054 0.038792 0.037529 0.036265 0.035001
0.111673 0.110491 0.108873 0.107015 0.105033 0.102988 0.100912 0.098821 0.096724 0.094624 0.092525 0.090428 0.088333 0.086241 0.084151 0.082065 0.079983 0.077905 0.075833 0.073768 0.071712 0.069666 0.067632 0.065615 0.063616 0.061640 0.059693 0.057781 0.055914 0.054104 0.052371 0.050743 0.049255 0.047927 0.046685 0.045470 0.044264 0.043058 0.041849 0.040638 0.039423 0.038205 0.036985 0.035762 0.034536 0.033309 0.032079 0.030848 0.029616 0.028382
0.115044 0.111292 0.107877 0.104755 0.101885 0.099215 0.096699 0.094296 0.091978 0.089722 0.087511 0.085334 0.083182 0.081048 0.078929 0.076820 0.074721 0.072630 0.070546 0.068470 0.066402 0.064343 0.062294 0.060257 0.058234 0.056229 0.054245 0.052286 0.050357 0.048467 0.046626 0.044847 0.043153 0.041574 0.040149 0.038872 0.037661 0.036471 0.035288 0.034103 0.032916 0.031726 0.030534 0.029338 0.028139 0.026938 0.025735 0.024530 0.023323 0.022115
0.093552 0.094015 0.093724 0.092936 0.091811 0.090451 0.088923 0.087272 0.085529 0.083717 0.081850 0.079940 0.077996 0.076024 0.074030 0.072019 0.069993 0.067957 0.065912 0.063863 0.061811 0.059758 0.057708 0.055663 0.053625 0.051598 0.049584 0.047587 0.045612 0.043664 0.041750 0.039878 0.038059 0.036312 0.034661 0.033143 0.031794 0.030559 0.029368 0.028192 0.027018 0.025844 0.024667 0.023488 0.022306 0.021122 0.019936 0.018748 0.017559 0.016369
0.096924 0.094886 0.092966 0.091127 0.089339 0.087572 0.085800 0.084006 0.082181 0.080320 0.078424 0.076494 0.074533 0.072545 0.070533 0.068502 0.066454 0.064392 0.062321 0.060243 0.058160 0.056075 0.053990 0.051909 0.049833 0.047765 0.045709 0.043666 0.041641 0.039638 0.037661 0.035716 0.033811 0.031956 0.030166 0.028463 0.026878 0.025459 0.024188 0.022985 0.021805 0.020634 0.019463 0.018291 0.017118 0.015943 0.014767 0.013589 0.012411 0.011233
0.093552 0.093572 0.092721 0.091332 0.089618 0.087708 0.085677 0.083574 0.081428 0.079257 0.077073 0.074883 0.072690 0.070497 0.068306 0.066118 0.063933 0.061752 0.059575 0.057403 0.055236 0.053077 0.050924 0.048781 0.046647 0.044525 0.042416 0.040322 0.038246 0.036190 0.034159 0.032156 0.030187 0.028259 0.026381 0.024567 0.022838 0.021223 0.019772 0.018482 0.017270 0.016088 0.014915 0.013746 0.012576 0.011406 0.010236 0.009066 0.007898 0.006733
0.110830 0.105108 0.100205 0.095941 0.092185 0.088820 0.085750 0.082898 0.080208 0.077638 0.075157 0.072743 0.070379 0.068053 0.065757 0.063484 0.061230 0.058991 0.056765 0.054551 0.052347 0.050154 0.047971 0.045799 0.043638 0.041490 0.039355 0.037236 0.035134 0.033051 0.030991 0.028956 0.026952 0.024983 0.023057 0.021184 0.019378 0.017660 0.016062 0.014638 0.013363 0.012158 0.010979 0.009809 0.008643 0.007479 0.006318 0.005162 0.004020 0.002911
0.079646 0.080937 0.081220 0.080818 0.079945 0.078739 0.077292 0.075669 0.073914 0.072061 0.070133 0.068148 0.066120 0.064059 0.061972 0.059866 0.057745 0.055613 0.053474 0.051330 0.049183 0.047037 0.044892 0.042751 0.040615 0.038486 0.036367 0.034259 0.032164 0.030086 0.028027 0.025990 0.023979 0.022000 0.020059 0.018163 0.016326 0.014562 0.012896 0.011371 0.010026 0.008793 0.007606 0.006438 0.005279 0.004130 0.003000 0.001927 0.000944 0.000346
0.082596 0.081634 0.080405 0.078999 0.077470 0.075848 0.074147 0.072379 0.070553 0.068677 0.066759 0.064804 0.062817 0.060803 0.058767 0.056712 0.054641 0.052557 0.050464 0.048362 0.046255 0.044144 0.042032 0.039921 0.037812 0.035708 0.033611 0.031522 0.029445 0.027381 0.025334 0.023307 0.021304 0.019329 0.017390 0.015492 0.013647 0.011868 0.010177 0.008607 0.007208 0.005952 0.004762 0.003604 0.002475 0.001413 0.000556 0.000204 0.000075 0.000027
0.092710 0.089038 0.085641 0.082513 0.079629 0.076947 0.074421 0.072014 0.069696 0.067441 0.065233 0.063057 0.060903 0.058763 0.056633 0.054509 0.052388 0.050269 0.048151 0.046033 0.043917 0.041802 0.039689 0.037580 0.035476 0.033377 0.031286 0.029204 0.027134 0.025078 0.023038 0.021018 0.019021 0.017052 0.015116 0.013221 0.011377 0.009595 0.007896 0.006308 0.004879 0.003611 0.002431 0.001334 0.000508 0.000186 0.000068 0.000025 0.000009 0.000003
0.079646 0.078964 0.077793 0.076316 0.074652 0.072869 0.071003 0.069077 0.067107 0.065102 0.063071 0.061018 0.058949 0.056866 0.054772 0.052670 0.050561 0.048447 0.046330 0.044211 0.042092 0.039973 0.037857 0.035745 0.033637 0.031537 0.029444 0.027362 0.025292 0.023236 0.021197 0.019179 0.017184 0.015217 0.013284 0.011391 0.009547 0.007766 0.006064 0.004469 0.003022 0.001758 0.000722 0.000264 0.000097 0.000035 0.000013 0.000005 0.000002 0.000001
0.076696 0.076267 0.075363 0.074134 0.072686 0.071081 0.069357 0.067541 0.065653 0.063707 0.061715 0.059688 0.057633 0.055556 0.053463 0.051357 0.049242 0.047121 0.044996 0.042869 0.040742 0.038616 0.036494 0.034376 0.032264 0.030160 0.028064 0.025980 0.023909 0.021853 0.019814 0.017796 0.015802 0.013836 0.011904 0.010013 0.008171 0.006390 0.004688 0.003089 0.001636 0.000614 0.000225 0.000082 0.000030 0.000011 0.000004 0.000001 0.000001 0.000000
0.085967 0.083558 0.080977 0.078357 0.075774 0.073257 0.070807 0.068418 0.066081 0.063786 0.061526 0.059293 0.057082 0.054888 0.052707 0.050537 0.048375 0.046221 0.044074 0.041932 0.039796 0.037665 0.035541 0.033424 0.031314 0.029212 0.027120 0.025040 0.022972 0.020920 0.018885 0.016870 0.014879 0.012915 0.010985 0.009096 0.007255 0.005475 0.003773 0.002173 0.000862 0.000315 0.000115 0.000042 0.000015 0.000006 0.000002 0.000001 0.000000 0.000000
0.086810 0.083141 0.079833 0.076831 0.074080 0.071521 0.069106 0.066793 0.064555 0.062367 0.060215 0.058087 0.055973 0.053869 0.051770 0.049673 0.047577 0.045481 0.043383 0.041286 0.039188 0.037090 0.034994 0.032900 0.030810 0.028726 0.026648 0.024578 0.022519 0.020473 0.018442 0.016430 0.014441 0.012478 0.010548 0.008656 0.006813 0.005031 0.003326 0.001724 0.000636 0.000233 0.000085 0.000031 0.000011 0.000004 0.000002 0.000001 0.000000 0.000000
0.063633 0.065593 0.066509 0.066692 0.066350 0.065623 0.064605 0.063364 0.061949 0.060397 0.058737 0.056989 0.055172 0.053298 0.051377 0.049419 0.047429 0.045415 0.043379 0.041328 0.039264 0.037190 0.035110 0.033025 0.030940 0.028855 0.026773 0.024698 0.022630 0.020575 0.018533 0.016509 0.014507 0.012531 0.010588 0.008683 0.006828 0.005034 0.003319 0.001709 0.000629 0.000230 0.000084 0.000031 0.000011 0.000004 0.000002 0.000001 0.000000 0.000000
0.080489 0.078800 0.076966 0.075067 0.073146 0.071216 0.069275 0.067319 0.065345 0.063351 0.061336 0.059300 0.057245 0.055173 0.053084 0.050981 0.048866 0.046740 0.044607 0.042467 0.040323 0.038176 0.036028 0.033882 0.031738 0.029600 0.027468 0.025345 0.023234 0.021137 0.019057 0.016996 0.014960 0.012953 0.010980 0.009050 0.007171 0.005357 0.003627 0.002009 0.000768 0.000281 0.000103 0.000038 0.000014 0.000005 0.000002 0.000001 0.000000 0.000000
0.096081 0.091931 0.088113 0.084599 0.081345 0.078304 0.075432 0.072693 0.070057 0.067501 0.065008 0.062564 0.060158 0.057783 0.055432 0.053101 0.050786 0.048485 0.046196 0.043918 0.041651 0.039394 0.037147 0.034911 0.032686 0.030473 0.028275 0.026091 0.023923 0.021775 0.019648 0.017546 0.015472 0.013431 0.011428 0.009473 0.007575 0.005749 0.004015 0.002406 0.001021 0.000374 0.000137 0.000050 0.000018 0.000007 0.000002 0.000001 0.000000 0.000000
0.084281 0.083719 0.082482 0.080826 0.078913 0.076836 0.074654 0.072404 0.070111 0.067790 0.065453 0.063108 0.060760 0.058412 0.056066 0.053725 0.051391 0.049063 0.046743 0.044431 0.042129 0.039837 0.037555 0.035286 0.033029 0.030787 0.028560 0.026349 0.024158 0.021988 0.019842 0.017724 0.015636 0.013585 0.011578 0.009622 0.007730 0.005920 0.004216 0.002659 0.001289 0.000472 0.000173 0.000063 0.000023 0.000008 0.000003 0.000001 0.000000 0.000000
0.086389 0.083953 0.081603 0.079323 0.077099 0.074906 0.072727 0.070548 0.068361 0.066161 0.063948 0.061722 0.059485 0.057238 0.054984 0.052724 0.050460 0.048195 0.045930 0.043666 0.041407 0.039152 0.036904 0.034664 0.032434 0.030216 0.028011 0.025823 0.023652 0.021502 0.019377 0.017280 0.015216 0.013191 0.011213 0.009293 0.007445 0.005693 0.004068 0.002620 0.001321 0.000485 0.000177 0.000065 0.000024 0.000009 0.000003 0.000001 0.000000 0.000000
0.078803 0.078420 0.077335 0.075827 0.074069 0.072159 0.070156 0.068093 0.065991 0.063862 0.061714 0.059552 0.057379 0.055198 0.053011 0.050818 0.048622 0.046423 0.044222 0.042022 0.039823 0.037626 0.035435 0.033249 0.031071 0.028904 0.026748 0.024607 0.022484 0.020381 0.018303 0.016254 0.014240 0.012268 0.010349 0.008496 0.006729 0.005077 0.003587 0.002258 0.001036 0.000379 0.000139 0.000051 0.000019 0.000007 0.000002 0.000001 0.000000 0.000000
0.086810 0.082689 0.079126 0.075990 0.073176 0.070596 0.068178 0.065870 0.063633 0.061443 0.059279 0.057132 0.054992 0.052855 0.050718 0.048580 0.046439 0.044296 0.042151 0.040005 0.037861 0.035717 0.033578 0.031444 0.029317 0.027200 0.025095 0.023004 0.020932 0.018881 0.016857 0.014865 0.012912 0.011007 0.009163 0.007397 0.005738 0.004227 0.002885 0.001642 0.000639 0.000234 0.000086 0.000031 0.000011 0.000004 0.000002 0.000001 0.000000 0.000000
0.064897 0.066516 0.067023 0.066777 0.066015 0.064890 0.063507 0.061934 0.060223 0.058409 0.056518 0.054568 0.052574 0.050546 0.048493 0.046420 0.044332 0.042234 0.040130 0.038021 0.035910 0.033801 0.031695 0.029595 0.027503 0.025422 0.023355 0.021305 0.019275 0.017270 0.015295 0.013358 0.011465 0.009630 0.007869 0.006205 0.004679 0.003325 0.002080 0.000929 0.000340 0.000124 0.000046 0.000017 0.000006 0.000002 0.000001 0.000000 0.000000 0.000000
0.080489 0.077423 0.074541 0.071834 0.069277 0.066838 0.064487 0.062199 0.059956 0.057745 0.055557 0.053385 0.051224 0.049071 0.046925 0.044784 0.042647 0.040516 0.038390 0.036269 0.034155 0.032049 0.029953 0.027867 0.025794 0.023736 0.021696 0.019677 0.017683 0.015718 0.013790 0.011904 0.010073 0.008311 0.006639 0.005093 0.003716 0.002466 0.001285 0.000474 0.000174 0.000064 0.000023 0.000009 0.000003 0.000001 0.000000 0.000000 0.000000 0.000000
0.080067 0.076827 0.073743 0.070836 0.068099 0.065505 0.063025 0.060634 0.058310 0.056037 0.053804 0.051600 0.049419 0.047256 0.045108 0.042971 0.040845 0.038728 0.036620 0.034521 0.032431 0.030352 0.028284 0.026230 0.024190 0.022167 0.020164 0.018185 0.016234 0.014316 0.012438 0.010610 0.008845 0.007162 0.005589 0.004174 0.002907 0.001718 0.000693 0.000254 0.000093 0.000034 0.000012 0.000005 0.000002 0.000001 0.000000 0.000000 0.000000 0.000000
0.061947 0.062584 0.062415 0.061704 0.060627 0.059293 0.057775 0.056125 0.054377 0.052556 0.050681 0.048765 0.046819 0.044850 0.042864 0.040865 0.038858 0.036845 0.034828 0.032811 0.030796 0.028785 0.026780 0.024784 0.022800 0.020831 0.018880 0.016952 0.015052 0.013187 0.011364 0.009595 0.007895 0.006289 0.004813 0.003503 0.002297 0.001149 0.000421 0.000154 0.000056 0.000021 0.000008 0.000003 0.000001 0.000000 0.000000 0.000000 0.000000 0.000000
0.068268 0.066282 0.064261 0.062257 0.060298 0.058383 0.056498 0.054631 0.052770 0.050907 0.049037 0.047157 0.045265 0.043360 0.041443 0.039515 0.037577 0.035630 0.033678 0.031721 0.029762 0.027804 0.025848 0.023899 0.021958 0.020030 0.018119 0.016228 0.014365 0.012536 0.010751 0.009021 0.007365 0.005809 0.004396 0.003136 0.001960 0.000865 0.000317 0.000116 0.000042 0.000016 0.000006 0.000002 0.000001 0.000000 0.000000 0.000000 0.000000 0.000000
