0.082677 0.078006 0.073761 0.069832 0.066138 0.062622 0.059239 0.055953 0.052734 0.049554 0.046388 0.043212 0.040005 0.036747 0.033416 0.029994 0.026459 0.022794 0.018990 0.015044 0.010947 0.006756 0.002850 0.001043 0.000382 0.000140 0.000051 0.000019 0.000007 0.000003 0.000001 0.000000 0.000000 0.000000 0.000000 0.000000 0.000000 0.000000 0.000000 0.000000 0.000000 0.000000 0.000000 0.000000 0.000000 0.000000 0.000000 0.000000 0.000000 0.000000
0.074803 0.073248 0.070910 0.068057 0.064865 0.061445 0.057868 0.054174 0.050389 0.046529 0.042601 0.038617 0.034600 0.030563 0.026509 0.022430 0.018320 0.014277 0.010384 0.006627 0.003017 0.001104 0.000404 0.000148 0.000054 0.000020 0.000007 0.000003 0.000001 0.000000 0.000000 0.000000 0.000000 0.000000 0.000000 0.000000 0.000000 0.000000 0.000000 0.000000 0.000000 0.000000 0.000000 0.000000 0.000000 0.000000 0.000000 0.000000 0.000000 0.000000
0.096063 0.087033 0.079142 0.071995 0.065320 0.058931 0.052706 0.046594 0.040591 0.034701 0.028956 0.023560 0.018593 0.014013 0.009745 0.005716 0.002281 0.000835 0.000306 0.000112 0.000041 0.000015 0.000005 0.000002 0.000001 0.000000 0.000000 0.000000 0.000000 0.000000 0.000000 0.000000 0.000000 0.000000 0.000000 0.000000 0.000000 0.000000 0.000000 0.000000 0.000000 0.000000 0.000000 0.000000 0.000000 0.000000 0.000000 0.000000 0.000000 0.000000
0.073622 0.068732 0.062409 0.055095 0.047081 0.038607 0.030009 0.021890 0.014458 0.007679 0.002861 0.001047 0.000383 0.000140 0.000051 0.000019 0.000007 0.000003 0.000001 0.000000 0.000000 0.000000 0.000000 0.000000 0.000000 0.000000 0.000000 0.000000 0.000000 0.000000 0.000000 0.000000 0.000000 0.000000 0.000000 0.000000 0.000000 0.000000 0.000000 0.000000 0.000000 0.000000 0.000000 0.000000 0.000000 0.000000 0.000000 0.000000 0.000000 0.000000
0.098425 0.079453 0.061759 0.044914 0.028889 0.014296 0.005237 0.001917 0.000702 0.000257 0.000094 0.000034 0.000013 0.000005 0.000002 0.000001 0.000000 0.000000 0.000000 0.000000 0.000000 0.000000 0.000000 0.000000 0.000000 0.000000 0.000000 0.000000 0.000000 0.000000 0.000000 0.000000 0.000000 0.000000 0.000000 0.000000 0.000000 0.000000 0.000000 0.000000 0.000000 0.000000 0.000000 0.000000 0.000000 0.000000 0.000000 0.000000 0.000000 0.000000
0.083465 0.062973 0.041999 0.020950 0.007670 0.002807 0.001028 0.000376 0.000138 0.000050 0.000018 0.000007 0.000002 0.000001 0.000000 0.000000 0.000000 0.000000 0.000000 0.000000 0.000000 0.000000 0.000000 0.000000 0.000000 0.000000 0.000000 0.000000 0.000000 0.000000 0.000000 0.000000 0.000000 0.000000 0.000000 0.000000 0.000000 0.000000 0.000000 0.000000 0.000000 0.000000 0.000000 0.000000 0.000000 0.000000 0.000000 0.000000 0.000000 0.000000
0.091339 0.061639 0.032874 0.012195 0.004464 0.001634 0.000598 0.000219 0.000080 0.000029 0.000011 0.000004 0.000001 0.000001 0.000000 0.000000 0.000000 0.000000 0.000000 0.000000 0.000000 0.000000 0.000000 0.000000 0.000000 0.000000 0.000000 0.000000 0.000000 0.000000 0.000000 0.000000 0.000000 0.000000 0.000000 0.000000 0.000000 0.000000 0.000000 0.000000 0.000000 0.000000 0.000000 0.000000 0.000000 0.000000 0.000000 0.000000 0.000000 0.000000
0.084252 0.053001 0.023027 0.008428 0.003085 0.001129 0.000413 0.000151 0.000055 0.000020 0.000007 0.000003 0.000001 0.000000 0.000000 0.000000 0.000000 0.000000 0.000000 0.000000 0.000000 0.000000 0.000000 0.000000 0.000000 0.000000 0.000000 0.000000 0.000000 0.000000 0.000000 0.000000 0.000000 0.000000 0.000000 0.000000 0.000000 0.000000 0.000000 0.000000 0.000000 0.000000 0.000000 0.000000 0.000000 0.000000 0.000000 0.000000 0.000000 0.000000
0.088189 0.052943 0.021458 0.007854 0.002875 0.001052 0.000385 0.000141 0.000052 0.000019 0.000007 0.000003 0.000001 0.000000 0.000000 0.000000 0.000000 0.000000 0.000000 0.000000 0.000000 0.000000 0.000000 0.000000 0.000000 0.000000 0.000000 0.000000 0.000000 0.000000 0.000000 0.000000 0.000000 0.000000 0.000000 0.000000 0.000000 0.000000 0.000000 0.000000 0.000000 0.000000 0.000000 0.000000 0.000000 0.000000 0.000000 0.000000 0.000000 0.000000
0.087008 0.050084 0.019351 0.007083 0.002593 0.000949 0.000347 0.000127 0.000047 0.000017 0.000006 0.000002 0.000001 0.000000 0.000000 0.000000 0.000000 0.000000 0.000000 0.000000 0.000000 0.000000 0.000000 0.000000 0.000000 0.000000 0.000000 0.000000 0.000000 0.000000 0.000000 0.000000 0.000000 0.000000 0.000000 0.000000 0.000000 0.000000 0.000000 0.000000 0.000000 0.000000 0.000000 0.000000 0.000000 0.000000 0.000000 0.000000 0.000000 0.000000
0.091339 0.051253 0.019472 0.007127 0.002609 0.000955 0.000350 0.000128 0.000047 0.000017 0.000006 0.000002 0.000001 0.000000 0.000000 0.000000 0.000000 0.000000 0.000000 0.000000 0.000000 0.000000 0.000000 0.000000 0.000000 0.000000 0.000000 0.000000 0.000000 0.000000 0.000000 0.000000 0.000000 0.000000 0.000000 0.000000 0.000000 0.000000 0.000000 0.000000 0.000000 0.000000 0.000000 0.000000 0.000000 0.000000 0.000000 0.000000 0.000000 0.000000
0.078740 0.039849 0.014594 0.005342 0.001955 0.000716 0.000262 0.000096 0.000035 0.000013 0.000005 0.000002 0.000001 0.000000 0.000000 0.000000 0.000000 0.000000 0.000000 0.000000 0.000000 0.000000 0.000000 0.000000 0.000000 0.000000 0.000000 0.000000 0.000000 0.000000 0.000000 0.000000 0.000000 0.000000 0.000000 0.000000 0.000000 0.000000 0.000000 0.000000 0.000000 0.000000 0.000000 0.000000 0.000000 0.000000 0.000000 0.000000 0.000000 0.000000
0.069685 0.032612 0.011937 0.004369 0.001599 0.000585 0.000214 0.000078 0.000029 0.000011 0.000004 0.000001 0.000001 0.000000 0.000000 0.000000 0.000000 0.000000 0.000000 0.000000 0.000000 0.000000 0.000000 0.000000 0.000000 0.000000 0.000000 0.000000 0.000000 0.000000 0.000000 0.000000 0.000000 0.000000 0.000000 0.000000 0.000000 0.000000 0.000000 0.000000 0.000000 0.000000 0.000000 0.000000 0.000000 0.000000 0.000000 0.000000 0.000000 0.000000
0.090945 0.048617 0.018019 0.006596 0.002414 0.000884 0.000323 0.000118 0.000043 0.000016 0.000006 0.000002 0.000001 0.000000 0.000000 0.000000 0.000000 0.000000 0.000000 0.000000 0.000000 0.000000 0.000000 0.000000 0.000000 0.000000 0.000000 0.000000 0.000000 0.000000 0.000000 0.000000 0.000000 0.000000 0.000000 0.000000 0.000000 0.000000 0.000000 0.000000 0.000000 0.000000 0.000000 0.000000 0.000000 0.000000 0.000000 0.000000 0.000000 0.000000
0.091339 0.049908 0.018639 0.006823 0.002497 0.000914 0.000335 0.000122 0.000045 0.000016 0.000006 0.000002 0.000001 0.000000 0.000000 0.000000 0.000000 0.000000 0.000000 0.000000 0.000000 0.000000 0.000000 0.000000 0.000000 0.000000 0.000000 0.000000 0.000000 0.000000 0.000000 0.000000 0.000000 0.000000 0.000000 0.000000 0.000000 0.000000 0.000000 0.000000 0.000000 0.000000 0.000000 0.000000 0.000000 0.000000 0.000000 0.000000 0.000000 0.000000
0.082677 0.043922 0.016211 0.005934 0.002172 0.000795 0.000291 0.000107 0.000039 0.000014 0.000005 0.000002 0.000001 0.000000 0.000000 0.000000 0.000000 0.000000 0.000000 0.000000 0.000000 0.000000 0.000000 0.000000 0.000000 0.000000 0.000000 0.000000 0.000000 0.000000 0.000000 0.000000 0.000000 0.000000 0.000000 0.000000 0.000000 0.000000 0.000000 0.000000 0.000000 0.000000 0.000000 0.000000 0.000000 0.000000 0.000000 0.000000 0.000000 0.000000
0.093701 0.054723 0.021393 0.007831 0.002866 0.001049 0.000384 0.000141 0.000051 0.000019 0.000007 0.000003 0.000001 0.000000 0.000000 0.000000 0.000000 0.000000 0.000000 0.000000 0.000000 0.000000 0.000000 0.000000 0.000000 0.000000 0.000000 0.000000 0.000000 0.000000 0.000000 0.000000 0.000000 0.000000 0.000000 0.000000 0.000000 0.000000 0.000000 0.000000 0.000000 0.000000 0.000000 0.000000 0.000000 0.000000 0.000000 0.000000 0.000000 0.000000
0.110236 0.069855 0.031075 0.011375 0.004163 0.001524 0.000558 0.000204 0.000075 0.000027 0.000010 0.000004 0.000001 0.000000 0.000000 0.000000 0.000000 0.000000 0.000000 0.000000 0.000000 0.000000 0.000000 0.000000 0.000000 0.000000 0.000000 0.000000 0.000000 0.000000 0.000000 0.000000 0.000000 0.000000 0.000000 0.000000 0.000000 0.000000 0.000000 0.000000 0.000000 0.000000 0.000000 0.000000 0.000000 0.000000 0.000000 0.000000 0.000000 0.000000
0.099606 0.063722 0.028745 0.010521 0.003851 0.001410 0.000516 0.000189 0.000069 0.000025 0.000009 0.000003 0.000001 0.000000 0.000000 0.000000 0.000000 0.000000 0.000000 0.000000 0.000000 0.000000 0.000000 0.000000 0.000000 0.000000 0.000000 0.000000 0.000000 0.000000 0.000000 0.000000 0.000000 0.000000 0.000000 0.000000 0.000000 0.000000 0.000000 0.000000 0.000000 0.000000 0.000000 0.000000 0.000000 0.000000 0.000000 0.000000 0.000000 0.000000
0.082283 0.053697 0.024675 0.009032 0.003306 0.001210 0.000443 0.000162 0.000059 0.000022 0.000008 0.000003 0.000001 0.000000 0.000000 0.000000 0.000000 0.000000 0.000000 0.000000 0.000000 0.000000 0.000000 0.000000 0.000000 0.000000 0.000000 0.000000 0.000000 0.000000 0.000000 0.000000 0.000000 0.000000 0.000000 0.000000 0.000000 0.000000 0.000000 0.000000 0.000000 0.000000 0.000000 0.000000 0.000000 0.000000 0.000000 0.000000 0.000000 0.000000
0.105118 0.074233 0.044275 0.017943 0.006568 0.002404 0.000880 0.000322 0.000118 0.000043 0.000016 0.000006 0.000002 0.000001 0.000000 0.000000 0.000000 0.000000 0.000000 0.000000 0.000000 0.000000 0.000000 0.000000 0.000000 0.000000 0.000000 0.000000 0.000000 0.000000 0.000000 0.000000 0.000000 0.000000 0.000000 0.000000 0.000000 0.000000 0.000000 0.000000 0.000000 0.000000 0.000000 0.000000 0.000000 0.000000 0.000000 0.000000 0.000000 0.000000
0.087795 0.067196 0.045729 0.023656 0.008682 0.003178 0.001163 0.000426 0.000156 0.000057 0.000021 0.000008 0.000003 0.000001 0.000000 0.000000 0.000000 0.000000 0.000000 0.000000 0.000000 0.000000 0.000000 0.000000 0.000000 0.000000 0.000000 0.000000 0.000000 0.000000 0.000000 0.000000 0.000000 0.000000 0.000000 0.000000 0.000000 0.000000 0.000000 0.000000 0.000000 0.000000 0.000000 0.000000 0.000000 0.000000 0.000000 0.000000 0.000000 0.000000
0.096850 0.077034 0.058074 0.039554 0.021395 0.008001 0.002929 0.001072 0.000392 0.000144 0.000053 0.000019 0.000007 0.000003 0.000001 0.000000 0.000000 0.000000 0.000000 0.000000 0.000000 0.000000 0.000000 0.000000 0.000000 0.000000 0.000000 0.000000 0.000000 0.000000 0.000000 0.000000 0.000000 0.000000 0.000000 0.000000 0.000000 0.000000 0.000000 0.000000 0.000000 0.000000 0.000000 0.000000 0.000000 0.000000 0.000000 0.000000 0.000000 0.000000
0.069685 0.062863 0.054479 0.044836 0.034117 0.022561 0.010891 0.003986 0.001459 0.000534 0.000195 0.000072 0.000026 0.000010 0.000004 0.000001 0.000000 0.000000 0.000000 0.000000 0.000000 0.000000 0.000000 0.000000 0.000000 0.000000 0.000000 0.000000 0.000000 0.000000 0.000000 0.000000 0.000000 0.000000 0.000000 0.000000 0.000000 0.000000 0.000000 0.000000 0.000000 0.000000 0.000000 0.000000 0.000000 0.000000 0.000000 0.000000 0.000000 0.000000
0.097244 0.088093 0.078978 0.069757 0.060302 0.050487 0.040204 0.029510 0.018933 0.008957 0.003279 0.001200 0.000439 0.000161 0.000059 0.000022 0.000008 0.000003 0.000001 0.000000 0.000000 0.000000 0.000000 0.000000 0.000000 0.000000 0.000000 0.000000 0.000000 0.000000 0.000000 0.000000 0.000000 0.000000 0.000000 0.000000 0.000000 0.000000 0.000000 0.000000 0.000000 0.000000 0.000000 0.000000 0.000000 0.000000 0.000000 0.000000 0.000000 0.000000
0.108661 0.099586 0.091056 0.082814 0.074652 0.066380 0.057809 0.048729 0.039035 0.029087 0.019285 0.010069 0.003723 0.001363 0.000499 0.000183 0.000067 0.000024 0.000009 0.000003 0.000001 0.000000 0.000000 0.000000 0.000000 0.000000 0.000000 0.000000 0.000000 0.000000 0.000000 0.000000 0.000000 0.000000 0.000000 0.000000 0.000000 0.000000 0.000000 0.000000 0.000000 0.000000 0.000000 0.000000 0.000000 0.000000 0.000000 0.000000 0.000000 0.000000
0.081102 0.080135 0.077810 0.074407 0.070098 0.064966 0.059014 0.052169 0.044629 0.036683 0.028475 0.020101 0.011702 0.004612 0.001688 0.000618 0.000226 0.000083 0.000030 0.000011 0.000004 0.000001 0.000001 0.000000 0.000000 0.000000 0.000000 0.000000 0.000000 0.000000 0.000000 0.000000 0.000000 0.000000 0.000000 0.000000 0.000000 0.000000 0.000000 0.000000 0.000000 0.000000 0.000000 0.000000 0.000000 0.000000 0.000000 0.000000 0.000000 0.000000
0.100000 0.093876 0.088103 0.082447 0.076724 0.070772 0.064419 0.057488 0.050124 0.042537 0.034804 0.026949 0.018974 0.010917 0.004231 0.001549 0.000567 0.000207 0.000076 0.000028 0.000010 0.000004 0.000001 0.000000 0.000000 0.000000 0.000000 0.000000 0.000000 0.000000 0.000000 0.000000 0.000000 0.000000 0.000000 0.000000 0.000000 0.000000 0.000000 0.000000 0.000000 0.000000 0.000000 0.000000 0.000000 0.000000 0.000000 0.000000 0.000000 0.000000
0.102362 0.097432 0.092337 0.087068 0.081585 0.075819 0.069663 0.062953 0.055662 0.048090 0.040395 0.032627 0.024790 0.016877 0.008908 0.003288 0.001203 0.000440 0.000161 0.000059 0.000022 0.000008 0.000003 0.000001 0.000000 0.000000 0.000000 0.000000 0.000000 0.000000 0.000000 0.000000 0.000000 0.000000 0.000000 0.000000 0.000000 0.000000 0.000000 0.000000 0.000000 0.000000 0.000000 0.000000 0.000000 0.000000 0.000000 0.000000 0.000000 0.000000
0.101181 0.097192 0.092950 0.088428 0.083588 0.078380 0.072722 0.066482 0.059532 0.052159 0.044615 0.036992 0.029313 0.021572 0.013757 0.006120 0.002240 0.000820 0.000300 0.000110 0.000040 0.000015 0.000005 0.000002 0.000001 0.000000 0.000000 0.000000 0.000000 0.000000 0.000000 0.000000 0.000000 0.000000 0.000000 0.000000 0.000000 0.000000 0.000000 0.000000 0.000000 0.000000 0.000000 0.000000 0.000000 0.000000 0.000000 0.000000 0.000000 0.000000
0.105512 0.101242 0.096715 0.091939 0.086895 0.081532 0.075764 0.069445 0.062525 0.055303 0.047955 0.040543 0.033083 0.025567 0.017983 0.010317 0.003972 0.001454 0.000532 0.000195 0.000071 0.000026 0.000010 0.000003 0.000001 0.000000 0.000000 0.000000 0.000000 0.000000 0.000000 0.000000 0.000000 0.000000 0.000000 0.000000 0.000000 0.000000 0.000000 0.000000 0.000000 0.000000 0.000000 0.000000 0.000000 0.000000 0.000000 0.000000 0.000000 0.000000
0.112205 0.106303 0.100716 0.095271 0.089821 0.084228 0.078342 0.071976 0.065143 0.058114 0.051011 0.043868 0.036687 0.029456 0.022160 0.014782 0.007337 0.002686 0.000983 0.000360 0.000132 0.000048 0.000018 0.000006 0.000002 0.000001 0.000000 0.000000 0.000000 0.000000 0.000000 0.000000 0.000000 0.000000 0.000000 0.000000 0.000000 0.000000 0.000000 0.000000 0.000000 0.000000 0.000000 0.000000 0.000000 0.000000 0.000000 0.000000 0.000000 0.000000
0.099606 0.097723 0.095145 0.091970 0.088251 0.083994 0.079159 0.073636 0.067484 0.061013 0.054380 0.047649 0.040840 0.033955 0.026990 0.019935 0.012777 0.005746 0.002103 0.000770 0.000282 0.000103 0.000038 0.000014 0.000005 0.000002 0.000001 0.000000 0.000000 0.000000 0.000000 0.000000 0.000000 0.000000 0.000000 0.000000 0.000000 0.000000 0.000000 0.000000 0.000000 0.000000 0.000000 0.000000 0.000000 0.000000 0.000000 0.000000 0.000000 0.000000
0.113780 0.109509 0.105126 0.100607 0.095909 0.090966 0.085681 0.079908 0.073544 0.066888 0.060151 0.053402 0.046651 0.039889 0.033098 0.026258 0.019348 0.012352 0.005545 0.002029 0.000743 0.000272 0.000100 0.000036 0.000013 0.000005 0.000002 0.000001 0.000000 0.000000 0.000000 0.000000 0.000000 0.000000 0.000000 0.000000 0.000000 0.000000 0.000000 0.000000 0.000000 0.000000 0.000000 0.000000 0.000000 0.000000 0.000000 0.000000 0.000000 0.000000
0.123228 0.116755 0.110912 0.105455 0.100185 0.094929 0.089516 0.083746 0.077528 0.071129 0.064703 0.058293 0.051898 0.045504 0.039090 0.032635 0.026117 0.019517 0.012820 0.006177 0.002261 0.000828 0.000303 0.000111 0.000041 0.000015 0.000005 0.000002 0.000001 0.000000 0.000000 0.000000 0.000000 0.000000 0.000000 0.000000 0.000000 0.000000 0.000000 0.000000 0.000000 0.000000 0.000000 0.000000 0.000000 0.000000 0.000000 0.000000 0.000000 0.000000
0.100787 0.100382 0.099077 0.097056 0.094429 0.091239 0.087473 0.083049 0.078021 0.072683 0.067193 0.061610 0.055958 0.050242 0.044457 0.038596 0.032649 0.026602 0.020443 0.014162 0.007861 0.002975 0.001089 0.000399 0.000146 0.000053 0.000020 0.000007 0.000003 0.000001 0.000000 0.000000 0.000000 0.000000 0.000000 0.000000 0.000000 0.000000 0.000000 0.000000 0.000000 0.000000 0.000000 0.000000 0.000000 0.000000 0.000000 0.000000 0.000000 0.000000
0.105906 0.103815 0.101588 0.099144 0.096425 0.093373 0.089915 0.085939 0.081346 0.076382 0.071269 0.066090 0.060871 0.055617 0.050320 0.044968 0.039550 0.034049 0.028452 0.022743 0.016910 0.010990 0.005232 0.001915 0.000701 0.000257 0.000094 0.000034 0.000013 0.000005 0.000002 0.000001 0.000000 0.000000 0.000000 0.000000 0.000000 0.000000 0.000000 0.000000 0.000000 0.000000 0.000000 0.000000 0.000000 0.000000 0.000000 0.000000 0.000000 0.000000
0.116142 0.112623 0.109123 0.105644 0.102155 0.098594 0.094873 0.090876 0.086432 0.081567 0.076577 0.071597 0.066662 0.061768 0.056896 0.052026 0.047135 0.042201 0.037204 0.032124 0.026944 0.021646 0.016229 0.010789 0.005553 0.002041 0.000747 0.000273 0.000100 0.000037 0.000013 0.000005 0.000002 0.000001 0.000000 0.000000 0.000000 0.000000 0.000000 0.000000 0.000000 0.000000 0.000000 0.000000 0.000000 0.000000 0.000000 0.000000 0.000000 0.000000
0.117323 0.112789 0.109016 0.105697 0.102612 0.099592 0.096495 0.093180 0.089477 0.085349 0.081067 0.076773 0.072511 0.068283 0.064079 0.059881 0.055674 0.051438 0.047157 0.042812 0.038387 0.033865 0.029231 0.024475 0.019603 0.014682 0.009916 0.005387 0.002020 0.000739 0.000271 0.000099 0.000036 0.000013 0.000005 0.000002 0.000001 0.000000 0.000000 0.000000 0.000000 0.000000 0.000000 0.000000 0.000000 0.000000 0.000000 0.000000 0.000000 0.000000
0.092913 0.096706 0.098807 0.099692 0.099674 0.098951 0.097634 0.095762 0.093306 0.090259 0.086909 0.083444 0.079944 0.076439 0.072938 0.069441 0.065941 0.062430 0.058896 0.055327 0.051710 0.048031 0.044276 0.040433 0.036489 0.032436 0.028280 0.024040 0.019759 0.015606 0.011671 0.007952 0.004423 0.001681 0.000615 0.000225 0.000082 0.000030 0.000011 0.000004 0.000001 0.000001 0.000000 0.000000 0.000000 0.000000 0.000000 0.000000 0.000000 0.000000
0.127953 0.122829 0.118836 0.115588 0.112810 0.110297 0.107891 0.105454 0.102851 0.099922 0.096662 0.093329 0.090051 0.086866 0.083776 0.080775 0.077848 0.074983 0.072165 0.069381 0.066617 0.063859 0.061095 0.058311 0.055494 0.052632 0.049714 0.046728 0.043669 0.040538 0.037351 0.034121 0.030859 0.027585 0.024422 0.021441 0.018639 0.015992 0.013473 0.011058 0.008728 0.006465 0.004257 0.002093 0.000766 0.000280 0.000103 0.000038 0.000014 0.000005
0.122441 0.121268 0.119953 0.118552 0.117089 0.115564 0.113959 0.112237 0.110345 0.108196 0.105673 0.102859 0.100030 0.097311 0.094742 0.092331 0.090071 0.087956 0.085975 0.084118 0.082374 0.080733 0.079184 0.077715 0.076312 0.074961 0.073646 0.072348 0.071047 0.069722 0.068355 0.066929 0.065429 0.063845 0.062172 0.060417 0.058588 0.056693 0.054735 0.052717 0.050640 0.048507 0.046317 0.044073 0.041803 0.039594 0.037474 0.035440 0.033479 0.031577
0.120079 0.120753 0.120928 0.120742 0.120288 0.119630 0.118801 0.117815 0.116661 0.115303 0.113668 0.111675 0.109533 0.107478 0.105609 0.103960 0.102545 0.101367 0.100426 0.099720 0.099244 0.098989 0.098938 0.099073 0.099372 0.099812 0.100359 0.100971 0.101611 0.102246 0.102849 0.103397 0.103873 0.104259 0.104541 0.104710 0.104758 0.104679 0.104470 0.104130 0.103659 0.103056 0.102324 0.101466 0.100485 0.099391 0.098198 0.096914 0.095546 0.094097
0.138976 0.135840 0.133370 0.131384 0.129752 0.128376 0.127182 0.126112 0.125107 0.124112 0.123056 0.121845 0.120444 0.119113 0.118022 0.117243 0.116807 0.116731 0.117016 0.117657 0.118623 0.119864 0.121333 0.122986 0.124791 0.126690 0.128579 0.130417 0.132202 0.133936 0.135625 0.137272 0.138877 0.140440 0.141960 0.143432 0.144853 0.146220 0.147529 0.148778 0.149962 0.151080 0.152129 0.153107 0.154013 0.154839 0.155560 0.156157 0.156617 0.156931
0.140157 0.139371 0.138492 0.137617 0.136806 0.136092 0.135491 0.135006 0.134630 0.134346 0.134125 0.133925 0.133680 0.133364 0.133222 0.133457 0.134135 0.135249 0.136756 0.138568 0.140483 0.142414 0.144346 0.146287 0.148247 0.150235 0.152252 0.154292 0.156348 0.158414 0.160486 0.162561 0.164637 0.166710 0.168779 0.170842 0.172896 0.174938 0.176968 0.178981 0.180976 0.182950 0.184900 0.186825 0.188723 0.190590 0.192425 0.194220 0.195971 0.197672
0.148032 0.146447 0.145262 0.144416 0.143866 0.143581 0.143540 0.143725 0.144123 0.144722 0.145513 0.146481 0.147609 0.148864 0.150201 0.151648 0.153277 0.154982 0.156728 0.158524 0.160376 0.162279 0.164226 0.166214 0.168241 0.170304 0.172403 0.174538 0.176705 0.178903 0.181130 0.183384 0.185662 0.187962 0.190283 0.192622 0.194977 0.197347 0.199729 0.202121 0.204522 0.206929 0.209342 0.211756 0.214172 0.216587 0.218999 0.221406 0.223806 0.226197
0.143307 0.143661 0.144161 0.144807 0.145603 0.146560 0.147690 0.149010 0.150538 0.152292 0.154294 0.156568 0.159135 0.161948 0.164730 0.167275 0.169496 0.171433 0.173304 0.175201 0.177138 0.179121 0.181153 0.183236 0.185369 0.187546 0.189766 0.192027 0.194326 0.196662 0.199035 0.201444 0.203887 0.206363 0.208872 0.211410 0.213977 0.216571 0.219190 0.221832 0.224495 0.227178 0.229881 0.232601 0.235337 0.238089 0.240855 0.243635 0.246427 0.249230
0.139764 0.141723 0.143489 0.145170 0.146851 0.148602 0.150483 0.152545 0.154835 0.157399 0.160282 0.163535 0.167131 0.170823 0.174459 0.177956 0.181248 0.184274 0.186994 0.189393 0.191614 0.193835 0.196109 0.198436 0.200799 0.203189 0.205608 0.208062 0.210556 0.213093 0.215674 0.218297 0.220961 0.223663 0.226402 0.229172 0.231972 0.234799 0.237652 0.240530 0.243435 0.246365 0.249321 0.252305 0.255315 0.258352 0.261416 0.264506 0.267622 0.270764
0.156299 0.155531 0.155126 0.155110 0.155489 0.156270 0.157457 0.159059 0.161091 0.163575 0.166544 0.170041 0.174026 0.178215 0.182436 0.186613 0.190705 0.194679 0.198499 0.202130 0.205541 0.208729 0.211698 0.214443 0.216988 0.219509 0.222104 0.224792 0.227566 0.230413 0.233317 0.236266 0.239251 0.242261 0.245286 0.248320 0.251363 0.254424 0.257513 0.260637 0.263799 0.267003 0.270250 0.273541 0.276876 0.280254 0.283675 0.287137 0.290641 0.294186
0.173622 0.169882 0.167453 0.166021 0.165382 0.165410 0.166026 0.167193 0.168896 0.171145 0.173965 0.177398 0.181442 0.185817 0.190323 0.194877 0.199440 0.203991 0.208513 0.212988 0.217398 0.221724 0.225949 0.230056 0.234030 0.237870 0.241594 0.245223 0.248773 0.252255 0.255674 0.259030 0.262320 0.265535 0.268662 0.271733 0.274870 0.278121 0.281488 0.284962 0.288532 0.292186 0.295916 0.299716 0.303581 0.307507 0.311491 0.315530 0.319622 0.323766
0.153150 0.158727 0.162553 0.165286 0.167391 0.169198 0.170947 0.172815 0.174937 0.177425 0.180376 0.183882 0.188011 0.192554 0.197282 0.202104 0.206985 0.211910 0.216869 0.221856 0.226864 0.231885 0.236911 0.241933 0.246940 0.251924 0.256877 0.261796 0.266678 0.271523 0.276332 0.281104 0.285839 0.290535 0.295191 0.299803 0.304381 0.308943 0.313508 0.318090 0.322699 0.327344 0.332031 0.336762 0.341542 0.346373 0.351255 0.356189 0.361177 0.366218
0.207087 0.197822 0.191228 0.186639 0.183596 0.181781 0.180982 0.181059 0.181926 0.183539 0.185885 0.188977 0.192852 0.197352 0.202165 0.207148 0.212243 0.217427 0.222687 0.228017 0.233413 0.238869 0.244380 0.249943 0.255553 0.261202 0.266887 0.272602 0.278343 0.284103 0.289880 0.295671 0.301472 0.307279 0.313091 0.318905 0.324717 0.330528 0.336339 0.342153 0.347972 0.353800 0.359642 0.365499 0.371375 0.377273 0.383195 0.389143 0.395120 0.401125
0.166142 0.168746 0.170552 0.171944 0.173185 0.174463 0.175916 0.177647 0.179741 0.182274 0.185315 0.188937 0.193219 0.198095 0.203271 0.208606 0.214045 0.219569 0.225171 0.230848 0.236599 0.242421 0.248312 0.254270 0.260292 0.266376 0.272517 0.278713 0.284960 0.291254 0.297590 0.303966 0.310377 0.316820 0.323293 0.329791 0.336311 0.342852 0.349410 0.355984 0.362574 0.369178 0.375798 0.382432 0.389082 0.395748 0.402431 0.409131 0.415849 0.422586
0.162992 0.164458 0.165895 0.167349 0.168877 0.170542 0.172409 0.174542 0.177004 0.179859 0.183174 0.187020 0.191479 0.196553 0.201975 0.207581 0.213306 0.219125 0.225029 0.231012 0.237070 0.243202 0.249405 0.255676 0.262012 0.268411 0.274869 0.281384 0.287952 0.294569 0.301233 0.307942 0.314691 0.321478 0.328302 0.335158 0.342046 0.348964 0.355911 0.362887 0.369891 0.376923 0.383980 0.391062 0.398168 0.405296 0.412446 0.419618 0.426809 0.434020
0.177953 0.175257 0.173429 0.172350 0.171932 0.172114 0.172855 0.174138 0.175957 0.178324 0.181265 0.184818 0.189037 0.193982 0.199492 0.205284 0.211234 0.217292 0.223439 0.229664 0.235963 0.242332 0.248766 0.255264 0.261821 0.268434 0.275101 0.281819 0.288585 0.295398 0.302256 0.309160 0.316108 0.323100 0.330133 0.337207 0.344321 0.351482 0.358691 0.365945 0.373240 0.380573 0.387942 0.395342 0.402773 0.410231 0.417716 0.425225 0.432756 0.440310
0.170472 0.169694 0.169195 0.169004 0.169151 0.169666 0.170580 0.171925 0.173735 0.176048 0.178906 0.182357 0.186463 0.191294 0.196836 0.202765 0.208883 0.215110 0.221419 0.227798 0.234240 0.240744 0.247307 0.253926 0.260599 0.267326 0.274107 0.280941 0.287828 0.294771 0.301779 0.308850 0.315980 0.323166 0.330403 0.337689 0.345020 0.352395 0.359811 0.367268 0.374763 0.382296 0.389863 0.397464 0.405097 0.412761 0.420452 0.428171 0.435916 0.443684
0.166535 0.166587 0.166580 0.166676 0.166986 0.167591 0.168555 0.169927 0.171753 0.174075 0.176939 0.180397 0.184506 0.189339 0.194866 0.200768 0.206859 0.213067 0.219363 0.225735 0.232178 0.238691 0.245271 0.251917 0.258635 0.265430 0.272302 0.279245 0.286257 0.293332 0.300469 0.307664 0.314915 0.322221 0.329579 0.336986 0.344440 0.351939 0.359480 0.367063 0.374685 0.382344 0.390039 0.397769 0.405531 0.413324 0.421148 0.429000 0.436880 0.444786
0.170079 0.166758 0.164652 0.163496 0.163117 0.163400 0.164278 0.165710 0.167684 0.170202 0.173284 0.176963 0.181286 0.186312 0.191884 0.197738 0.203759 0.209901 0.216146 0.222485 0.228920 0.235454 0.242080 0.248794 0.255590 0.262465 0.269415 0.276437 0.283528 0.290684 0.297902 0.305180 0.312514 0.319903 0.327344 0.334835 0.342373 0.349957 0.357584 0.365253 0.372962 0.380709 0.388492 0.396311 0.404163 0.412047 0.419963 0.427908 0.435881 0.443882
0.136220 0.140017 0.143060 0.145678 0.148105 0.150508 0.153010 0.155707 0.158676 0.161986 0.165700 0.169884 0.174608 0.179936 0.185703 0.191698 0.197845 0.204115 0.210491 0.216967 0.223535 0.230193 0.236935 0.243759 0.250662 0.257640 0.264689 0.271808 0.278992 0.286239 0.293546 0.300911 0.308331 0.315804 0.323328 0.330900 0.338519 0.346182 0.353889 0.361636 0.369423 0.377247 0.385108 0.393003 0.400932 0.408893 0.416885 0.424907 0.432958 0.441035
0.141732 0.140565 0.140344 0.140835 0.141889 0.143417 0.145368 0.147720 0.150472 0.153636 0.157236 0.161311 0.165913 0.171109 0.176912 0.183070 0.189414 0.195883 0.202452 0.209111 0.215853 0.222675 0.229574 0.236546 0.243590 0.250701 0.257879 0.265119 0.272420 0.279779 0.287194 0.294663 0.302184 0.309754 0.317372 0.325036 0.332744 0.340494 0.348285 0.356115 0.363983 0.371887 0.379825 0.387798 0.395802 0.403838 0.411904 0.419998 0.428121 0.436270
0.129921 0.131586 0.132979 0.134307 0.135709 0.137280 0.139087 0.141179 0.143597 0.146379 0.149560 0.153189 0.157312 0.161977 0.167236 0.173119 0.179473 0.186051 0.192762 0.199570 0.206461 0.213429 0.220468 0.227577 0.234751 0.241989 0.249288 0.256645 0.264059 0.271528 0.279048 0.286619 0.294239 0.301905 0.309615 0.317369 0.325165 0.333000 0.340874 0.348785 0.356732 0.364713 0.372727 0.380772 0.388849 0.396955 0.405090 0.413252 0.421441 0.429655
0.137008 0.135141 0.134076 0.133651 0.133760 0.134335 0.135336 0.136741 0.138540 0.140735 0.143343 0.146387 0.149896 0.153897 0.158429 0.163535 0.169254 0.175567 0.182245 0.189098 0.196063 0.203114 0.210239 0.217434 0.224694 0.232017 0.239399 0.246839 0.254334 0.261882 0.269480 0.277128 0.284822 0.292562 0.300345 0.308170 0.316034 0.323938 0.331878 0.339854 0.347864 0.355907 0.363981 0.372086 0.380221 0.388383 0.396573 0.404789 0.413030 0.421295
0.124016 0.124934 0.125717 0.126502 0.127379 0.128413 0.129649 0.131122 0.132860 0.134888 0.137238 0.139944 0.143034 0.146536 0.150483 0.154909 0.159856 0.165370 0.171477 0.178113 0.185021 0.192070 0.199217 0.206442 0.213736 0.221095 0.228515 0.235994 0.243529 0.251117 0.258756 0.266445 0.274180 0.281960 0.289784 0.297648 0.305552 0.313494 0.321472 0.329485 0.337531 0.345609 0.353717 0.361855 0.370021 0.378213 0.386432 0.394675 0.402942 0.411231
0.124016 0.122870 0.122357 0.122328 0.122686 0.123374 0.124359 0.125623 0.127161 0.128977 0.131085 0.133508 0.136266 0.139378 0.142865 0.146754 0.151075 0.155863 0.161160 0.167008 0.173420 0.180289 0.187373 0.194575 0.201863 0.209222 0.216646 0.224130 0.231670 0.239263 0.246908 0.254602 0.262342 0.270127 0.277955 0.285822 0.293729 0.301672 0.309650 0.317662 0.325706 0.333781 0.341884 0.350015 0.358172 0.366354 0.374560 0.382788 0.391038 0.399308
0.105512 0.108252 0.110395 0.112181 0.113777 0.115303 0.116842 0.118457 0.120195 0.122093 0.124190 0.126520 0.129109 0.131979 0.135150 0.138645 0.142489 0.146708 0.151336 0.156409 0.161967 0.168047 0.174653 0.181680 0.188896 0.196211 0.203602 0.211055 0.218564 0.226125 0.233736 0.241393 0.249095 0.256840 0.264624 0.272447 0.280306 0.288199 0.296126 0.304083 0.312069 0.320083 0.328123 0.336186 0.344273 0.352381 0.360510 0.368657 0.376822 0.385003
0.115748 0.113783 0.112633 0.112104 0.112062 0.112414 0.113096 0.114068 0.115302 0.116786 0.118523 0.120514 0.122763 0.125274 0.128056 0.131120 0.134480 0.138151 0.142156 0.146519 0.151267 0.156436 0.162060 0.168171 0.174770 0.181802 0.189053 0.196392 0.203792 0.211249 0.218756 0.226308 0.233899 0.241527 0.249192 0.256892 0.264624 0.272387 0.280177 0.287992 0.295831 0.303691 0.311571 0.319469 0.327384 0.335314 0.343259 0.351218 0.359189 0.367171
0.105906 0.105912 0.106057 0.106352 0.106806 0.107424 0.108212 0.109174 0.110314 0.111642 0.113169 0.114901 0.116845 0.119008 0.121396 0.124018 0.126883 0.130002 0.133390 0.137061 0.141035 0.145333 0.149979 0.155004 0.160437 0.166305 0.172614 0.179341 0.186427 0.193668 0.200956 0.208267 0.215610 0.222994 0.230417 0.237870 0.245346 0.252840 0.260349 0.267870 0.275402 0.282946 0.290500 0.298066 0.305643 0.313230 0.320826 0.328429 0.336037 0.343648
0.093701 0.095987 0.097715 0.099104 0.100299 0.101403 0.102485 0.103595 0.104769 0.106032 0.107413 0.108931 0.110601 0.112433 0.114436 0.116617 0.118985 0.121548 0.124315 0.127296 0.130501 0.133945 0.137640 0.141604 0.145856 0.150418 0.155312 0.160558 0.166173 0.172150 0.178460 0.185071 0.191952 0.198974 0.206001 0.212996 0.219962 0.226908 0.233847 0.240786 0.247734 0.254694 0.261671 0.268666 0.275676 0.282692 0.289705 0.296710 0.303702 0.310678
0.107087 0.103655 0.101488 0.100199 0.099528 0.099304 0.099410 0.099772 0.100338 0.101076 0.101967 0.103003 0.104185 0.105513 0.106986 0.108602 0.110362 0.112268 0.114320 0.116521 0.118877 0.121390 0.124067 0.126915 0.129943 0.133159 0.136575 0.140204 0.144060 0.148155 0.152499 0.157098 0.161953 0.167057 0.172382 0.177892 0.183553 0.189342 0.195237 0.201225 0.207293 0.213432 0.219636 0.225878 0.232077 0.238202 0.244253 0.250237 0.256165 0.262044
0.079921 0.084310 0.087313 0.089401 0.090893 0.092000 0.092868 0.093593 0.094243 0.094862 0.095483 0.096127 0.096814 0.097563 0.098386 0.099287 0.100266 0.101326 0.102465 0.103684 0.104983 0.106362 0.107822 0.109365 0.110992 0.112709 0.114517 0.116423 0.118433 0.120552 0.122788 0.125149 0.127641 0.130270 0.133041 0.135951 0.138997 0.142174 0.145473 0.148888 0.152411 0.156034 0.159754 0.163562 0.167447 0.171388 0.175370 0.179378 0.183402 0.187435
0.106299 0.101829 0.098614 0.096254 0.094482 0.093117 0.092040 0.091170 0.090450 0.089842 0.089319 0.088861 0.088456 0.088101 0.087794 0.087530 0.087304 0.087111 0.086947 0.086809 0.086696 0.086607 0.086545 0.086511 0.086508 0.086538 0.086604 0.086710 0.086859 0.087055 0.087302 0.087606 0.087970 0.088400 0.088901 0.089478 0.090134 0.090873 0.091696 0.092606 0.093607 0.094701 0.095893 0.097182 0.098569 0.100050 0.101620 0.103276 0.105008 0.106813
0.092126 0.092070 0.091325 0.090162 0.088752 0.087199 0.085564 0.083882 0.082173 0.080444 0.078696 0.076931 0.075147 0.073348 0.071541 0.069734 0.067930 0.066130 0.064336 0.062559 0.060815 0.059114 0.057466 0.055874 0.054342 0.052871 0.051460 0.050111 0.048823 0.047595 0.046428 0.045323 0.044278 0.043297 0.042378 0.041524 0.040736 0.040016 0.039364 0.038802 0.038356 0.038030 0.037819 0.037715 0.037710 0.037799 0.037973 0.038229 0.038560 0.038962
0.097638 0.092767 0.088528 0.084678 0.081057 0.077559 0.074111 0.070667 0.067197 0.063684 0.060123 0.056533 0.052944 0.049382 0.045865 0.042404 0.039006 0.035676 0.032487 0.029546 0.026863 0.024415 0.022171 0.020102 0.018184 0.016397 0.014725 0.013156 0.011678 0.010283 0.008964 0.007714 0.006529 0.005405 0.004339 0.003328 0.002369 0.001463 0.000635 0.000232 0.000085 0.000031 0.000011 0.000004 0.000002 0.000001 0.000000 0.000000 0.000000 0.000000
0.079921 0.077126 0.073476 0.069213 0.064496 0.059423 0.054066 0.048497 0.042806 0.037065 0.031436 0.026188 0.021381 0.016978 0.012926 0.009168 0.005660 0.002465 0.000902 0.000330 0.000121 0.000044 0.000016 0.000006 0.000002 0.000001 0.000000 0.000000 0.000000 0.000000 0.000000 0.000000 0.000000 0.000000 0.000000 0.000000 0.000000 0.000000 0.000000 0.000000 0.000000 0.000000 0.000000 0.000000 0.000000 0.000000 0.000000 0.000000 0.000000 0.000000
0.091732 0.080655 0.070184 0.060074 0.050161 0.040358 0.030737 0.021744 0.013565 0.006208 0.002272 0.000832 0.000304 0.000111 0.000041 0.000015 0.000005 0.000002 0.000001 0.000000 0.000000 0.000000 0.000000 0.000000 0.000000 0.000000 0.000000 0.000000 0.000000 0.000000 0.000000 0.000000 0.000000 0.000000 0.000000 0.000000 0.000000 0.000000 0.000000 0.000000 0.000000 0.000000 0.000000 0.000000 0.000000 0.000000 0.000000 0.000000 0.000000 0.000000
0.081496 0.068760 0.055470 0.041842 0.028089 0.014904 0.005544 0.002029 0.000743 0.000272 0.000100 0.000036 0.000013 0.000005 0.000002 0.000001 0.000000 0.000000 0.000000 0.000000 0.000000 0.000000 0.000000 0.000000 0.000000 0.000000 0.000000 0.000000 0.000000 0.000000 0.000000 0.000000 0.000000 0.000000 0.000000 0.000000 0.000000 0.000000 0.000000 0.000000 0.000000 0.000000 0.000000 0.000000 0.000000 0.000000 0.000000 0.000000 0.000000 0.000000
0.089370 0.067050 0.046065 0.026186 0.010218 0.003740 0.001369 0.000501 0.000183 0.000067 0.000025 0.000009 0.000003 0.000001 0.000000 0.000000 0.000000 0.000000 0.000000 0.000000 0.000000 0.000000 0.000000 0.000000 0.000000 0.000000 0.000000 0.000000 0.000000 0.000000 0.000000 0.000000 0.000000 0.000000 0.000000 0.000000 0.000000 0.000000 0.000000 0.000000 0.000000 0.000000 0.000000 0.000000 0.000000 0.000000 0.000000 0.000000 0.000000 0.000000
0.055512 0.038405 0.019691 0.007209 0.002639 0.000966 0.000354 0.000129 0.000047 0.000017 0.000006 0.000002 0.000001 0.000000 0.000000 0.000000 0.000000 0.000000 0.000000 0.000000 0.000000 0.000000 0.000000 0.000000 0.000000 0.000000 0.000000 0.000000 0.000000 0.000000 0.000000 0.000000 0.000000 0.000000 0.000000 0.000000 0.000000 0.000000 0.000000 0.000000 0.000000 0.000000 0.000000 0.000000 0.000000 0.000000 0.000000 0.000000 0.000000 0.000000
0.086614 0.056143 0.027084 0.009914 0.003629 0.001328 0.000486 0.000178 0.000065 0.000024 0.000009 0.000003 0.000001 0.000000 0.000000 0.000000 0.000000 0.000000 0.000000 0.000000 0.000000 0.000000 0.000000 0.000000 0.000000 0.000000 0.000000 0.000000 0.000000 0.000000 0.000000 0.000000 0.000000 0.000000 0.000000 0.000000 0.000000 0.000000 0.000000 0.000000 0.000000 0.000000 0.000000 0.000000 0.000000 0.000000 0.000000 0.000000 0.000000 0.000000
0.071654 0.043024 0.017250 0.006314 0.002311 0.000846 0.000310 0.000113 0.000041 0.000015 0.000006 0.000002 0.000001 0.000000 0.000000 0.000000 0.000000 0.000000 0.000000 0.000000 0.000000 0.000000 0.000000 0.000000 0.000000 0.000000 0.000000 0.000000 0.000000 0.000000 0.000000 0.000000 0.000000 0.000000 0.000000 0.000000 0.000000 0.000000 0.000000 0.000000 0.000000 0.000000 0.000000 0.000000 0.000000 0.000000 0.000000 0.000000 0.000000 0.000000
0.076772 0.042708 0.016134 0.005905 0.002162 0.000791 0.000290 0.000106 0.000039 0.000014 0.000005 0.000002 0.000001 0.000000 0.000000 0.000000 0.000000 0.000000 0.000000 0.000000 0.000000 0.000000 0.000000 0.000000 0.000000 0.000000 0.000000 0.000000 0.000000 0.000000 0.000000 0.000000 0.000000 0.000000 0.000000 0.000000 0.000000 0.000000 0.000000 0.000000 0.000000 0.000000 0.000000 0.000000 0.000000 0.000000 0.000000 0.000000 0.000000 0.000000
0.068898 0.034475 0.012619 0.004619 0.001691 0.000619 0.000227 0.000083 0.000030 0.000011 0.000004 0.000001 0.000001 0.000000 0.000000 0.000000 0.000000 0.000000 0.000000 0.000000 0.000000 0.000000 0.000000 0.000000 0.000000 0.000000 0.000000 0.000000 0.000000 0.000000 0.000000 0.000000 0.000000 0.000000 0.000000 0.000000 0.000000 0.000000 0.000000 0.000000 0.000000 0.000000 0.000000 0.000000 0.000000 0.000000 0.000000 0.000000 0.000000 0.000000
0.074016 0.037016 0.013549 0.004959 0.001815 0.000664 0.000243 0.000089 0.000033 0.000012 0.000004 0.000002 0.000001 0.000000 0.000000 0.000000 0.000000 0.000000 0.000000 0.000000 0.000000 0.000000 0.000000 0.000000 0.000000 0.000000 0.000000 0.000000 0.000000 0.000000 0.000000 0.000000 0.000000 0.000000 0.000000 0.000000 0.000000 0.000000 0.000000 0.000000 0.000000 0.000000 0.000000 0.000000 0.000000 0.000000 0.000000 0.000000 0.000000 0.000000
0.084252 0.043041 0.015784 0.005777 0.002115 0.000774 0.000283 0.000104 0.000038 0.000014 0.000005 0.000002 0.000001 0.000000 0.000000 0.000000 0.000000 0.000000 0.000000 0.000000 0.000000 0.000000 0.000000 0.000000 0.000000 0.000000 0.000000 0.000000 0.000000 0.000000 0.000000 0.000000 0.000000 0.000000 0.000000 0.000000 0.000000 0.000000 0.000000 0.000000 0.000000 0.000000 0.000000 0.000000 0.000000 0.000000 0.000000 0.000000 0.000000 0.000000
0.068898 0.031356 0.011477 0.004201 0.001538 0.000563 0.000206 0.000075 0.000028 0.000010 0.000004 0.000001 0.000000 0.000000 0.000000 0.000000 0.000000 0.000000 0.000000 0.000000 0.000000 0.000000 0.000000 0.000000 0.000000 0.000000 0.000000 0.000000 0.000000 0.000000 0.000000 0.000000 0.000000 0.000000 0.000000 0.000000 0.000000 0.000000 0.000000 0.000000 0.000000 0.000000 0.000000 0.000000 0.000000 0.000000 0.000000 0.000000 0.000000 0.000000
0.074409 0.034862 0.012761 0.004671 0.001710 0.000626 0.000229 0.000084 0.000031 0.000011 0.000004 0.000002 0.000001 0.000000 0.000000 0.000000 0.000000 0.000000 0.000000 0.000000 0.000000 0.000000 0.000000 0.000000 0.000000 0.000000 0.000000 0.000000 0.000000 0.000000 0.000000 0.000000 0.000000 0.000000 0.000000 0.000000 0.000000 0.000000 0.000000 0.000000 0.000000 0.000000 0.000000 0.000000 0.000000 0.000000 0.000000 0.000000 0.000000 0.000000
0.092520 0.047402 0.017394 0.006367 0.002330 0.000853 0.000312 0.000114 0.000042 0.000015 0.000006 0.000002 0.000001 0.000000 0.000000 0.000000 0.000000 0.000000 0.000000 0.000000 0.000000 0.000000 0.000000 0.000000 0.000000 0.000000 0.000000 0.000000 0.000000 0.000000 0.000000 0.000000 0.000000 0.000000 0.000000 0.000000 0.000000 0.000000 0.000000 0.000000 0.000000 0.000000 0.000000 0.000000 0.000000 0.000000 0.000000 0.000000 0.000000 0.000000
0.074016 0.033214 0.012157 0.004450 0.001629 0.000596 0.000218 0.000080 0.000029 0.000011 0.000004 0.000001 0.000001 0.000000 0.000000 0.000000 0.000000 0.000000 0.000000 0.000000 0.000000 0.000000 0.000000 0.000000 0.000000 0.000000 0.000000 0.000000 0.000000 0.000000 0.000000 0.000000 0.000000 0.000000 0.000000 0.000000 0.000000 0.000000 0.000000 0.000000 0.000000 0.000000 0.000000 0.000000 0.000000 0.000000 0.000000 0.000000 0.000000 0.000000
0.056693 0.022859 0.008367 0.003063 0.001121 0.000410 0.000150 0.000055 0.000020 0.000007 0.000003 0.000001 0.000000 0.000000 0.000000 0.000000 0.000000 0.000000 0.000000 0.000000 0.000000 0.000000 0.000000 0.000000 0.000000 0.000000 0.000000 0.000000 0.000000 0.000000 0.000000 0.000000 0.000000 0.000000 0.000000 0.000000 0.000000 0.000000 0.000000 0.000000 0.000000 0.000000 0.000000 0.000000 0.000000 0.000000 0.000000 0.000000 0.000000 0.000000
0.090551 0.043412 0.015890 0.005816 0.002129 0.000779 0.000285 0.000104 0.000038 0.000014 0.000005 0.000002 0.000001 0.000000 0.000000 0.000000 0.000000 0.000000 0.000000 0.000000 0.000000 0.000000 0.000000 0.000000 0.000000 0.000000 0.000000 0.000000 0.000000 0.000000 0.000000 0.000000 0.000000 0.000000 0.000000 0.000000 0.000000 0.000000 0.000000 0.000000 0.000000 0.000000 0.000000 0.000000 0.000000 0.000000 0.000000 0.000000 0.000000 0.000000
0.075197 0.034509 0.012631 0.004624 0.001692 0.000619 0.000227 0.000083 0.000030 0.000011 0.000004 0.000001 0.000001 0.000000 0.000000 0.000000 0.000000 0.000000 0.000000 0.000000 0.000000 0.000000 0.000000 0.000000 0.000000 0.000000 0.000000 0.000000 0.000000 0.000000 0.000000 0.000000 0.000000 0.000000 0.000000 0.000000 0.000000 0.000000 0.000000 0.000000 0.000000 0.000000 0.000000 0.000000 0.000000 0.000000 0.000000 0.000000 0.000000 0.000000
0.075197 0.034363 0.012578 0.004604 0.001685 0.000617 0.000226 0.000083 0.000030 0.000011 0.000004 0.000001 0.000001 0.000000 0.000000 0.000000 0.000000 0.000000 0.000000 0.000000 0.000000 0.000000 0.000000 0.000000 0.000000 0.000000 0.000000 0.000000 0.000000 0.000000 0.000000 0.000000 0.000000 0.000000 0.000000 0.000000 0.000000 0.000000 0.000000 0.000000 0.000000 0.000000 0.000000 0.000000 0.000000 0.000000 0.000000 0.000000 0.000000 0.000000
0.090551 0.044931 0.016446 0.006020 0.002203 0.000807 0.000295 0.000108 0.000040 0.000014 0.000005 0.000002 0.000001 0.000000 0.000000 0.000000 0.000000 0.000000 0.000000 0.000000 0.000000 0.000000 0.000000 0.000000 0.000000 0.000000 0.000000 0.000000 0.000000 0.000000 0.000000 0.000000 0.000000 0.000000 0.000000 0.000000 0.000000 0.000000 0.000000 0.000000 0.000000 0.000000 0.000000 0.000000 0.000000 0.000000 0.000000 0.000000 0.000000 0.000000
0.075591 0.035575 0.013022 0.004766 0.001745 0.000639 0.000234 0.000086 0.000031 0.000011 0.000004 0.000002 0.000001 0.000000 0.000000 0.000000 0.000000 0.000000 0.000000 0.000000 0.000000 0.000000 0.000000 0.000000 0.000000 0.000000 0.000000 0.000000 0.000000 0.000000 0.000000 0.000000 0.000000 0.000000 0.000000 0.000000 0.000000 0.000000 0.000000 0.000000 0.000000 0.000000 0.000000 0.000000 0.000000 0.000000 0.000000 0.000000 0.000000 0.000000
0.090945 0.044170 0.016168 0.005918 0.002166 0.000793 0.000290 0.000106 0.000039 0.000014 0.000005 0.000002 0.000001 0.000000 0.000000 0.000000 0.000000 0.000000 0.000000 0.000000 0.000000 0.000000 0.000000 0.000000 0.000000 0.000000 0.000000 0.000000 0.000000 0.000000 0.000000 0.000000 0.000000 0.000000 0.000000 0.000000 0.000000 0.000000 0.000000 0.000000 0.000000 0.000000 0.000000 0.000000 0.000000 0.000000 0.000000 0.000000 0.000000 0.000000
0.058268 0.024036 0.008798 0.003220 0.001179 0.000431 0.000158 0.000058 0.000021 0.000008 0.000003 0.000001 0.000000 0.000000 0.000000 0.000000 0.000000 0.000000 0.000000 0.000000 0.000000 0.000000 0.000000 0.000000 0.000000 0.000000 0.000000 0.000000 0.000000 0.000000 0.000000 0.000000 0.000000 0.000000 0.000000 0.000000 0.000000 0.000000 0.000000 0.000000 0.000000 0.000000 0.000000 0.000000 0.000000 0.000000 0.000000 0.000000 0.000000 0.000000
0.085827 0.040730 0.014908 0.005457 0.001997 0.000731 0.000268 0.000098 0.000036 0.000013 0.000005 0.000002 0.000001 0.000000 0.000000 0.000000 0.000000 0.000000 0.000000 0.000000 0.000000 0.000000 0.000000 0.000000 0.000000 0.000000 0.000000 0.000000 0.000000 0.000000 0.000000 0.000000 0.000000 0.000000 0.000000 0.000000 0.000000 0.000000 0.000000 0.000000 0.000000 0.000000 0.000000 0.000000 0.000000 0.000000 0.000000 0.000000 0.000000 0.000000
0.086614 0.040776 0.014925 0.005463 0.002000 0.000732 0.000268 0.000098 0.000036 0.000013 0.000005 0.000002 0.000001 0.000000 0.000000 0.000000 0.000000 0.000000 0.000000 0.000000 0.000000 0.000000 0.000000 0.000000 0.000000 0.000000 0.000000 0.000000 0.000000 0.000000 0.000000 0.000000 0.000000 0.000000 0.000000 0.000000 0.000000 0.000000 0.000000 0.000000 0.000000 0.000000 0.000000 0.000000 0.000000 0.000000 0.000000 0.000000 0.000000 0.000000
0.047244 0.018109 0.006629 0.002426 0.000888 0.000325 0.000119 0.000044 0.000016 0.000006 0.000002 0.000001 0.000000 0.000000 0.000000 0.000000 0.000000 0.000000 0.000000 0.000000 0.000000 0.000000 0.000000 0.000000 0.000000 0.000000 0.000000 0.000000 0.000000 0.000000 0.000000 0.000000 0.000000 0.000000 0.000000 0.000000 0.000000 0.000000 0.000000 0.000000 0.000000 0.000000 0.000000 0.000000 0.000000 0.000000 0.000000 0.000000 0.000000 0.000000
0.072835 0.030764 0.011260 0.004122 0.001509 0.000552 0.000202 0.000074 0.000027 0.000010 0.000004 0.000001 0.000000 0.000000 0.000000 0.000000 0.000000 0.000000 0.000000 0.000000 0.000000 0.000000 0.000000 0.000000 0.000000 0.000000 0.000000 0.000000 0.000000 0.000000 0.000000 0.000000 0.000000 0.000000 0.000000 0.000000 0.000000 0.000000 0.000000 0.000000 0.000000 0.000000 0.000000 0.000000 0.000000 0.000000 0.000000 0.000000 0.000000 0.000000
